     #Energy           s          py          pz          px         dxy         dyz         dz2         dxz         dx2       tot  
   -18.19910     0.00000     0.00000     0.00000     0.00000     0.00000     0.00000     0.00000     0.00000     0.00000     0.00000
   -18.10110     0.00000     0.00000     0.00000     0.00000     0.00000     0.00000     0.00000     0.00000     0.00000     0.00000
   -18.00310     0.00000     0.00000     0.00000     0.00000     0.00000     0.00000     0.00000     0.00000     0.00000     0.00000
   -17.90510     0.00000     0.00000     0.00000     0.00000     0.00000     0.00000     0.00000     0.00000     0.00000     0.00000
   -17.80710     0.00000     0.00000     0.00000     0.00000     0.00000     0.00000     0.00000     0.00000     0.00000     0.00000
   -17.70910     0.00000     0.00000     0.00000     0.00000     0.00000     0.00000     0.00000     0.00000     0.00000     0.00000
   -17.61010     0.00000     0.00000     0.00000     0.00000     0.00000     0.00000     0.00000     0.00000     0.00000     0.00000
   -17.51210     0.00000     0.00000     0.00000     0.00000     0.00000     0.00000     0.00000     0.00000     0.00000     0.00000
   -17.41410     0.00000     0.00000     0.00000     0.00000     0.00000     0.00000     0.00000     0.00000     0.00000     0.00000
   -17.31610     0.00000     0.00000     0.00000     0.00000     0.00000     0.00000     0.00000     0.00000     0.00000     0.00000
   -17.21810     0.00000     0.00000     0.00000     0.00000     0.00000     0.00000     0.00000     0.00000     0.00000     0.00000
   -17.12010     0.00000     0.00000     0.00000     0.00000     0.00000     0.00000     0.00000     0.00000     0.00000     0.00000
   -17.02210     0.00000     0.00000     0.00000     0.00000     0.00000     0.00000     0.00000     0.00000     0.00000     0.00000
   -16.92410     0.00000     0.00000     0.00000     0.00000     0.00000     0.00000     0.00000     0.00000     0.00000     0.00000
   -16.82610     0.00000     0.00000     0.00000     0.00000     0.00000     0.00000     0.00000     0.00000     0.00000     0.00000
   -16.72710     0.00000     0.00000     0.00000     0.00000     0.00000     0.00000     0.00000     0.00000     0.00000     0.00000
   -16.62910     0.00000     0.00000     0.00000     0.00000     0.00000     0.00000     0.00000     0.00000     0.00000     0.00000
   -16.53110     0.00000     0.00000     0.00000     0.00000     0.00000     0.00000     0.00000     0.00000     0.00000     0.00000
   -16.43310     0.00000     0.00000     0.00000     0.00000     0.00000     0.00000     0.00000     0.00000     0.00000     0.00000
   -16.33510     0.00000     0.00000     0.00000     0.00000     0.00000     0.00000     0.00000     0.00000     0.00000     0.00000
   -16.23710     0.00000     0.00000     0.00000     0.00000     0.00000     0.00000     0.00000     0.00000     0.00000     0.00000
   -16.13910     0.00000     0.00000     0.00000     0.00000     0.00000     0.00000     0.00000     0.00000     0.00000     0.00000
   -16.04110     0.00000     0.00000     0.00000     0.00000     0.00000     0.00000     0.00000     0.00000     0.00000     0.00000
   -15.94310     0.00000     0.00000     0.00000     0.00000     0.00000     0.00000     0.00000     0.00000     0.00000     0.00000
   -15.84410     0.00000     0.00000     0.00000     0.00000     0.00000     0.00000     0.00000     0.00000     0.00000     0.00000
   -15.74610    -0.00123    -0.00005    -0.00004    -0.00005     0.00000     0.00000     0.00000     0.00000     0.00000    -0.00136
   -15.64810    -0.00872    -0.00036    -0.00028    -0.00034     0.00000     0.00000     0.00000     0.00000     0.00000    -0.00970
   -15.55010    -0.21824    -0.00940    -0.00709    -0.00865     0.00000     0.00000     0.00000     0.00000     0.00000    -0.24338
   -15.45210    -0.16081    -0.00706    -0.00529    -0.00641     0.00000     0.00000     0.00000     0.00000     0.00000    -0.17957
   -15.35410     0.00000     0.00000     0.00000     0.00000     0.00000     0.00000     0.00000     0.00000     0.00000     0.00000
   -15.25610    -0.00158    -0.00007    -0.00005    -0.00006     0.00000     0.00000     0.00000     0.00000     0.00000    -0.00177
   -15.15810    -0.00181    -0.00009    -0.00007    -0.00007     0.00000     0.00000     0.00000     0.00000     0.00000    -0.00203
   -15.06010    -0.00283    -0.00010    -0.00010    -0.00010     0.00000     0.00000     0.00000     0.00000     0.00000    -0.00312
   -14.96110    -0.00204    -0.00008    -0.00007    -0.00007     0.00000     0.00000     0.00000     0.00000     0.00000    -0.00227
   -14.86310     0.00000     0.00000     0.00000     0.00000     0.00000     0.00000     0.00000     0.00000     0.00000     0.00000
   -14.76510     0.00000     0.00000     0.00000     0.00000     0.00000     0.00000     0.00000     0.00000     0.00000     0.00000
   -14.66710     0.00000     0.00000     0.00000     0.00000     0.00000     0.00000     0.00000     0.00000     0.00000     0.00000
   -14.56910     0.00000     0.00000     0.00000     0.00000     0.00000     0.00000     0.00000     0.00000     0.00000     0.00000
   -14.47110     0.00000     0.00000     0.00000     0.00000     0.00000     0.00000     0.00000     0.00000     0.00000     0.00000
   -14.37310     0.00000     0.00000     0.00000     0.00000     0.00000     0.00000     0.00000     0.00000     0.00000     0.00000
   -14.27510     0.00000     0.00000     0.00000     0.00000     0.00000     0.00000     0.00000     0.00000     0.00000     0.00000
   -14.17710     0.00000     0.00000     0.00000     0.00000     0.00000     0.00000     0.00000     0.00000     0.00000     0.00000
   -14.07910     0.00000     0.00000     0.00000     0.00000     0.00000     0.00000     0.00000     0.00000     0.00000     0.00000
   -13.98010     0.00000     0.00000     0.00000     0.00000     0.00000     0.00000     0.00000     0.00000     0.00000     0.00000
   -13.88210     0.00000     0.00000     0.00000     0.00000     0.00000     0.00000     0.00000     0.00000     0.00000     0.00000
   -13.78410     0.00000     0.00000     0.00000     0.00000     0.00000     0.00000     0.00000     0.00000     0.00000     0.00000
   -13.68610     0.00000     0.00000     0.00000     0.00000     0.00000     0.00000     0.00000     0.00000     0.00000     0.00000
   -13.58810     0.00000     0.00000     0.00000     0.00000     0.00000     0.00000     0.00000     0.00000     0.00000     0.00000
   -13.49010     0.00000     0.00000     0.00000     0.00000     0.00000     0.00000     0.00000     0.00000     0.00000     0.00000
   -13.39210     0.00000     0.00000     0.00000     0.00000     0.00000     0.00000     0.00000     0.00000     0.00000     0.00000
   -13.29410     0.00000     0.00000     0.00000     0.00000     0.00000     0.00000     0.00000     0.00000     0.00000     0.00000
   -13.19610     0.00000     0.00000     0.00000     0.00000     0.00000     0.00000     0.00000     0.00000     0.00000     0.00000
   -13.09710     0.00000     0.00000     0.00000     0.00000     0.00000     0.00000     0.00000     0.00000     0.00000     0.00000
   -12.99910     0.00000     0.00000     0.00000     0.00000     0.00000     0.00000     0.00000     0.00000     0.00000     0.00000
   -12.90110     0.00000     0.00000     0.00000     0.00000     0.00000     0.00000     0.00000     0.00000     0.00000     0.00000
   -12.80310     0.00000     0.00000     0.00000     0.00000     0.00000     0.00000     0.00000     0.00000     0.00000     0.00000
   -12.70510     0.00000     0.00000     0.00000     0.00000     0.00000     0.00000     0.00000     0.00000     0.00000     0.00000
   -12.60710     0.00000     0.00000     0.00000     0.00000     0.00000     0.00000     0.00000     0.00000     0.00000     0.00000
   -12.50910     0.00000     0.00000     0.00000     0.00000     0.00000     0.00000     0.00000     0.00000     0.00000     0.00000
   -12.41110     0.00000     0.00000     0.00000     0.00000     0.00000     0.00000     0.00000     0.00000     0.00000     0.00000
   -12.31310     0.00000     0.00000     0.00000     0.00000     0.00000     0.00000     0.00000     0.00000     0.00000     0.00000
   -12.21410     0.00000     0.00000     0.00000     0.00000     0.00000     0.00000     0.00000     0.00000     0.00000     0.00000
   -12.11610     0.00000     0.00000     0.00000     0.00000     0.00000     0.00000     0.00000     0.00000     0.00000     0.00000
   -12.01810     0.00000     0.00000     0.00000     0.00000     0.00000     0.00000     0.00000     0.00000     0.00000     0.00000
   -11.92010     0.00000     0.00000     0.00000     0.00000     0.00000     0.00000     0.00000     0.00000     0.00000     0.00000
   -11.82210     0.00000     0.00000     0.00000     0.00000     0.00000     0.00000     0.00000     0.00000     0.00000     0.00000
   -11.72410     0.00000     0.00000     0.00000     0.00000     0.00000     0.00000     0.00000     0.00000     0.00000     0.00000
   -11.62610     0.00000     0.00000     0.00000     0.00000     0.00000     0.00000     0.00000     0.00000     0.00000     0.00000
   -11.52810     0.00000     0.00000     0.00000     0.00000     0.00000     0.00000     0.00000     0.00000     0.00000     0.00000
   -11.43010     0.00000     0.00000     0.00000     0.00000     0.00000     0.00000     0.00000     0.00000     0.00000     0.00000
   -11.33110     0.00000     0.00000     0.00000     0.00000     0.00000     0.00000     0.00000     0.00000     0.00000     0.00000
   -11.23310     0.00000     0.00000     0.00000     0.00000     0.00000     0.00000     0.00000     0.00000     0.00000     0.00000
   -11.13510     0.00000     0.00000     0.00000     0.00000     0.00000     0.00000     0.00000     0.00000     0.00000     0.00000
   -11.03710     0.00000     0.00000     0.00000     0.00000     0.00000     0.00000     0.00000     0.00000     0.00000     0.00000
   -10.93910     0.00000     0.00000     0.00000     0.00000     0.00000     0.00000     0.00000     0.00000     0.00000     0.00000
   -10.84110     0.00000     0.00000     0.00000     0.00000     0.00000     0.00000     0.00000     0.00000     0.00000     0.00000
   -10.74310     0.00000     0.00000     0.00000     0.00000     0.00000     0.00000     0.00000     0.00000     0.00000     0.00000
   -10.64510     0.00000     0.00000     0.00000     0.00000     0.00000     0.00000     0.00000     0.00000     0.00000     0.00000
   -10.54710     0.00000     0.00000     0.00000     0.00000     0.00000     0.00000     0.00000     0.00000     0.00000     0.00000
   -10.44810     0.00000     0.00000     0.00000     0.00000     0.00000     0.00000     0.00000     0.00000     0.00000     0.00000
   -10.35010     0.00000     0.00000     0.00000     0.00000     0.00000     0.00000     0.00000     0.00000     0.00000     0.00000
   -10.25210     0.00000     0.00000     0.00000     0.00000     0.00000     0.00000     0.00000     0.00000     0.00000     0.00000
   -10.15410     0.00000     0.00000     0.00000     0.00000     0.00000     0.00000     0.00000     0.00000     0.00000     0.00000
   -10.05610     0.00000     0.00000     0.00000     0.00000     0.00000     0.00000     0.00000     0.00000     0.00000     0.00000
    -9.95810     0.00000     0.00000     0.00000     0.00000     0.00000     0.00000     0.00000     0.00000     0.00000     0.00000
    -9.86010     0.00000     0.00000     0.00000     0.00000     0.00000     0.00000     0.00000     0.00000     0.00000     0.00000
    -9.76210     0.00000     0.00000     0.00000     0.00000     0.00000     0.00000     0.00000     0.00000     0.00000     0.00000
    -9.66410     0.00000     0.00000     0.00000     0.00000     0.00000     0.00000     0.00000     0.00000     0.00000     0.00000
    -9.56610     0.00000     0.00000     0.00000     0.00000     0.00000     0.00000     0.00000     0.00000     0.00000     0.00000
    -9.46710     0.00000     0.00000     0.00000     0.00000     0.00000     0.00000     0.00000     0.00000     0.00000     0.00000
    -9.36910     0.00000     0.00000     0.00000     0.00000     0.00000     0.00000     0.00000     0.00000     0.00000     0.00000
    -9.27110     0.00000     0.00000     0.00000     0.00000     0.00000     0.00000     0.00000     0.00000     0.00000     0.00000
    -9.17310     0.00000     0.00000     0.00000     0.00000     0.00000     0.00000     0.00000     0.00000     0.00000     0.00000
    -9.07510     0.00000     0.00000     0.00000     0.00000     0.00000     0.00000     0.00000     0.00000     0.00000     0.00000
    -8.97710     0.00000     0.00000     0.00000     0.00000     0.00000     0.00000     0.00000     0.00000     0.00000     0.00000
    -8.87910     0.00000     0.00000     0.00000     0.00000     0.00000     0.00000     0.00000     0.00000     0.00000     0.00000
    -8.78110     0.00000     0.00000     0.00000     0.00000     0.00000     0.00000     0.00000     0.00000     0.00000     0.00000
    -8.68310     0.00000     0.00000     0.00000     0.00000     0.00000     0.00000     0.00000     0.00000     0.00000     0.00000
    -8.58410     0.00000     0.00000     0.00000     0.00000     0.00000     0.00000     0.00000     0.00000     0.00000     0.00000
    -8.48610     0.00000     0.00000     0.00000     0.00000     0.00000     0.00000     0.00000     0.00000     0.00000     0.00000
    -8.38810     0.00000     0.00000     0.00000     0.00000     0.00000     0.00000     0.00000     0.00000     0.00000     0.00000
    -8.29010     0.00000     0.00000     0.00000     0.00000     0.00000     0.00000     0.00000     0.00000     0.00000     0.00000
    -8.19210     0.00000     0.00000     0.00000     0.00000     0.00000     0.00000     0.00000     0.00000     0.00000     0.00000
    -8.09410     0.00000     0.00000     0.00000     0.00000     0.00000     0.00000     0.00000     0.00000     0.00000     0.00000
    -7.99610     0.00000     0.00000     0.00000     0.00000     0.00000     0.00000     0.00000     0.00000     0.00000     0.00000
    -7.89810     0.00000     0.00000     0.00000     0.00000     0.00000     0.00000     0.00000     0.00000     0.00000     0.00000
    -7.80010     0.00000     0.00000     0.00000     0.00000     0.00000     0.00000     0.00000     0.00000     0.00000     0.00000
    -7.70110     0.00000     0.00000     0.00000     0.00000     0.00000     0.00000     0.00000     0.00000     0.00000     0.00000
    -7.60310     0.00000     0.00000     0.00000     0.00000     0.00000     0.00000     0.00000     0.00000     0.00000     0.00000
    -7.50510     0.00000     0.00000     0.00000     0.00000     0.00000     0.00000     0.00000     0.00000     0.00000     0.00000
    -7.40710     0.00000     0.00000     0.00000     0.00000     0.00000     0.00000     0.00000     0.00000     0.00000     0.00000
    -7.30910     0.00000     0.00000     0.00000     0.00000     0.00000     0.00000     0.00000     0.00000     0.00000     0.00000
    -7.21110     0.00000     0.00000     0.00000     0.00000     0.00000     0.00000     0.00000     0.00000     0.00000     0.00000
    -7.11310     0.00000     0.00000     0.00000     0.00000     0.00000     0.00000     0.00000     0.00000     0.00000     0.00000
    -7.01510     0.00000     0.00000     0.00000     0.00000     0.00000     0.00000     0.00000     0.00000     0.00000     0.00000
    -6.91710     0.00000     0.00000     0.00000     0.00000     0.00000     0.00000     0.00000     0.00000     0.00000     0.00000
    -6.81810     0.00000     0.00000     0.00000     0.00000     0.00000     0.00000     0.00000     0.00000     0.00000     0.00000
    -6.72010     0.00000     0.00000     0.00000     0.00000     0.00000     0.00000     0.00000     0.00000     0.00000     0.00000
    -6.62210     0.00000     0.00000     0.00000     0.00000     0.00000     0.00000     0.00000     0.00000     0.00000     0.00000
    -6.52410     0.00000     0.00000     0.00000     0.00000     0.00000     0.00000     0.00000     0.00000     0.00000     0.00000
    -6.42610     0.00000     0.00000     0.00000     0.00000     0.00000     0.00000     0.00000     0.00000     0.00000     0.00000
    -6.32810     0.00000     0.00000     0.00000     0.00000     0.00000     0.00000     0.00000     0.00000     0.00000     0.00000
    -6.23010     0.00000     0.00000     0.00000     0.00000     0.00000     0.00000     0.00000     0.00000     0.00000     0.00000
    -6.13210     0.00000     0.00000     0.00000     0.00000     0.00000     0.00000     0.00000     0.00000     0.00000     0.00000
    -6.03410     0.00000     0.00000     0.00000     0.00000     0.00000     0.00000     0.00000     0.00000     0.00000     0.00000
    -5.93510     0.00000     0.00000     0.00000     0.00000     0.00000     0.00000     0.00000     0.00000     0.00000     0.00000
    -5.83710     0.00000     0.00000     0.00000     0.00000     0.00000     0.00000     0.00000     0.00000     0.00000     0.00000
    -5.73910     0.00000     0.00000     0.00000     0.00000     0.00000     0.00000     0.00000     0.00000     0.00000     0.00000
    -5.64110     0.00000     0.00000     0.00000     0.00000     0.00000     0.00000     0.00000     0.00000     0.00000     0.00000
    -5.54310     0.00000     0.00000     0.00000     0.00000     0.00000     0.00000     0.00000     0.00000     0.00000     0.00000
    -5.44510     0.00000     0.00000     0.00000     0.00000     0.00000     0.00000     0.00000     0.00000     0.00000     0.00000
    -5.34710     0.00000     0.00000     0.00000     0.00000     0.00000     0.00000     0.00000     0.00000     0.00000     0.00000
    -5.24910    -0.00296    -0.00011    -0.00011    -0.00012     0.00000     0.00000     0.00000     0.00000     0.00000    -0.00331
    -5.15110    -0.00252    -0.00018    -0.00017    -0.00019     0.00000     0.00000     0.00000     0.00000     0.00000    -0.00306
    -5.05310     0.00000     0.00000     0.00000     0.00000     0.00000     0.00000     0.00000     0.00000     0.00000     0.00000
    -4.95410     0.00000     0.00000     0.00000     0.00000     0.00000     0.00000     0.00000     0.00000     0.00000     0.00000
    -4.85610    -0.17368    -0.00323    -0.00583    -0.00280     0.00000     0.00000     0.00000     0.00000     0.00000    -0.18554
    -4.75810     0.00000     0.00000     0.00000     0.00000     0.00000     0.00000     0.00000     0.00000     0.00000     0.00000
    -4.66010     0.00000     0.00000     0.00000     0.00000     0.00000     0.00000     0.00000     0.00000     0.00000     0.00000
    -4.56210    -2.90757    -0.05410    -0.01857    -0.05436     0.00000     0.00000     0.00000     0.00000     0.00000    -3.03460
    -4.46410    -0.03526    -0.00084    -0.00046    -0.00079     0.00000     0.00000     0.00000     0.00000     0.00000    -0.03734
    -4.36610    -0.03076    -0.00100    -0.00081    -0.00083     0.00000     0.00000     0.00000     0.00000     0.00000    -0.03340
    -4.26810    -0.06112    -0.00150    -0.00132    -0.00123     0.00000     0.00000     0.00000     0.00000     0.00000    -0.06516
    -4.17010    -5.58478    -0.09704    -0.11776    -0.08501     0.00000     0.00000     0.00000     0.00000     0.00000    -5.88459
    -4.07110    -1.63122    -0.02704    -0.02009    -0.02568     0.00000     0.00000     0.00000     0.00000     0.00000    -1.70403
    -3.97310    -0.09770    -0.00185    -0.00186    -0.00191     0.00000     0.00000     0.00000     0.00000     0.00000    -0.10332
    -3.87510    -0.03546    -0.00069    -0.00093    -0.00087     0.00000     0.00000     0.00000     0.00000     0.00000    -0.03795
    -3.77710    -0.04689    -0.00081    -0.00107    -0.00128     0.00000     0.00000     0.00000     0.00000     0.00000    -0.05004
    -3.67910    -0.13665    -0.00194    -0.00201    -0.00185     0.00000     0.00000     0.00000     0.00000     0.00000    -0.14244
    -3.58110    -0.22995    -0.00322    -0.00318    -0.00276     0.00000     0.00000     0.00000     0.00000     0.00000    -0.23910
    -3.48310    -0.04677    -0.00213    -0.00305    -0.00235     0.00000     0.00000     0.00000     0.00000     0.00000    -0.05431
    -3.38510    -0.04961    -0.00310    -0.00416    -0.00337     0.00000     0.00000     0.00000     0.00000     0.00000    -0.06024
    -3.28710    -0.00324    -0.00163    -0.00238    -0.00191     0.00000     0.00000     0.00000     0.00000     0.00000    -0.00916
    -3.18810    -0.10568    -0.00188    -0.00276    -0.00139     0.00000     0.00000     0.00000     0.00000     0.00000    -0.11171
    -3.09010    -0.66659    -0.00705    -0.00933    -0.00679     0.00000     0.00000     0.00000     0.00000     0.00000    -0.68976
    -2.99210    -0.38631    -0.00491    -0.00568    -0.00437     0.00000     0.00000     0.00000     0.00000     0.00000    -0.40126
    -2.89410    -0.18804    -0.00387    -0.00272    -0.00308     0.00000     0.00000     0.00000     0.00000     0.00000    -0.19771
    -2.79610    -0.04119    -0.00190    -0.00112    -0.00187     0.00000     0.00000     0.00000     0.00000     0.00000    -0.04608
    -2.69810     0.00000     0.00000     0.00000     0.00000     0.00000     0.00000     0.00000     0.00000     0.00000     0.00000
    -2.60010    -0.00850    -0.00157    -0.00237    -0.00210     0.00000     0.00000     0.00000     0.00000     0.00000    -0.01454
    -2.50210    -0.00302    -0.00276    -0.00499    -0.00359     0.00000     0.00000     0.00000     0.00000     0.00000    -0.01435
    -2.40410    -0.00358    -0.00172    -0.00306    -0.00218     0.00000     0.00000     0.00000     0.00000     0.00000    -0.01054
    -2.30510    -0.00667    -0.00070    -0.00089    -0.00093     0.00000     0.00000     0.00000     0.00000     0.00000    -0.00919
    -2.20710    -0.00230    -0.00011    -0.00023    -0.00018     0.00000     0.00000     0.00000     0.00000     0.00000    -0.00283
    -2.10910    -0.00459    -0.00048    -0.00050    -0.00051     0.00000     0.00000     0.00000     0.00000     0.00000    -0.00608
    -2.01110    -0.00343    -0.00030    -0.00031    -0.00030     0.00000     0.00000     0.00000     0.00000     0.00000    -0.00435
    -1.91310    -0.00129    -0.00022    -0.00027    -0.00030     0.00000     0.00000     0.00000     0.00000     0.00000    -0.00207
    -1.81510    -0.00530    -0.00074    -0.00093    -0.00082     0.00000     0.00000     0.00000     0.00000     0.00000    -0.00779
    -1.71710    -0.00015    -0.00002    -0.00002    -0.00002     0.00000     0.00000     0.00000     0.00000     0.00000    -0.00021
    -1.61910     0.00000     0.00000     0.00000     0.00000     0.00000     0.00000     0.00000     0.00000     0.00000     0.00000
    -1.52110     0.00000     0.00000     0.00000     0.00000     0.00000     0.00000     0.00000     0.00000     0.00000     0.00000
    -1.42210     0.00000     0.00000     0.00000     0.00000     0.00000     0.00000     0.00000     0.00000     0.00000     0.00000
    -1.32410     0.00000     0.00000     0.00000     0.00000     0.00000     0.00000     0.00000     0.00000     0.00000     0.00000
    -1.22610     0.00000     0.00000     0.00000     0.00000     0.00000     0.00000     0.00000     0.00000     0.00000     0.00000
    -1.12810     0.00000     0.00000     0.00000     0.00000     0.00000     0.00000     0.00000     0.00000     0.00000     0.00000
    -1.03010     0.00000     0.00000     0.00000     0.00000     0.00000     0.00000     0.00000     0.00000     0.00000     0.00000
    -0.93210     0.00000     0.00000     0.00000     0.00000     0.00000     0.00000     0.00000     0.00000     0.00000     0.00000
    -0.83410     0.00000     0.00000     0.00000     0.00000     0.00000     0.00000     0.00000     0.00000     0.00000     0.00000
    -0.73610     0.00000     0.00000     0.00000     0.00000     0.00000     0.00000     0.00000     0.00000     0.00000     0.00000
    -0.63810     0.00000     0.00000     0.00000     0.00000     0.00000     0.00000     0.00000     0.00000     0.00000     0.00000
    -0.54010     0.00000     0.00000     0.00000     0.00000     0.00000     0.00000     0.00000     0.00000     0.00000     0.00000
    -0.44110     0.00000     0.00000     0.00000     0.00000     0.00000     0.00000     0.00000     0.00000     0.00000     0.00000
    -0.34310     0.00000     0.00000     0.00000     0.00000     0.00000     0.00000     0.00000     0.00000     0.00000     0.00000
    -0.24510     0.00000     0.00000     0.00000     0.00000     0.00000     0.00000     0.00000     0.00000     0.00000     0.00000
    -0.14710     0.00000     0.00000     0.00000     0.00000     0.00000     0.00000     0.00000     0.00000     0.00000     0.00000
    -0.04910     0.00000     0.00000     0.00000     0.00000     0.00000     0.00000     0.00000     0.00000     0.00000     0.00000
     0.04890     0.00000     0.00000     0.00000     0.00000     0.00000     0.00000     0.00000     0.00000     0.00000     0.00000
     0.14690     0.00000     0.00000     0.00000     0.00000     0.00000     0.00000     0.00000     0.00000     0.00000     0.00000
     0.24490     0.00000     0.00000     0.00000     0.00000     0.00000     0.00000     0.00000     0.00000     0.00000     0.00000
     0.34290     0.00000     0.00000     0.00000     0.00000     0.00000     0.00000     0.00000     0.00000     0.00000     0.00000
     0.44190     0.00000     0.00000     0.00000     0.00000     0.00000     0.00000     0.00000     0.00000     0.00000     0.00000
     0.53990     0.00000     0.00000     0.00000     0.00000     0.00000     0.00000     0.00000     0.00000     0.00000     0.00000
     0.63790     0.00000     0.00000     0.00000     0.00000     0.00000     0.00000     0.00000     0.00000     0.00000     0.00000
     0.73590     0.00000     0.00000     0.00000     0.00000     0.00000     0.00000     0.00000     0.00000     0.00000     0.00000
     0.83390     0.00000     0.00000     0.00000     0.00000     0.00000     0.00000     0.00000     0.00000     0.00000     0.00000
     0.93190     0.00000     0.00000     0.00000     0.00000     0.00000     0.00000     0.00000     0.00000     0.00000     0.00000
     1.02990     0.00000     0.00000     0.00000     0.00000     0.00000     0.00000     0.00000     0.00000     0.00000     0.00000
     1.12790     0.00000     0.00000     0.00000     0.00000     0.00000     0.00000     0.00000     0.00000     0.00000     0.00000
     1.22590     0.00000     0.00000     0.00000     0.00000     0.00000     0.00000     0.00000     0.00000     0.00000     0.00000
     1.32490     0.00000     0.00000     0.00000     0.00000     0.00000     0.00000     0.00000     0.00000     0.00000     0.00000
     1.42290     0.00000     0.00000     0.00000     0.00000     0.00000     0.00000     0.00000     0.00000     0.00000     0.00000
     1.52090     0.00000     0.00000     0.00000     0.00000     0.00000     0.00000     0.00000     0.00000     0.00000     0.00000
     1.61890     0.00000     0.00000     0.00000     0.00000     0.00000     0.00000     0.00000     0.00000     0.00000     0.00000
     1.71690     0.00000     0.00000     0.00000     0.00000     0.00000     0.00000     0.00000     0.00000     0.00000     0.00000
     1.81490     0.00000     0.00000     0.00000     0.00000     0.00000     0.00000     0.00000     0.00000     0.00000     0.00000
     1.91290    -0.00024    -0.00222    -0.00325    -0.00267     0.00000     0.00000     0.00000     0.00000     0.00000    -0.00838
     2.01090    -0.00044    -0.01672    -0.02413    -0.02030     0.00000     0.00000     0.00000     0.00000     0.00000    -0.06159
     2.10890    -0.00033    -0.00394    -0.00515    -0.00445     0.00000     0.00000     0.00000     0.00000     0.00000    -0.01387
     2.20790    -0.00131    -0.00195    -0.00191    -0.00233     0.00000     0.00000     0.00000     0.00000     0.00000    -0.00750
     2.30590    -0.00108    -0.00108    -0.00084    -0.00106     0.00000     0.00000     0.00000     0.00000     0.00000    -0.00405
     2.40390    -0.00127    -0.00068    -0.00102    -0.00088     0.00000     0.00000     0.00000     0.00000     0.00000    -0.00385
     2.50190    -0.00058    -0.00033    -0.00059    -0.00037     0.00000     0.00000     0.00000     0.00000     0.00000    -0.00188
     2.59990    -0.00097    -0.00101    -0.00148    -0.00112     0.00000     0.00000     0.00000     0.00000     0.00000    -0.00459
     2.69790    -0.00151    -0.00208    -0.00254    -0.00200     0.00000     0.00000     0.00000     0.00000     0.00000    -0.00814
     2.79590     0.00000     0.00000     0.00000     0.00000     0.00000     0.00000     0.00000     0.00000     0.00000     0.00000
     2.89390    -0.00076    -0.71570    -1.06543    -0.92235     0.00000     0.00000     0.00000     0.00000     0.00000    -2.70424
     2.99190     0.00000     0.00000     0.00000     0.00000     0.00000     0.00000     0.00000     0.00000     0.00000     0.00000
     3.09090     0.00000     0.00000     0.00000     0.00000     0.00000     0.00000     0.00000     0.00000     0.00000     0.00000
     3.18890     0.00000     0.00000     0.00000     0.00000     0.00000     0.00000     0.00000     0.00000     0.00000     0.00000
     3.28690     0.00000     0.00000     0.00000     0.00000     0.00000     0.00000     0.00000     0.00000     0.00000     0.00000
     3.38490     0.00000     0.00000     0.00000     0.00000     0.00000     0.00000     0.00000     0.00000     0.00000     0.00000
     3.48290     0.00000     0.00000     0.00000     0.00000     0.00000     0.00000     0.00000     0.00000     0.00000     0.00000
     3.58090     0.00000     0.00000     0.00000     0.00000     0.00000     0.00000     0.00000     0.00000     0.00000     0.00000
     3.67890     0.00000     0.00000     0.00000     0.00000     0.00000     0.00000     0.00000     0.00000     0.00000     0.00000
     3.77690     0.00000     0.00000     0.00000     0.00000     0.00000     0.00000     0.00000     0.00000     0.00000     0.00000
     3.87490     0.00000     0.00000     0.00000     0.00000     0.00000     0.00000     0.00000     0.00000     0.00000     0.00000
     3.97390     0.00000     0.00000     0.00000     0.00000     0.00000     0.00000     0.00000     0.00000     0.00000     0.00000
     4.07190    -0.00245    -0.00417    -0.00413    -0.00368     0.00000     0.00000     0.00000     0.00000     0.00000    -0.01443
     4.16990    -0.00297    -0.00459    -0.00446    -0.00412     0.00000     0.00000     0.00000     0.00000     0.00000    -0.01615
     4.26790    -0.00521    -0.00728    -0.00671    -0.00663     0.00000     0.00000     0.00000     0.00000     0.00000    -0.02584
     4.36590    -0.00442    -0.00617    -0.00572    -0.00558     0.00000     0.00000     0.00000     0.00000     0.00000    -0.02188
     4.46390     0.00000     0.00000     0.00000     0.00000     0.00000     0.00000     0.00000     0.00000     0.00000     0.00000
     4.56190    -0.00539    -0.00860    -0.00860    -0.00791     0.00000     0.00000     0.00000     0.00000     0.00000    -0.03051
     4.65990    -0.01047    -0.01255    -0.01307    -0.01200     0.00000     0.00000     0.00000     0.00000     0.00000    -0.04810
     4.75790     0.00000     0.00000     0.00000     0.00000     0.00000     0.00000     0.00000     0.00000     0.00000     0.00000
     4.85590    -0.00334    -0.00640    -0.00749    -0.00534     0.00000     0.00000     0.00000     0.00000     0.00000    -0.02258
     4.95490    -0.00780    -0.01562    -0.02109    -0.01331     0.00000     0.00000     0.00000     0.00000     0.00000    -0.05781
     5.05290    -0.00439    -0.00816    -0.00982    -0.00690     0.00000     0.00000     0.00000     0.00000     0.00000    -0.02927
     5.15090    -0.00342    -0.00340    -0.00399    -0.00293     0.00000     0.00000     0.00000     0.00000     0.00000    -0.01374
     5.24890    -0.00434    -0.00844    -0.01038    -0.00807     0.00000     0.00000     0.00000     0.00000     0.00000    -0.03122
     5.34690    -0.02675    -0.03707    -0.03242    -0.03302     0.00000     0.00000     0.00000     0.00000     0.00000    -0.12925
     5.44490    -0.00939    -0.02716    -0.03251    -0.03001     0.00000     0.00000     0.00000     0.00000     0.00000    -0.09907
     5.54290    -0.01211    -0.02032    -0.02581    -0.02344     0.00000     0.00000     0.00000     0.00000     0.00000    -0.08167
     5.64090    -0.01191    -0.01257    -0.01421    -0.01401     0.00000     0.00000     0.00000     0.00000     0.00000    -0.05271
     5.73890    -0.01792    -0.01945    -0.02202    -0.01792     0.00000     0.00000     0.00000     0.00000     0.00000    -0.07731
     5.83790    -0.03280    -0.01565    -0.01902    -0.01616     0.00000     0.00000     0.00000     0.00000     0.00000    -0.08362
     5.93590    -0.01242    -0.01484    -0.01510    -0.01425     0.00000     0.00000     0.00000     0.00000     0.00000    -0.05661
     6.03390    -0.03071    -0.00987    -0.00964    -0.01085     0.00000     0.00000     0.00000     0.00000     0.00000    -0.06107
     6.13190    -0.01540    -0.01919    -0.01896    -0.01556     0.00000     0.00000     0.00000     0.00000     0.00000    -0.06912
     6.22990    -0.01685    -0.00978    -0.01002    -0.00819     0.00000     0.00000     0.00000     0.00000     0.00000    -0.04484
     6.32790    -0.01944    -0.02011    -0.02156    -0.01953     0.00000     0.00000     0.00000     0.00000     0.00000    -0.08064
     6.42590    -0.00864    -0.00971    -0.01303    -0.01003     0.00000     0.00000     0.00000     0.00000     0.00000    -0.04141
     6.52390    -0.02681    -0.03508    -0.04861    -0.03589     0.00000     0.00000     0.00000     0.00000     0.00000    -0.14639
     6.62190    -0.04267    -0.03297    -0.04057    -0.03468     0.00000     0.00000     0.00000     0.00000     0.00000    -0.15089
     6.72090    -0.02828    -0.02021    -0.02498    -0.02010     0.00000     0.00000     0.00000     0.00000     0.00000    -0.09357
     6.81890    -0.01608    -0.01089    -0.01318    -0.01150     0.00000     0.00000     0.00000     0.00000     0.00000    -0.05165
     6.91690    -0.03499    -0.02715    -0.03244    -0.02857     0.00000     0.00000     0.00000     0.00000     0.00000    -0.12315
     7.01490    -0.02011    -0.01603    -0.01745    -0.01321     0.00000     0.00000     0.00000     0.00000     0.00000    -0.06680
     7.11290    -0.04160    -0.02030    -0.01895    -0.01689     0.00000     0.00000     0.00000     0.00000     0.00000    -0.09775
     7.21090    -0.03588    -0.01785    -0.02121    -0.01822     0.00000     0.00000     0.00000     0.00000     0.00000    -0.09317
     7.30890    -0.03273    -0.01843    -0.02107    -0.01845     0.00000     0.00000     0.00000     0.00000     0.00000    -0.09069
     7.40690    -0.03270    -0.01773    -0.02377    -0.01684     0.00000     0.00000     0.00000     0.00000     0.00000    -0.09104
     7.50490    -0.02304    -0.01341    -0.01430    -0.01409     0.00000     0.00000     0.00000     0.00000     0.00000    -0.06483
     7.60390    -0.05736    -0.02185    -0.02647    -0.01802     0.00000     0.00000     0.00000     0.00000     0.00000    -0.12370
     7.70190    -0.03571    -0.01434    -0.01332    -0.01319     0.00000     0.00000     0.00000     0.00000     0.00000    -0.07656
     7.79990    -0.06336    -0.02217    -0.02563    -0.02258     0.00000     0.00000     0.00000     0.00000     0.00000    -0.13374
     7.89790    -0.05626    -0.01999    -0.02129    -0.01814     0.00000     0.00000     0.00000     0.00000     0.00000    -0.11568
     7.99590    -0.08043    -0.03148    -0.02831    -0.03260     0.00000     0.00000     0.00000     0.00000     0.00000    -0.17282
     8.09390    -0.10020    -0.02560    -0.02885    -0.02742     0.00000     0.00000     0.00000     0.00000     0.00000    -0.18208
     8.19190    -0.06472    -0.01896    -0.01825    -0.01780     0.00000     0.00000     0.00000     0.00000     0.00000    -0.11973
     8.28990    -0.05067    -0.01654    -0.01321    -0.01455     0.00000     0.00000     0.00000     0.00000     0.00000    -0.09497
     8.38790    -0.06728    -0.02066    -0.01680    -0.01902     0.00000     0.00000     0.00000     0.00000     0.00000    -0.12376
     8.48690    -0.06187    -0.01828    -0.01508    -0.01623     0.00000     0.00000     0.00000     0.00000     0.00000    -0.11146
     8.58490    -0.06343    -0.02554    -0.01749    -0.02376     0.00000     0.00000     0.00000     0.00000     0.00000    -0.13021
     8.68290    -0.06592    -0.02150    -0.01710    -0.01885     0.00000     0.00000     0.00000     0.00000     0.00000    -0.12337
     8.78090    -0.10018    -0.02761    -0.02303    -0.02528     0.00000     0.00000     0.00000     0.00000     0.00000    -0.17610
     8.87890    -0.11098    -0.03377    -0.02211    -0.02765     0.00000     0.00000     0.00000     0.00000     0.00000    -0.19451
     8.97690    -0.09583    -0.02690    -0.02153    -0.02569     0.00000     0.00000     0.00000     0.00000     0.00000    -0.16995
     9.07490    -0.11172    -0.02797    -0.02358    -0.02040     0.00000     0.00000     0.00000     0.00000     0.00000    -0.18368
     9.17290    -0.14413    -0.03221    -0.02841    -0.02960     0.00000     0.00000     0.00000     0.00000     0.00000    -0.23436
     9.27090    -0.08251    -0.01789    -0.01764    -0.01724     0.00000     0.00000     0.00000     0.00000     0.00000    -0.13527
     9.36890    -0.10217    -0.03167    -0.02230    -0.01795     0.00000     0.00000     0.00000     0.00000     0.00000    -0.17409
     9.46790    -0.11609    -0.02978    -0.02613    -0.02567     0.00000     0.00000     0.00000     0.00000     0.00000    -0.19767
     9.56590    -0.09788    -0.02006    -0.01997    -0.02080     0.00000     0.00000     0.00000     0.00000     0.00000    -0.15871
     9.66390    -0.10164    -0.02402    -0.02352    -0.02191     0.00000     0.00000     0.00000     0.00000     0.00000    -0.17108
     9.76190    -0.10716    -0.02447    -0.02511    -0.02142     0.00000     0.00000     0.00000     0.00000     0.00000    -0.17816
     9.85990    -0.03193    -0.00979    -0.01016    -0.00745     0.00000     0.00000     0.00000     0.00000     0.00000    -0.05933
     9.95790     0.00000     0.00000     0.00000     0.00000     0.00000     0.00000     0.00000     0.00000     0.00000     0.00000
    10.05590     0.00000     0.00000     0.00000     0.00000     0.00000     0.00000     0.00000     0.00000     0.00000     0.00000
    10.15390     0.00000     0.00000     0.00000     0.00000     0.00000     0.00000     0.00000     0.00000     0.00000     0.00000
    10.25190     0.00000     0.00000     0.00000     0.00000     0.00000     0.00000     0.00000     0.00000     0.00000     0.00000
    10.35090     0.00000     0.00000     0.00000     0.00000     0.00000     0.00000     0.00000     0.00000     0.00000     0.00000
    10.44890     0.00000     0.00000     0.00000     0.00000     0.00000     0.00000     0.00000     0.00000     0.00000     0.00000
    10.54690     0.00000     0.00000     0.00000     0.00000     0.00000     0.00000     0.00000     0.00000     0.00000     0.00000
    10.64490     0.00000     0.00000     0.00000     0.00000     0.00000     0.00000     0.00000     0.00000     0.00000     0.00000
    10.74290     0.00000     0.00000     0.00000     0.00000     0.00000     0.00000     0.00000     0.00000     0.00000     0.00000
    10.84090     0.00000     0.00000     0.00000     0.00000     0.00000     0.00000     0.00000     0.00000     0.00000     0.00000
    10.93890     0.00000     0.00000     0.00000     0.00000     0.00000     0.00000     0.00000     0.00000     0.00000     0.00000
    11.03690     0.00000     0.00000     0.00000     0.00000     0.00000     0.00000     0.00000     0.00000     0.00000     0.00000
    11.13490     0.00000     0.00000     0.00000     0.00000     0.00000     0.00000     0.00000     0.00000     0.00000     0.00000
    11.23390     0.00000     0.00000     0.00000     0.00000     0.00000     0.00000     0.00000     0.00000     0.00000     0.00000
