     #Energy           s          py          pz          px         dxy         dyz         dz2         dxz         dx2       tot  
   -18.19910     0.00000     0.00000     0.00000     0.00000     0.00000     0.00000     0.00000     0.00000     0.00000     0.00000
   -18.10110     0.00000     0.00000     0.00000     0.00000     0.00000     0.00000     0.00000     0.00000     0.00000     0.00000
   -18.00310     0.00000     0.00000     0.00000     0.00000     0.00000     0.00000     0.00000     0.00000     0.00000     0.00000
   -17.90510     0.00000     0.00000     0.00000     0.00000     0.00000     0.00000     0.00000     0.00000     0.00000     0.00000
   -17.80710     0.00000     0.00000     0.00000     0.00000     0.00000     0.00000     0.00000     0.00000     0.00000     0.00000
   -17.70910     0.00000     0.00000     0.00000     0.00000     0.00000     0.00000     0.00000     0.00000     0.00000     0.00000
   -17.61010     0.00000     0.00000     0.00000     0.00000     0.00000     0.00000     0.00000     0.00000     0.00000     0.00000
   -17.51210     0.00000     0.00000     0.00000     0.00000     0.00000     0.00000     0.00000     0.00000     0.00000     0.00000
   -17.41410     0.00000     0.00000     0.00000     0.00000     0.00000     0.00000     0.00000     0.00000     0.00000     0.00000
   -17.31610     0.00000     0.00000     0.00000     0.00000     0.00000     0.00000     0.00000     0.00000     0.00000     0.00000
   -17.21810     0.00000     0.00000     0.00000     0.00000     0.00000     0.00000     0.00000     0.00000     0.00000     0.00000
   -17.12010     0.00000     0.00000     0.00000     0.00000     0.00000     0.00000     0.00000     0.00000     0.00000     0.00000
   -17.02210     0.00000     0.00000     0.00000     0.00000     0.00000     0.00000     0.00000     0.00000     0.00000     0.00000
   -16.92410     0.00000     0.00000     0.00000     0.00000     0.00000     0.00000     0.00000     0.00000     0.00000     0.00000
   -16.82610     0.00000     0.00000     0.00000     0.00000     0.00000     0.00000     0.00000     0.00000     0.00000     0.00000
   -16.72710     0.00000     0.00000     0.00000     0.00000     0.00000     0.00000     0.00000     0.00000     0.00000     0.00000
   -16.62910     0.00000     0.00000     0.00000     0.00000     0.00000     0.00000     0.00000     0.00000     0.00000     0.00000
   -16.53110     0.00000     0.00000     0.00000     0.00000     0.00000     0.00000     0.00000     0.00000     0.00000     0.00000
   -16.43310     0.00000     0.00000     0.00000     0.00000     0.00000     0.00000     0.00000     0.00000     0.00000     0.00000
   -16.33510     0.00000     0.00000     0.00000     0.00000     0.00000     0.00000     0.00000     0.00000     0.00000     0.00000
   -16.23710     0.00000     0.00000     0.00000     0.00000     0.00000     0.00000     0.00000     0.00000     0.00000     0.00000
   -16.13910     0.00000     0.00000     0.00000     0.00000     0.00000     0.00000     0.00000     0.00000     0.00000     0.00000
   -16.04110     0.00000     0.00000     0.00000     0.00000     0.00000     0.00000     0.00000     0.00000     0.00000     0.00000
   -15.94310     0.00000     0.00000     0.00000     0.00000     0.00000     0.00000     0.00000     0.00000     0.00000     0.00000
   -15.84410     0.00000     0.00000     0.00000     0.00000     0.00000     0.00000     0.00000     0.00000     0.00000     0.00000
   -15.74610    -0.02012    -0.00123    -0.00068    -0.00108     0.00000     0.00000     0.00000     0.00000     0.00000    -0.02311
   -15.64810    -0.12869    -0.00655    -0.00350    -0.00607     0.00000     0.00000     0.00000     0.00000     0.00000    -0.14481
   -15.55010    -3.21183    -0.15680    -0.08297    -0.14826     0.00000     0.00000     0.00000     0.00000     0.00000    -3.59985
   -15.45210    -2.38156    -0.11442    -0.06077    -0.11020     0.00000     0.00000     0.00000     0.00000     0.00000    -2.66695
   -15.35410     0.00000     0.00000     0.00000     0.00000     0.00000     0.00000     0.00000     0.00000     0.00000     0.00000
   -15.25610    -0.02235    -0.00102    -0.00057    -0.00104     0.00000     0.00000     0.00000     0.00000     0.00000    -0.02498
   -15.15810    -0.02750    -0.00113    -0.00069    -0.00122     0.00000     0.00000     0.00000     0.00000     0.00000    -0.03054
   -15.06010    -0.03360    -0.00133    -0.00100    -0.00165     0.00000     0.00000     0.00000     0.00000     0.00000    -0.03757
   -14.96110    -0.02463    -0.00091    -0.00064    -0.00107     0.00000     0.00000     0.00000     0.00000     0.00000    -0.02724
   -14.86310     0.00000     0.00000     0.00000     0.00000     0.00000     0.00000     0.00000     0.00000     0.00000     0.00000
   -14.76510     0.00000     0.00000     0.00000     0.00000     0.00000     0.00000     0.00000     0.00000     0.00000     0.00000
   -14.66710     0.00000     0.00000     0.00000     0.00000     0.00000     0.00000     0.00000     0.00000     0.00000     0.00000
   -14.56910     0.00000     0.00000     0.00000     0.00000     0.00000     0.00000     0.00000     0.00000     0.00000     0.00000
   -14.47110     0.00000     0.00000     0.00000     0.00000     0.00000     0.00000     0.00000     0.00000     0.00000     0.00000
   -14.37310     0.00000     0.00000     0.00000     0.00000     0.00000     0.00000     0.00000     0.00000     0.00000     0.00000
   -14.27510     0.00000     0.00000     0.00000     0.00000     0.00000     0.00000     0.00000     0.00000     0.00000     0.00000
   -14.17710     0.00000     0.00000     0.00000     0.00000     0.00000     0.00000     0.00000     0.00000     0.00000     0.00000
   -14.07910     0.00000     0.00000     0.00000     0.00000     0.00000     0.00000     0.00000     0.00000     0.00000     0.00000
   -13.98010     0.00000     0.00000     0.00000     0.00000     0.00000     0.00000     0.00000     0.00000     0.00000     0.00000
   -13.88210     0.00000     0.00000     0.00000     0.00000     0.00000     0.00000     0.00000     0.00000     0.00000     0.00000
   -13.78410     0.00000     0.00000     0.00000     0.00000     0.00000     0.00000     0.00000     0.00000     0.00000     0.00000
   -13.68610     0.00000     0.00000     0.00000     0.00000     0.00000     0.00000     0.00000     0.00000     0.00000     0.00000
   -13.58810     0.00000     0.00000     0.00000     0.00000     0.00000     0.00000     0.00000     0.00000     0.00000     0.00000
   -13.49010     0.00000     0.00000     0.00000     0.00000     0.00000     0.00000     0.00000     0.00000     0.00000     0.00000
   -13.39210     0.00000     0.00000     0.00000     0.00000     0.00000     0.00000     0.00000     0.00000     0.00000     0.00000
   -13.29410     0.00000     0.00000     0.00000     0.00000     0.00000     0.00000     0.00000     0.00000     0.00000     0.00000
   -13.19610     0.00000     0.00000     0.00000     0.00000     0.00000     0.00000     0.00000     0.00000     0.00000     0.00000
   -13.09710     0.00000     0.00000     0.00000     0.00000     0.00000     0.00000     0.00000     0.00000     0.00000     0.00000
   -12.99910     0.00000     0.00000     0.00000     0.00000     0.00000     0.00000     0.00000     0.00000     0.00000     0.00000
   -12.90110     0.00000     0.00000     0.00000     0.00000     0.00000     0.00000     0.00000     0.00000     0.00000     0.00000
   -12.80310     0.00000     0.00000     0.00000     0.00000     0.00000     0.00000     0.00000     0.00000     0.00000     0.00000
   -12.70510     0.00000     0.00000     0.00000     0.00000     0.00000     0.00000     0.00000     0.00000     0.00000     0.00000
   -12.60710     0.00000     0.00000     0.00000     0.00000     0.00000     0.00000     0.00000     0.00000     0.00000     0.00000
   -12.50910     0.00000     0.00000     0.00000     0.00000     0.00000     0.00000     0.00000     0.00000     0.00000     0.00000
   -12.41110     0.00000     0.00000     0.00000     0.00000     0.00000     0.00000     0.00000     0.00000     0.00000     0.00000
   -12.31310     0.00000     0.00000     0.00000     0.00000     0.00000     0.00000     0.00000     0.00000     0.00000     0.00000
   -12.21410     0.00000     0.00000     0.00000     0.00000     0.00000     0.00000     0.00000     0.00000     0.00000     0.00000
   -12.11610     0.00000     0.00000     0.00000     0.00000     0.00000     0.00000     0.00000     0.00000     0.00000     0.00000
   -12.01810     0.00000     0.00000     0.00000     0.00000     0.00000     0.00000     0.00000     0.00000     0.00000     0.00000
   -11.92010     0.00000     0.00000     0.00000     0.00000     0.00000     0.00000     0.00000     0.00000     0.00000     0.00000
   -11.82210     0.00000     0.00000     0.00000     0.00000     0.00000     0.00000     0.00000     0.00000     0.00000     0.00000
   -11.72410     0.00000     0.00000     0.00000     0.00000     0.00000     0.00000     0.00000     0.00000     0.00000     0.00000
   -11.62610     0.00000     0.00000     0.00000     0.00000     0.00000     0.00000     0.00000     0.00000     0.00000     0.00000
   -11.52810     0.00000     0.00000     0.00000     0.00000     0.00000     0.00000     0.00000     0.00000     0.00000     0.00000
   -11.43010     0.00000     0.00000     0.00000     0.00000     0.00000     0.00000     0.00000     0.00000     0.00000     0.00000
   -11.33110     0.00000     0.00000     0.00000     0.00000     0.00000     0.00000     0.00000     0.00000     0.00000     0.00000
   -11.23310     0.00000     0.00000     0.00000     0.00000     0.00000     0.00000     0.00000     0.00000     0.00000     0.00000
   -11.13510     0.00000     0.00000     0.00000     0.00000     0.00000     0.00000     0.00000     0.00000     0.00000     0.00000
   -11.03710     0.00000     0.00000     0.00000     0.00000     0.00000     0.00000     0.00000     0.00000     0.00000     0.00000
   -10.93910     0.00000     0.00000     0.00000     0.00000     0.00000     0.00000     0.00000     0.00000     0.00000     0.00000
   -10.84110     0.00000     0.00000     0.00000     0.00000     0.00000     0.00000     0.00000     0.00000     0.00000     0.00000
   -10.74310     0.00000     0.00000     0.00000     0.00000     0.00000     0.00000     0.00000     0.00000     0.00000     0.00000
   -10.64510     0.00000     0.00000     0.00000     0.00000     0.00000     0.00000     0.00000     0.00000     0.00000     0.00000
   -10.54710     0.00000     0.00000     0.00000     0.00000     0.00000     0.00000     0.00000     0.00000     0.00000     0.00000
   -10.44810     0.00000     0.00000     0.00000     0.00000     0.00000     0.00000     0.00000     0.00000     0.00000     0.00000
   -10.35010     0.00000     0.00000     0.00000     0.00000     0.00000     0.00000     0.00000     0.00000     0.00000     0.00000
   -10.25210     0.00000     0.00000     0.00000     0.00000     0.00000     0.00000     0.00000     0.00000     0.00000     0.00000
   -10.15410     0.00000     0.00000     0.00000     0.00000     0.00000     0.00000     0.00000     0.00000     0.00000     0.00000
   -10.05610     0.00000     0.00000     0.00000     0.00000     0.00000     0.00000     0.00000     0.00000     0.00000     0.00000
    -9.95810     0.00000     0.00000     0.00000     0.00000     0.00000     0.00000     0.00000     0.00000     0.00000     0.00000
    -9.86010     0.00000     0.00000     0.00000     0.00000     0.00000     0.00000     0.00000     0.00000     0.00000     0.00000
    -9.76210     0.00000     0.00000     0.00000     0.00000     0.00000     0.00000     0.00000     0.00000     0.00000     0.00000
    -9.66410     0.00000     0.00000     0.00000     0.00000     0.00000     0.00000     0.00000     0.00000     0.00000     0.00000
    -9.56610     0.00000     0.00000     0.00000     0.00000     0.00000     0.00000     0.00000     0.00000     0.00000     0.00000
    -9.46710     0.00000     0.00000     0.00000     0.00000     0.00000     0.00000     0.00000     0.00000     0.00000     0.00000
    -9.36910     0.00000     0.00000     0.00000     0.00000     0.00000     0.00000     0.00000     0.00000     0.00000     0.00000
    -9.27110     0.00000     0.00000     0.00000     0.00000     0.00000     0.00000     0.00000     0.00000     0.00000     0.00000
    -9.17310     0.00000     0.00000     0.00000     0.00000     0.00000     0.00000     0.00000     0.00000     0.00000     0.00000
    -9.07510     0.00000     0.00000     0.00000     0.00000     0.00000     0.00000     0.00000     0.00000     0.00000     0.00000
    -8.97710     0.00000     0.00000     0.00000     0.00000     0.00000     0.00000     0.00000     0.00000     0.00000     0.00000
    -8.87910     0.00000     0.00000     0.00000     0.00000     0.00000     0.00000     0.00000     0.00000     0.00000     0.00000
    -8.78110     0.00000     0.00000     0.00000     0.00000     0.00000     0.00000     0.00000     0.00000     0.00000     0.00000
    -8.68310     0.00000     0.00000     0.00000     0.00000     0.00000     0.00000     0.00000     0.00000     0.00000     0.00000
    -8.58410     0.00000     0.00000     0.00000     0.00000     0.00000     0.00000     0.00000     0.00000     0.00000     0.00000
    -8.48610     0.00000     0.00000     0.00000     0.00000     0.00000     0.00000     0.00000     0.00000     0.00000     0.00000
    -8.38810     0.00000     0.00000     0.00000     0.00000     0.00000     0.00000     0.00000     0.00000     0.00000     0.00000
    -8.29010     0.00000     0.00000     0.00000     0.00000     0.00000     0.00000     0.00000     0.00000     0.00000     0.00000
    -8.19210     0.00000     0.00000     0.00000     0.00000     0.00000     0.00000     0.00000     0.00000     0.00000     0.00000
    -8.09410     0.00000     0.00000     0.00000     0.00000     0.00000     0.00000     0.00000     0.00000     0.00000     0.00000
    -7.99610     0.00000     0.00000     0.00000     0.00000     0.00000     0.00000     0.00000     0.00000     0.00000     0.00000
    -7.89810     0.00000     0.00000     0.00000     0.00000     0.00000     0.00000     0.00000     0.00000     0.00000     0.00000
    -7.80010     0.00000     0.00000     0.00000     0.00000     0.00000     0.00000     0.00000     0.00000     0.00000     0.00000
    -7.70110     0.00000     0.00000     0.00000     0.00000     0.00000     0.00000     0.00000     0.00000     0.00000     0.00000
    -7.60310     0.00000     0.00000     0.00000     0.00000     0.00000     0.00000     0.00000     0.00000     0.00000     0.00000
    -7.50510     0.00000     0.00000     0.00000     0.00000     0.00000     0.00000     0.00000     0.00000     0.00000     0.00000
    -7.40710     0.00000     0.00000     0.00000     0.00000     0.00000     0.00000     0.00000     0.00000     0.00000     0.00000
    -7.30910     0.00000     0.00000     0.00000     0.00000     0.00000     0.00000     0.00000     0.00000     0.00000     0.00000
    -7.21110     0.00000     0.00000     0.00000     0.00000     0.00000     0.00000     0.00000     0.00000     0.00000     0.00000
    -7.11310     0.00000     0.00000     0.00000     0.00000     0.00000     0.00000     0.00000     0.00000     0.00000     0.00000
    -7.01510     0.00000     0.00000     0.00000     0.00000     0.00000     0.00000     0.00000     0.00000     0.00000     0.00000
    -6.91710     0.00000     0.00000     0.00000     0.00000     0.00000     0.00000     0.00000     0.00000     0.00000     0.00000
    -6.81810     0.00000     0.00000     0.00000     0.00000     0.00000     0.00000     0.00000     0.00000     0.00000     0.00000
    -6.72010     0.00000     0.00000     0.00000     0.00000     0.00000     0.00000     0.00000     0.00000     0.00000     0.00000
    -6.62210     0.00000     0.00000     0.00000     0.00000     0.00000     0.00000     0.00000     0.00000     0.00000     0.00000
    -6.52410     0.00000     0.00000     0.00000     0.00000     0.00000     0.00000     0.00000     0.00000     0.00000     0.00000
    -6.42610     0.00000     0.00000     0.00000     0.00000     0.00000     0.00000     0.00000     0.00000     0.00000     0.00000
    -6.32810     0.00000     0.00000     0.00000     0.00000     0.00000     0.00000     0.00000     0.00000     0.00000     0.00000
    -6.23010     0.00000     0.00000     0.00000     0.00000     0.00000     0.00000     0.00000     0.00000     0.00000     0.00000
    -6.13210     0.00000     0.00000     0.00000     0.00000     0.00000     0.00000     0.00000     0.00000     0.00000     0.00000
    -6.03410     0.00000     0.00000     0.00000     0.00000     0.00000     0.00000     0.00000     0.00000     0.00000     0.00000
    -5.93510     0.00000     0.00000     0.00000     0.00000     0.00000     0.00000     0.00000     0.00000     0.00000     0.00000
    -5.83710     0.00000     0.00000     0.00000     0.00000     0.00000     0.00000     0.00000     0.00000     0.00000     0.00000
    -5.73910     0.00000     0.00000     0.00000     0.00000     0.00000     0.00000     0.00000     0.00000     0.00000     0.00000
    -5.64110     0.00000     0.00000     0.00000     0.00000     0.00000     0.00000     0.00000     0.00000     0.00000     0.00000
    -5.54310     0.00000     0.00000     0.00000     0.00000     0.00000     0.00000     0.00000     0.00000     0.00000     0.00000
    -5.44510     0.00000     0.00000     0.00000     0.00000     0.00000     0.00000     0.00000     0.00000     0.00000     0.00000
    -5.34710     0.00000     0.00000     0.00000     0.00000     0.00000     0.00000     0.00000     0.00000     0.00000     0.00000
    -5.24910    -0.00143    -0.01206    -0.01605    -0.01194     0.00000     0.00000     0.00000     0.00000     0.00000    -0.04148
    -5.15110    -0.00105    -0.02185    -0.03138    -0.02504     0.00000     0.00000     0.00000     0.00000     0.00000    -0.07932
    -5.05310     0.00000     0.00000     0.00000     0.00000     0.00000     0.00000     0.00000     0.00000     0.00000     0.00000
    -4.95410     0.00000     0.00000     0.00000     0.00000     0.00000     0.00000     0.00000     0.00000     0.00000     0.00000
    -4.85610    -0.06183    -0.34067    -0.17859    -0.33884     0.00000     0.00000     0.00000     0.00000     0.00000    -0.91993
    -4.75810     0.00000     0.00000     0.00000     0.00000     0.00000     0.00000     0.00000     0.00000     0.00000     0.00000
    -4.66010     0.00000     0.00000     0.00000     0.00000     0.00000     0.00000     0.00000     0.00000     0.00000     0.00000
    -4.56210    -0.52232    -2.72724    -0.53210    -2.73489     0.00000     0.00000     0.00000     0.00000     0.00000    -6.51656
    -4.46410    -0.00694    -0.05538    -0.02691    -0.04973     0.00000     0.00000     0.00000     0.00000     0.00000    -0.13896
    -4.36610    -0.00557    -0.07614    -0.06479    -0.07056     0.00000     0.00000     0.00000     0.00000     0.00000    -0.21706
    -4.26810    -0.00511    -0.08902    -0.13150    -0.06984     0.00000     0.00000     0.00000     0.00000     0.00000    -0.29547
    -4.17010    -0.23435    -5.14985    -9.60895    -3.71070     0.00000     0.00000     0.00000     0.00000     0.00000   -18.70385
    -4.07110    -0.18651    -1.89563    -1.36499    -1.83055     0.00000     0.00000     0.00000     0.00000     0.00000    -5.27768
    -3.97310    -0.00996    -0.13874    -0.12149    -0.14051     0.00000     0.00000     0.00000     0.00000     0.00000    -0.41070
    -3.87510    -0.00383    -0.05644    -0.06091    -0.05349     0.00000     0.00000     0.00000     0.00000     0.00000    -0.17467
    -3.77710    -0.00450    -0.07070    -0.09649    -0.06250     0.00000     0.00000     0.00000     0.00000     0.00000    -0.23420
    -3.67910    -0.00929    -0.13143    -0.15628    -0.13033     0.00000     0.00000     0.00000     0.00000     0.00000    -0.42732
    -3.58110    -0.01449    -0.21658    -0.23763    -0.17508     0.00000     0.00000     0.00000     0.00000     0.00000    -0.64379
    -3.48310    -0.00335    -0.18920    -0.25633    -0.20607     0.00000     0.00000     0.00000     0.00000     0.00000    -0.65496
    -3.38510    -0.00578    -0.26114    -0.36186    -0.30580     0.00000     0.00000     0.00000     0.00000     0.00000    -0.93458
    -3.28710    -0.00044    -0.14584    -0.21273    -0.18514     0.00000     0.00000     0.00000     0.00000     0.00000    -0.54415
    -3.18810    -0.00719    -0.19338    -0.20093    -0.17935     0.00000     0.00000     0.00000     0.00000     0.00000    -0.58085
    -3.09010    -0.03668    -0.82935    -0.71996    -0.78144     0.00000     0.00000     0.00000     0.00000     0.00000    -2.36743
    -2.99210    -0.02106    -0.47795    -0.42614    -0.47198     0.00000     0.00000     0.00000     0.00000     0.00000    -1.39714
    -2.89410    -0.00809    -0.23142    -0.23780    -0.25242     0.00000     0.00000     0.00000     0.00000     0.00000    -0.72974
    -2.79610    -0.00222    -0.10611    -0.14828    -0.13467     0.00000     0.00000     0.00000     0.00000     0.00000    -0.39128
    -2.69810     0.00000     0.00000     0.00000     0.00000     0.00000     0.00000     0.00000     0.00000     0.00000     0.00000
    -2.60010    -0.00162    -0.15010    -0.21428    -0.18505     0.00000     0.00000     0.00000     0.00000     0.00000    -0.55105
    -2.50210    -0.00070    -0.29492    -0.42226    -0.36265     0.00000     0.00000     0.00000     0.00000     0.00000    -1.08053
    -2.40410    -0.00070    -0.18006    -0.25732    -0.22202     0.00000     0.00000     0.00000     0.00000     0.00000    -0.66009
    -2.30510    -0.00207    -0.06336    -0.08624    -0.06896     0.00000     0.00000     0.00000     0.00000     0.00000    -0.22063
    -2.20710    -0.00052    -0.01236    -0.01476    -0.01253     0.00000     0.00000     0.00000     0.00000     0.00000    -0.04018
    -2.10910    -0.00094    -0.02949    -0.04096    -0.03673     0.00000     0.00000     0.00000     0.00000     0.00000    -0.10812
    -2.01110    -0.00096    -0.01411    -0.01843    -0.01584     0.00000     0.00000     0.00000     0.00000     0.00000    -0.04935
    -1.91310    -0.00136    -0.01783    -0.02381    -0.02033     0.00000     0.00000     0.00000     0.00000     0.00000    -0.06333
    -1.81510    -0.00338    -0.04740    -0.06620    -0.06270     0.00000     0.00000     0.00000     0.00000     0.00000    -0.17968
    -1.71710    -0.00009    -0.00127    -0.00173    -0.00165     0.00000     0.00000     0.00000     0.00000     0.00000    -0.00475
    -1.61910     0.00000     0.00000     0.00000     0.00000     0.00000     0.00000     0.00000     0.00000     0.00000     0.00000
    -1.52110     0.00000     0.00000     0.00000     0.00000     0.00000     0.00000     0.00000     0.00000     0.00000     0.00000
    -1.42210     0.00000     0.00000     0.00000     0.00000     0.00000     0.00000     0.00000     0.00000     0.00000     0.00000
    -1.32410     0.00000     0.00000     0.00000     0.00000     0.00000     0.00000     0.00000     0.00000     0.00000     0.00000
    -1.22610     0.00000     0.00000     0.00000     0.00000     0.00000     0.00000     0.00000     0.00000     0.00000     0.00000
    -1.12810     0.00000     0.00000     0.00000     0.00000     0.00000     0.00000     0.00000     0.00000     0.00000     0.00000
    -1.03010     0.00000     0.00000     0.00000     0.00000     0.00000     0.00000     0.00000     0.00000     0.00000     0.00000
    -0.93210     0.00000     0.00000     0.00000     0.00000     0.00000     0.00000     0.00000     0.00000     0.00000     0.00000
    -0.83410     0.00000     0.00000     0.00000     0.00000     0.00000     0.00000     0.00000     0.00000     0.00000     0.00000
    -0.73610     0.00000     0.00000     0.00000     0.00000     0.00000     0.00000     0.00000     0.00000     0.00000     0.00000
    -0.63810     0.00000     0.00000     0.00000     0.00000     0.00000     0.00000     0.00000     0.00000     0.00000     0.00000
    -0.54010     0.00000     0.00000     0.00000     0.00000     0.00000     0.00000     0.00000     0.00000     0.00000     0.00000
    -0.44110     0.00000     0.00000     0.00000     0.00000     0.00000     0.00000     0.00000     0.00000     0.00000     0.00000
    -0.34310     0.00000     0.00000     0.00000     0.00000     0.00000     0.00000     0.00000     0.00000     0.00000     0.00000
    -0.24510     0.00000     0.00000     0.00000     0.00000     0.00000     0.00000     0.00000     0.00000     0.00000     0.00000
    -0.14710     0.00000     0.00000     0.00000     0.00000     0.00000     0.00000     0.00000     0.00000     0.00000     0.00000
    -0.04910     0.00000     0.00000     0.00000     0.00000     0.00000     0.00000     0.00000     0.00000     0.00000     0.00000
     0.04890     0.00000     0.00000     0.00000     0.00000     0.00000     0.00000     0.00000     0.00000     0.00000     0.00000
     0.14690     0.00000     0.00000     0.00000     0.00000     0.00000     0.00000     0.00000     0.00000     0.00000     0.00000
     0.24490     0.00000     0.00000     0.00000     0.00000     0.00000     0.00000     0.00000     0.00000     0.00000     0.00000
     0.34290     0.00000     0.00000     0.00000     0.00000     0.00000     0.00000     0.00000     0.00000     0.00000     0.00000
     0.44190     0.00000     0.00000     0.00000     0.00000     0.00000     0.00000     0.00000     0.00000     0.00000     0.00000
     0.53990     0.00000     0.00000     0.00000     0.00000     0.00000     0.00000     0.00000     0.00000     0.00000     0.00000
     0.63790     0.00000     0.00000     0.00000     0.00000     0.00000     0.00000     0.00000     0.00000     0.00000     0.00000
     0.73590     0.00000     0.00000     0.00000     0.00000     0.00000     0.00000     0.00000     0.00000     0.00000     0.00000
     0.83390     0.00000     0.00000     0.00000     0.00000     0.00000     0.00000     0.00000     0.00000     0.00000     0.00000
     0.93190     0.00000     0.00000     0.00000     0.00000     0.00000     0.00000     0.00000     0.00000     0.00000     0.00000
     1.02990     0.00000     0.00000     0.00000     0.00000     0.00000     0.00000     0.00000     0.00000     0.00000     0.00000
     1.12790     0.00000     0.00000     0.00000     0.00000     0.00000     0.00000     0.00000     0.00000     0.00000     0.00000
     1.22590     0.00000     0.00000     0.00000     0.00000     0.00000     0.00000     0.00000     0.00000     0.00000     0.00000
     1.32490     0.00000     0.00000     0.00000     0.00000     0.00000     0.00000     0.00000     0.00000     0.00000     0.00000
     1.42290     0.00000     0.00000     0.00000     0.00000     0.00000     0.00000     0.00000     0.00000     0.00000     0.00000
     1.52090     0.00000     0.00000     0.00000     0.00000     0.00000     0.00000     0.00000     0.00000     0.00000     0.00000
     1.61890     0.00000     0.00000     0.00000     0.00000     0.00000     0.00000     0.00000     0.00000     0.00000     0.00000
     1.71690     0.00000     0.00000     0.00000     0.00000     0.00000     0.00000     0.00000     0.00000     0.00000     0.00000
     1.81490     0.00000     0.00000     0.00000     0.00000     0.00000     0.00000     0.00000     0.00000     0.00000     0.00000
     1.91290    -0.00045    -0.11361    -0.16655    -0.14154     0.00000     0.00000     0.00000     0.00000     0.00000    -0.42216
     2.01090    -0.00085    -0.86754    -1.27449    -1.08655     0.00000     0.00000     0.00000     0.00000     0.00000    -3.22944
     2.10890    -0.00099    -0.19562    -0.29539    -0.24417     0.00000     0.00000     0.00000     0.00000     0.00000    -0.73617
     2.20790    -0.00492    -0.07695    -0.11221    -0.09269     0.00000     0.00000     0.00000     0.00000     0.00000    -0.28677
     2.30590    -0.00280    -0.03328    -0.05083    -0.04219     0.00000     0.00000     0.00000     0.00000     0.00000    -0.12910
     2.40390    -0.00274    -0.02709    -0.03534    -0.02837     0.00000     0.00000     0.00000     0.00000     0.00000    -0.09354
     2.50190    -0.00128    -0.01362    -0.01875    -0.01613     0.00000     0.00000     0.00000     0.00000     0.00000    -0.04977
     2.59990    -0.00217    -0.04384    -0.06496    -0.05451     0.00000     0.00000     0.00000     0.00000     0.00000    -0.16549
     2.69790    -0.00522    -0.06054    -0.09038    -0.07644     0.00000     0.00000     0.00000     0.00000     0.00000    -0.23259
     2.79590     0.00000     0.00000     0.00000     0.00000     0.00000     0.00000     0.00000     0.00000     0.00000     0.00000
     2.89390    -0.00189   -31.27030   -45.53403   -38.70553     0.00000     0.00000     0.00000     0.00000     0.00000  -115.51175
     2.99190     0.00000     0.00000     0.00000     0.00000     0.00000     0.00000     0.00000     0.00000     0.00000     0.00000
     3.09090     0.00000     0.00000     0.00000     0.00000     0.00000     0.00000     0.00000     0.00000     0.00000     0.00000
     3.18890     0.00000     0.00000     0.00000     0.00000     0.00000     0.00000     0.00000     0.00000     0.00000     0.00000
     3.28690     0.00000     0.00000     0.00000     0.00000     0.00000     0.00000     0.00000     0.00000     0.00000     0.00000
     3.38490     0.00000     0.00000     0.00000     0.00000     0.00000     0.00000     0.00000     0.00000     0.00000     0.00000
     3.48290     0.00000     0.00000     0.00000     0.00000     0.00000     0.00000     0.00000     0.00000     0.00000     0.00000
     3.58090     0.00000     0.00000     0.00000     0.00000     0.00000     0.00000     0.00000     0.00000     0.00000     0.00000
     3.67890     0.00000     0.00000     0.00000     0.00000     0.00000     0.00000     0.00000     0.00000     0.00000     0.00000
     3.77690     0.00000     0.00000     0.00000     0.00000     0.00000     0.00000     0.00000     0.00000     0.00000     0.00000
     3.87490     0.00000     0.00000     0.00000     0.00000     0.00000     0.00000     0.00000     0.00000     0.00000     0.00000
     3.97390     0.00000     0.00000     0.00000     0.00000     0.00000     0.00000     0.00000     0.00000     0.00000     0.00000
     4.07190    -0.02141    -0.01499    -0.01438    -0.01483     0.00000     0.00000     0.00000     0.00000     0.00000    -0.06560
     4.16990    -0.02303    -0.01611    -0.01527    -0.01652     0.00000     0.00000     0.00000     0.00000     0.00000    -0.07093
     4.26790    -0.03588    -0.02433    -0.02224    -0.02668     0.00000     0.00000     0.00000     0.00000     0.00000    -0.10913
     4.36590    -0.02955    -0.02025    -0.01928    -0.02262     0.00000     0.00000     0.00000     0.00000     0.00000    -0.09170
     4.46390     0.00000     0.00000     0.00000     0.00000     0.00000     0.00000     0.00000     0.00000     0.00000     0.00000
     4.56190    -0.03849    -0.02921    -0.03257    -0.03198     0.00000     0.00000     0.00000     0.00000     0.00000    -0.13225
     4.65990    -0.05791    -0.04338    -0.04867    -0.05436     0.00000     0.00000     0.00000     0.00000     0.00000    -0.20433
     4.75790     0.00000     0.00000     0.00000     0.00000     0.00000     0.00000     0.00000     0.00000     0.00000     0.00000
     4.85590    -0.02581    -0.02299    -0.03009    -0.02487     0.00000     0.00000     0.00000     0.00000     0.00000    -0.10376
     4.95490    -0.07349    -0.06217    -0.08067    -0.05603     0.00000     0.00000     0.00000     0.00000     0.00000    -0.27236
     5.05290    -0.03730    -0.03380    -0.04184    -0.03077     0.00000     0.00000     0.00000     0.00000     0.00000    -0.14370
     5.15090    -0.01032    -0.03029    -0.04011    -0.03169     0.00000     0.00000     0.00000     0.00000     0.00000    -0.11242
     5.24890    -0.04209    -0.04870    -0.05400    -0.04136     0.00000     0.00000     0.00000     0.00000     0.00000    -0.18614
     5.34690    -0.09653    -0.31091    -0.37536    -0.34481     0.00000     0.00000     0.00000     0.00000     0.00000    -1.12761
     5.44490    -0.06075    -0.35190    -0.49569    -0.40037     0.00000     0.00000     0.00000     0.00000     0.00000    -1.30871
     5.54290    -0.05019    -0.28915    -0.41671    -0.34674     0.00000     0.00000     0.00000     0.00000     0.00000    -1.10279
     5.64090    -0.05786    -0.09789    -0.12006    -0.10664     0.00000     0.00000     0.00000     0.00000     0.00000    -0.38245
     5.73890    -0.08811    -0.11860    -0.15717    -0.14619     0.00000     0.00000     0.00000     0.00000     0.00000    -0.51007
     5.83790    -0.07572    -0.09996    -0.13340    -0.12667     0.00000     0.00000     0.00000     0.00000     0.00000    -0.43575
     5.93590    -0.07532    -0.07154    -0.09095    -0.08234     0.00000     0.00000     0.00000     0.00000     0.00000    -0.32015
     6.03390    -0.04735    -0.07069    -0.08699    -0.07859     0.00000     0.00000     0.00000     0.00000     0.00000    -0.28363
     6.13190    -0.08566    -0.09505    -0.13643    -0.13142     0.00000     0.00000     0.00000     0.00000     0.00000    -0.44856
     6.22990    -0.03977    -0.08309    -0.13076    -0.10510     0.00000     0.00000     0.00000     0.00000     0.00000    -0.35872
     6.32790    -0.09075    -0.16346    -0.23652    -0.20625     0.00000     0.00000     0.00000     0.00000     0.00000    -0.69698
     6.42590    -0.02851    -0.12246    -0.16980    -0.14620     0.00000     0.00000     0.00000     0.00000     0.00000    -0.46698
     6.52390    -0.11450    -0.42290    -0.58012    -0.55019     0.00000     0.00000     0.00000     0.00000     0.00000    -1.66771
     6.62190    -0.08333    -0.44697    -0.59483    -0.47459     0.00000     0.00000     0.00000     0.00000     0.00000    -1.59972
     6.72090    -0.08038    -0.21221    -0.30169    -0.24520     0.00000     0.00000     0.00000     0.00000     0.00000    -0.83948
     6.81890    -0.05506    -0.09469    -0.11967    -0.09651     0.00000     0.00000     0.00000     0.00000     0.00000    -0.36593
     6.91690    -0.13823    -0.22544    -0.28227    -0.25967     0.00000     0.00000     0.00000     0.00000     0.00000    -0.90561
     7.01490    -0.06626    -0.14716    -0.19452    -0.17352     0.00000     0.00000     0.00000     0.00000     0.00000    -0.58145
     7.11290    -0.08548    -0.18499    -0.25947    -0.20375     0.00000     0.00000     0.00000     0.00000     0.00000    -0.73369
     7.21090    -0.09006    -0.16598    -0.20745    -0.17902     0.00000     0.00000     0.00000     0.00000     0.00000    -0.64251
     7.30890    -0.10940    -0.15974    -0.21092    -0.18353     0.00000     0.00000     0.00000     0.00000     0.00000    -0.66359
     7.40690    -0.10658    -0.16098    -0.22482    -0.19662     0.00000     0.00000     0.00000     0.00000     0.00000    -0.68900
     7.50490    -0.07330    -0.11673    -0.17105    -0.11908     0.00000     0.00000     0.00000     0.00000     0.00000    -0.48016
     7.60390    -0.11135    -0.17661    -0.26561    -0.23478     0.00000     0.00000     0.00000     0.00000     0.00000    -0.78836
     7.70190    -0.07008    -0.09302    -0.12470    -0.09306     0.00000     0.00000     0.00000     0.00000     0.00000    -0.38085
     7.79990    -0.13161    -0.15917    -0.23988    -0.18170     0.00000     0.00000     0.00000     0.00000     0.00000    -0.71236
     7.89790    -0.10936    -0.10819    -0.17689    -0.13509     0.00000     0.00000     0.00000     0.00000     0.00000    -0.52953
     7.99590    -0.15230    -0.19827    -0.25566    -0.21659     0.00000     0.00000     0.00000     0.00000     0.00000    -0.82283
     8.09390    -0.13406    -0.16230    -0.23200    -0.19388     0.00000     0.00000     0.00000     0.00000     0.00000    -0.72224
     8.19190    -0.09918    -0.10176    -0.12634    -0.11714     0.00000     0.00000     0.00000     0.00000     0.00000    -0.44442
     8.28990    -0.08181    -0.08115    -0.08596    -0.07770     0.00000     0.00000     0.00000     0.00000     0.00000    -0.32662
     8.38790    -0.11029    -0.11076    -0.12684    -0.12038     0.00000     0.00000     0.00000     0.00000     0.00000    -0.46826
     8.48690    -0.10219    -0.11150    -0.13716    -0.11274     0.00000     0.00000     0.00000     0.00000     0.00000    -0.46359
     8.58490    -0.12844    -0.13255    -0.15549    -0.13241     0.00000     0.00000     0.00000     0.00000     0.00000    -0.54890
     8.68290    -0.12071    -0.12072    -0.14459    -0.11014     0.00000     0.00000     0.00000     0.00000     0.00000    -0.49616
     8.78090    -0.17614    -0.14312    -0.17539    -0.14408     0.00000     0.00000     0.00000     0.00000     0.00000    -0.63874
     8.87890    -0.21435    -0.14899    -0.18811    -0.14105     0.00000     0.00000     0.00000     0.00000     0.00000    -0.69250
     8.97690    -0.19781    -0.12770    -0.16256    -0.13158     0.00000     0.00000     0.00000     0.00000     0.00000    -0.61964
     9.07490    -0.19358    -0.13349    -0.16861    -0.11675     0.00000     0.00000     0.00000     0.00000     0.00000    -0.61243
     9.17290    -0.21423    -0.18919    -0.21901    -0.17203     0.00000     0.00000     0.00000     0.00000     0.00000    -0.79446
     9.27090    -0.13047    -0.11349    -0.13695    -0.10352     0.00000     0.00000     0.00000     0.00000     0.00000    -0.48442
     9.36890    -0.16681    -0.14451    -0.17496    -0.13523     0.00000     0.00000     0.00000     0.00000     0.00000    -0.62151
     9.46790    -0.17852    -0.17258    -0.20051    -0.15614     0.00000     0.00000     0.00000     0.00000     0.00000    -0.70774
     9.56590    -0.15801    -0.12412    -0.16084    -0.11899     0.00000     0.00000     0.00000     0.00000     0.00000    -0.56196
     9.66390    -0.16163    -0.14843    -0.15518    -0.11433     0.00000     0.00000     0.00000     0.00000     0.00000    -0.57957
     9.76190    -0.17265    -0.13230    -0.16009    -0.12867     0.00000     0.00000     0.00000     0.00000     0.00000    -0.59370
     9.85990    -0.06160    -0.04596    -0.05375    -0.04845     0.00000     0.00000     0.00000     0.00000     0.00000    -0.20977
     9.95790     0.00000     0.00000     0.00000     0.00000     0.00000     0.00000     0.00000     0.00000     0.00000     0.00000
    10.05590     0.00000     0.00000     0.00000     0.00000     0.00000     0.00000     0.00000     0.00000     0.00000     0.00000
    10.15390     0.00000     0.00000     0.00000     0.00000     0.00000     0.00000     0.00000     0.00000     0.00000     0.00000
    10.25190     0.00000     0.00000     0.00000     0.00000     0.00000     0.00000     0.00000     0.00000     0.00000     0.00000
    10.35090     0.00000     0.00000     0.00000     0.00000     0.00000     0.00000     0.00000     0.00000     0.00000     0.00000
    10.44890     0.00000     0.00000     0.00000     0.00000     0.00000     0.00000     0.00000     0.00000     0.00000     0.00000
    10.54690     0.00000     0.00000     0.00000     0.00000     0.00000     0.00000     0.00000     0.00000     0.00000     0.00000
    10.64490     0.00000     0.00000     0.00000     0.00000     0.00000     0.00000     0.00000     0.00000     0.00000     0.00000
    10.74290     0.00000     0.00000     0.00000     0.00000     0.00000     0.00000     0.00000     0.00000     0.00000     0.00000
    10.84090     0.00000     0.00000     0.00000     0.00000     0.00000     0.00000     0.00000     0.00000     0.00000     0.00000
    10.93890     0.00000     0.00000     0.00000     0.00000     0.00000     0.00000     0.00000     0.00000     0.00000     0.00000
    11.03690     0.00000     0.00000     0.00000     0.00000     0.00000     0.00000     0.00000     0.00000     0.00000     0.00000
    11.13490     0.00000     0.00000     0.00000     0.00000     0.00000     0.00000     0.00000     0.00000     0.00000     0.00000
    11.23390     0.00000     0.00000     0.00000     0.00000     0.00000     0.00000     0.00000     0.00000     0.00000     0.00000
