     #Energy           s          py          pz          px         dxy         dyz         dz2         dxz         dx2       tot  
   -18.19910     0.00000     0.00000     0.00000     0.00000     0.00000     0.00000     0.00000     0.00000     0.00000     0.00000
   -18.10110     0.00000     0.00000     0.00000     0.00000     0.00000     0.00000     0.00000     0.00000     0.00000     0.00000
   -18.00310     0.00000     0.00000     0.00000     0.00000     0.00000     0.00000     0.00000     0.00000     0.00000     0.00000
   -17.90510     0.00000     0.00000     0.00000     0.00000     0.00000     0.00000     0.00000     0.00000     0.00000     0.00000
   -17.80710     0.00000     0.00000     0.00000     0.00000     0.00000     0.00000     0.00000     0.00000     0.00000     0.00000
   -17.70910     0.00000     0.00000     0.00000     0.00000     0.00000     0.00000     0.00000     0.00000     0.00000     0.00000
   -17.61010     0.00000     0.00000     0.00000     0.00000     0.00000     0.00000     0.00000     0.00000     0.00000     0.00000
   -17.51210     0.00000     0.00000     0.00000     0.00000     0.00000     0.00000     0.00000     0.00000     0.00000     0.00000
   -17.41410     0.00000     0.00000     0.00000     0.00000     0.00000     0.00000     0.00000     0.00000     0.00000     0.00000
   -17.31610     0.00000     0.00000     0.00000     0.00000     0.00000     0.00000     0.00000     0.00000     0.00000     0.00000
   -17.21810     0.00000     0.00000     0.00000     0.00000     0.00000     0.00000     0.00000     0.00000     0.00000     0.00000
   -17.12010     0.00000     0.00000     0.00000     0.00000     0.00000     0.00000     0.00000     0.00000     0.00000     0.00000
   -17.02210     0.00000     0.00000     0.00000     0.00000     0.00000     0.00000     0.00000     0.00000     0.00000     0.00000
   -16.92410     0.00000     0.00000     0.00000     0.00000     0.00000     0.00000     0.00000     0.00000     0.00000     0.00000
   -16.82610     0.00000     0.00000     0.00000     0.00000     0.00000     0.00000     0.00000     0.00000     0.00000     0.00000
   -16.72710     0.00000     0.00000     0.00000     0.00000     0.00000     0.00000     0.00000     0.00000     0.00000     0.00000
   -16.62910     0.00000     0.00000     0.00000     0.00000     0.00000     0.00000     0.00000     0.00000     0.00000     0.00000
   -16.53110     0.00000     0.00000     0.00000     0.00000     0.00000     0.00000     0.00000     0.00000     0.00000     0.00000
   -16.43310     0.00000     0.00000     0.00000     0.00000     0.00000     0.00000     0.00000     0.00000     0.00000     0.00000
   -16.33510     0.00000     0.00000     0.00000     0.00000     0.00000     0.00000     0.00000     0.00000     0.00000     0.00000
   -16.23710     0.00000     0.00000     0.00000     0.00000     0.00000     0.00000     0.00000     0.00000     0.00000     0.00000
   -16.13910     0.00000     0.00000     0.00000     0.00000     0.00000     0.00000     0.00000     0.00000     0.00000     0.00000
   -16.04110     0.00000     0.00000     0.00000     0.00000     0.00000     0.00000     0.00000     0.00000     0.00000     0.00000
   -15.94310     0.00000     0.00000     0.00000     0.00000     0.00000     0.00000     0.00000     0.00000     0.00000     0.00000
   -15.84410     0.00000     0.00000     0.00000     0.00000     0.00000     0.00000     0.00000     0.00000     0.00000     0.00000
   -15.74610     0.00000     0.00000     0.00000     0.00000     0.00000     0.00000     0.00000     0.00000     0.00000     0.00000
   -15.64810     9.03610     0.01569     0.01789     0.01674     0.00002     0.00004     0.00116     0.00002     0.00120     9.08887
   -15.55010     4.50160     0.00800     0.00890     0.00855     0.00002     0.00003     0.00057     0.00002     0.00061     4.52830
   -15.45210     9.50970     0.01790     0.01932     0.01866     0.00006     0.00009     0.00129     0.00005     0.00131     9.56839
   -15.35410     6.51370     0.01193     0.01307     0.01253     0.00006     0.00008     0.00089     0.00006     0.00091     6.55323
   -15.25610     0.00000     0.00000     0.00000     0.00000     0.00000     0.00000     0.00000     0.00000     0.00000     0.00000
   -15.15810    10.90370     0.01643     0.01709     0.01627     0.00020     0.00022     0.00124     0.00019     0.00119    10.95653
   -15.06010    27.83430     0.01737     0.01786     0.01704     0.00088     0.00099     0.00201     0.00105     0.00211    27.89362
   -14.96110    79.96400     0.05876     0.06698     0.05988     0.00262     0.00275     0.00550     0.00255     0.00578    80.16882
   -14.86310    47.37720     0.01886     0.02098     0.01938     0.00050     0.00062     0.00319     0.00048     0.00346    47.44468
   -14.76510     0.00000     0.00000     0.00000     0.00000     0.00000     0.00000     0.00000     0.00000     0.00000     0.00000
   -14.66710     0.00000     0.00000     0.00000     0.00000     0.00000     0.00000     0.00000     0.00000     0.00000     0.00000
   -14.56910     0.00000     0.00000     0.00000     0.00000     0.00000     0.00000     0.00000     0.00000     0.00000     0.00000
   -14.47110     0.00000     0.00000     0.00000     0.00000     0.00000     0.00000     0.00000     0.00000     0.00000     0.00000
   -14.37310     0.00000     0.00000     0.00000     0.00000     0.00000     0.00000     0.00000     0.00000     0.00000     0.00000
   -14.27510     0.00000     0.00000     0.00000     0.00000     0.00000     0.00000     0.00000     0.00000     0.00000     0.00000
   -14.17710     0.00000     0.00000     0.00000     0.00000     0.00000     0.00000     0.00000     0.00000     0.00000     0.00000
   -14.07910     0.00000     0.00000     0.00000     0.00000     0.00000     0.00000     0.00000     0.00000     0.00000     0.00000
   -13.98010     0.00000     0.00000     0.00000     0.00000     0.00000     0.00000     0.00000     0.00000     0.00000     0.00000
   -13.88210     0.00000     0.00000     0.00000     0.00000     0.00000     0.00000     0.00000     0.00000     0.00000     0.00000
   -13.78410     0.00000     0.00000     0.00000     0.00000     0.00000     0.00000     0.00000     0.00000     0.00000     0.00000
   -13.68610     0.00000     0.00000     0.00000     0.00000     0.00000     0.00000     0.00000     0.00000     0.00000     0.00000
   -13.58810     0.00000     0.00000     0.00000     0.00000     0.00000     0.00000     0.00000     0.00000     0.00000     0.00000
   -13.49010     0.00000     0.00000     0.00000     0.00000     0.00000     0.00000     0.00000     0.00000     0.00000     0.00000
   -13.39210     0.00000     0.00000     0.00000     0.00000     0.00000     0.00000     0.00000     0.00000     0.00000     0.00000
   -13.29410     0.00000     0.00000     0.00000     0.00000     0.00000     0.00000     0.00000     0.00000     0.00000     0.00000
   -13.19610     0.00000     0.00000     0.00000     0.00000     0.00000     0.00000     0.00000     0.00000     0.00000     0.00000
   -13.09710     0.00000     0.00000     0.00000     0.00000     0.00000     0.00000     0.00000     0.00000     0.00000     0.00000
   -12.99910     0.00000     0.00000     0.00000     0.00000     0.00000     0.00000     0.00000     0.00000     0.00000     0.00000
   -12.90110     0.00000     0.00000     0.00000     0.00000     0.00000     0.00000     0.00000     0.00000     0.00000     0.00000
   -12.80310     0.00000     0.00000     0.00000     0.00000     0.00000     0.00000     0.00000     0.00000     0.00000     0.00000
   -12.70510     0.00000     0.00000     0.00000     0.00000     0.00000     0.00000     0.00000     0.00000     0.00000     0.00000
   -12.60710     0.00000     0.00000     0.00000     0.00000     0.00000     0.00000     0.00000     0.00000     0.00000     0.00000
   -12.50910     0.00000     0.00000     0.00000     0.00000     0.00000     0.00000     0.00000     0.00000     0.00000     0.00000
   -12.41110     0.00000     0.00000     0.00000     0.00000     0.00000     0.00000     0.00000     0.00000     0.00000     0.00000
   -12.31310     0.00000     0.00000     0.00000     0.00000     0.00000     0.00000     0.00000     0.00000     0.00000     0.00000
   -12.21410     0.00000     0.00000     0.00000     0.00000     0.00000     0.00000     0.00000     0.00000     0.00000     0.00000
   -12.11610     0.00000     0.00000     0.00000     0.00000     0.00000     0.00000     0.00000     0.00000     0.00000     0.00000
   -12.01810     0.00000     0.00000     0.00000     0.00000     0.00000     0.00000     0.00000     0.00000     0.00000     0.00000
   -11.92010     0.00000     0.00000     0.00000     0.00000     0.00000     0.00000     0.00000     0.00000     0.00000     0.00000
   -11.82210     0.00000     0.00000     0.00000     0.00000     0.00000     0.00000     0.00000     0.00000     0.00000     0.00000
   -11.72410     0.00000     0.00000     0.00000     0.00000     0.00000     0.00000     0.00000     0.00000     0.00000     0.00000
   -11.62610     0.00000     0.00000     0.00000     0.00000     0.00000     0.00000     0.00000     0.00000     0.00000     0.00000
   -11.52810     0.00000     0.00000     0.00000     0.00000     0.00000     0.00000     0.00000     0.00000     0.00000     0.00000
   -11.43010     0.00000     0.00000     0.00000     0.00000     0.00000     0.00000     0.00000     0.00000     0.00000     0.00000
   -11.33110     0.00000     0.00000     0.00000     0.00000     0.00000     0.00000     0.00000     0.00000     0.00000     0.00000
   -11.23310     0.00000     0.00000     0.00000     0.00000     0.00000     0.00000     0.00000     0.00000     0.00000     0.00000
   -11.13510     0.00000     0.00000     0.00000     0.00000     0.00000     0.00000     0.00000     0.00000     0.00000     0.00000
   -11.03710     0.00000     0.00000     0.00000     0.00000     0.00000     0.00000     0.00000     0.00000     0.00000     0.00000
   -10.93910     0.00000     0.00000     0.00000     0.00000     0.00000     0.00000     0.00000     0.00000     0.00000     0.00000
   -10.84110     0.00000     0.00000     0.00000     0.00000     0.00000     0.00000     0.00000     0.00000     0.00000     0.00000
   -10.74310     0.00000     0.00000     0.00000     0.00000     0.00000     0.00000     0.00000     0.00000     0.00000     0.00000
   -10.64510     0.00000     0.00000     0.00000     0.00000     0.00000     0.00000     0.00000     0.00000     0.00000     0.00000
   -10.54710     0.00000     0.00000     0.00000     0.00000     0.00000     0.00000     0.00000     0.00000     0.00000     0.00000
   -10.44810     0.00000     0.00000     0.00000     0.00000     0.00000     0.00000     0.00000     0.00000     0.00000     0.00000
   -10.35010     0.00000     0.00000     0.00000     0.00000     0.00000     0.00000     0.00000     0.00000     0.00000     0.00000
   -10.25210     0.00000     0.00000     0.00000     0.00000     0.00000     0.00000     0.00000     0.00000     0.00000     0.00000
   -10.15410     0.00000     0.00000     0.00000     0.00000     0.00000     0.00000     0.00000     0.00000     0.00000     0.00000
   -10.05610     0.00000     0.00000     0.00000     0.00000     0.00000     0.00000     0.00000     0.00000     0.00000     0.00000
    -9.95810     0.00000     0.00000     0.00000     0.00000     0.00000     0.00000     0.00000     0.00000     0.00000     0.00000
    -9.86010     0.00000     0.00000     0.00000     0.00000     0.00000     0.00000     0.00000     0.00000     0.00000     0.00000
    -9.76210     0.00000     0.00000     0.00000     0.00000     0.00000     0.00000     0.00000     0.00000     0.00000     0.00000
    -9.66410     0.00000     0.00000     0.00000     0.00000     0.00000     0.00000     0.00000     0.00000     0.00000     0.00000
    -9.56610     0.00000     0.00000     0.00000     0.00000     0.00000     0.00000     0.00000     0.00000     0.00000     0.00000
    -9.46710     0.00000     0.00000     0.00000     0.00000     0.00000     0.00000     0.00000     0.00000     0.00000     0.00000
    -9.36910     0.00000     0.00000     0.00000     0.00000     0.00000     0.00000     0.00000     0.00000     0.00000     0.00000
    -9.27110     0.00000     0.00000     0.00000     0.00000     0.00000     0.00000     0.00000     0.00000     0.00000     0.00000
    -9.17310     0.00000     0.00000     0.00000     0.00000     0.00000     0.00000     0.00000     0.00000     0.00000     0.00000
    -9.07510     0.00000     0.00000     0.00000     0.00000     0.00000     0.00000     0.00000     0.00000     0.00000     0.00000
    -8.97710     0.00000     0.00000     0.00000     0.00000     0.00000     0.00000     0.00000     0.00000     0.00000     0.00000
    -8.87910     0.00000     0.00000     0.00000     0.00000     0.00000     0.00000     0.00000     0.00000     0.00000     0.00000
    -8.78110     0.00000     0.00000     0.00000     0.00000     0.00000     0.00000     0.00000     0.00000     0.00000     0.00000
    -8.68310     0.00000     0.00000     0.00000     0.00000     0.00000     0.00000     0.00000     0.00000     0.00000     0.00000
    -8.58410     0.00000     0.00000     0.00000     0.00000     0.00000     0.00000     0.00000     0.00000     0.00000     0.00000
    -8.48610     0.00000     0.00000     0.00000     0.00000     0.00000     0.00000     0.00000     0.00000     0.00000     0.00000
    -8.38810     0.00000     0.00000     0.00000     0.00000     0.00000     0.00000     0.00000     0.00000     0.00000     0.00000
    -8.29010     0.00000     0.00000     0.00000     0.00000     0.00000     0.00000     0.00000     0.00000     0.00000     0.00000
    -8.19210     0.00000     0.00000     0.00000     0.00000     0.00000     0.00000     0.00000     0.00000     0.00000     0.00000
    -8.09410     0.00000     0.00000     0.00000     0.00000     0.00000     0.00000     0.00000     0.00000     0.00000     0.00000
    -7.99610     0.00000     0.00000     0.00000     0.00000     0.00000     0.00000     0.00000     0.00000     0.00000     0.00000
    -7.89810     0.00000     0.00000     0.00000     0.00000     0.00000     0.00000     0.00000     0.00000     0.00000     0.00000
    -7.80010     0.00000     0.00000     0.00000     0.00000     0.00000     0.00000     0.00000     0.00000     0.00000     0.00000
    -7.70110     0.00000     0.00000     0.00000     0.00000     0.00000     0.00000     0.00000     0.00000     0.00000     0.00000
    -7.60310     0.00000     0.00000     0.00000     0.00000     0.00000     0.00000     0.00000     0.00000     0.00000     0.00000
    -7.50510     0.00000     0.00000     0.00000     0.00000     0.00000     0.00000     0.00000     0.00000     0.00000     0.00000
    -7.40710     0.00000     0.00000     0.00000     0.00000     0.00000     0.00000     0.00000     0.00000     0.00000     0.00000
    -7.30910     0.00000     0.00000     0.00000     0.00000     0.00000     0.00000     0.00000     0.00000     0.00000     0.00000
    -7.21110     0.00000     0.00000     0.00000     0.00000     0.00000     0.00000     0.00000     0.00000     0.00000     0.00000
    -7.11310     0.00000     0.00000     0.00000     0.00000     0.00000     0.00000     0.00000     0.00000     0.00000     0.00000
    -7.01510     0.00000     0.00000     0.00000     0.00000     0.00000     0.00000     0.00000     0.00000     0.00000     0.00000
    -6.91710     0.00000     0.00000     0.00000     0.00000     0.00000     0.00000     0.00000     0.00000     0.00000     0.00000
    -6.81810     0.00000     0.00000     0.00000     0.00000     0.00000     0.00000     0.00000     0.00000     0.00000     0.00000
    -6.72010     0.00000     0.00000     0.00000     0.00000     0.00000     0.00000     0.00000     0.00000     0.00000     0.00000
    -6.62210     0.00000     0.00000     0.00000     0.00000     0.00000     0.00000     0.00000     0.00000     0.00000     0.00000
    -6.52410     0.00000     0.00000     0.00000     0.00000     0.00000     0.00000     0.00000     0.00000     0.00000     0.00000
    -6.42610     0.00000     0.00000     0.00000     0.00000     0.00000     0.00000     0.00000     0.00000     0.00000     0.00000
    -6.32810     0.00000     0.00000     0.00000     0.00000     0.00000     0.00000     0.00000     0.00000     0.00000     0.00000
    -6.23010     0.00000     0.00000     0.00000     0.00000     0.00000     0.00000     0.00000     0.00000     0.00000     0.00000
    -6.13210     0.00000     0.00000     0.00000     0.00000     0.00000     0.00000     0.00000     0.00000     0.00000     0.00000
    -6.03410     0.00000     0.00000     0.00000     0.00000     0.00000     0.00000     0.00000     0.00000     0.00000     0.00000
    -5.93510     0.00000     0.00000     0.00000     0.00000     0.00000     0.00000     0.00000     0.00000     0.00000     0.00000
    -5.83710     0.00000     0.00000     0.00000     0.00000     0.00000     0.00000     0.00000     0.00000     0.00000     0.00000
    -5.73910     0.00000     0.00000     0.00000     0.00000     0.00000     0.00000     0.00000     0.00000     0.00000     0.00000
    -5.64110     0.50883     5.78620     5.29021     5.55984     0.01389     0.01562     0.06560     0.01409     0.06544    17.31972
    -5.54310     0.15159     1.29493     1.23804     1.27121     0.00340     0.00406     0.01486     0.00348     0.01505     3.99664
    -5.44510     0.06344     0.37392     0.35313     0.36266     0.00124     0.00130     0.00358     0.00126     0.00335     1.16389
    -5.34710     0.00000     0.00000     0.00000     0.00000     0.00000     0.00000     0.00000     0.00000     0.00000     0.00000
    -5.24910     0.44407     1.77252     1.98252     1.84593     0.01099     0.01154     0.01493     0.01145     0.01298     6.10693
    -5.15110     0.00000     0.00000     0.00000     0.00000     0.00000     0.00000     0.00000     0.00000     0.00000     0.00000
    -5.05310     0.16583     2.86423     2.87237     2.87892     0.04255     0.04452     0.00739     0.04345     0.00452     8.92377
    -4.95410     0.02669     1.76577     1.65145     1.62739     0.02179     0.02117     0.00434     0.02034     0.00333     5.14226
    -4.85610     0.07627     1.73255     1.79475     1.85142     0.01914     0.01641     0.00576     0.01800     0.00446     5.51876
    -4.75810     0.05319     1.32509     1.60277     0.96240     0.00973     0.00864     0.00466     0.01044     0.00326     3.98018
    -4.66010     0.18813     6.18110     5.50730     4.88709     0.05002     0.04794     0.02291     0.05498     0.02342    16.96289
    -4.56210     0.00000     0.00000     0.00000     0.00000     0.00000     0.00000     0.00000     0.00000     0.00000     0.00000
    -4.46410     0.01524     1.29727     1.15439     1.17788     0.00323     0.00375     0.01050     0.00388     0.00998     3.67612
    -4.36610     0.01821     1.60503     1.59002     1.58641     0.00534     0.00627     0.01491     0.00632     0.01312     4.84562
    -4.26810     0.01754     0.92882     0.91972     0.98062     0.00293     0.00333     0.01113     0.00328     0.01043     2.87780
    -4.17010     0.12406     5.92218     5.44690     5.67681     0.02158     0.02000     0.04565     0.01851     0.04803    17.32371
    -4.07110     0.08432     1.10208     0.84791     0.81778     0.00491     0.00497     0.00772     0.00429     0.00878     2.88276
    -3.97310     0.07498     2.54646     2.23106     2.47245     0.00603     0.00647     0.04239     0.00570     0.04538     7.43094
    -3.87510     0.38470     4.70800     4.65330     4.33350     0.03291     0.03357     0.05910     0.03405     0.05284    14.29196
    -3.77710     0.04857     0.70838     0.68285     0.73956     0.00676     0.00671     0.00868     0.00682     0.01020     2.21855
    -3.67910     0.08268     1.94592     1.91817     1.86741     0.01760     0.01703     0.02132     0.01708     0.02146     5.90867
    -3.58110     0.20999     3.16372     2.42648     3.37671     0.02373     0.02296     0.02880     0.02376     0.03136     9.30751
    -3.48310     0.40330     4.30927     5.48664     5.36076     0.02811     0.02974     0.03048     0.03377     0.03394    15.71601
    -3.38510     0.00000     0.00000     0.00000     0.00000     0.00000     0.00000     0.00000     0.00000     0.00000     0.00000
    -3.28710     0.06064     1.20726     0.98078     1.16026     0.00401     0.00370     0.00595     0.00385     0.00597     3.43244
    -3.18810     0.06875     1.39354     1.45822     1.44076     0.00551     0.00508     0.00720     0.00451     0.00727     4.39084
    -3.09010     0.06127     1.16144     1.75484     1.68471     0.00539     0.00456     0.00764     0.00562     0.00859     4.69406
    -2.99210     0.06818     2.72202     2.22304     2.28069     0.00512     0.00489     0.01523     0.00436     0.01578     7.33930
    -2.89410     0.05091     3.15689     3.66587     3.29728     0.00551     0.00551     0.01388     0.00530     0.01235    10.21350
    -2.79610     0.03686     2.50739     2.68158     2.81441     0.00398     0.00404     0.00988     0.00365     0.01002     8.07181
    -2.69810     0.03752     3.59726     3.31041     3.19161     0.00438     0.00443     0.01150     0.00397     0.01207    10.17316
    -2.60010     0.02805     3.03642     2.76058     2.71191     0.00327     0.00336     0.00956     0.00267     0.00972     8.56554
    -2.50210     0.03858     4.35850     4.58320     3.94064     0.00529     0.00532     0.01280     0.00542     0.01291    12.96267
    -2.40410     0.10299     7.30810     7.46760     7.42070     0.01195     0.01193     0.01344     0.01218     0.01364    22.36253
    -2.30510     0.00000     0.00000     0.00000     0.00000     0.00000     0.00000     0.00000     0.00000     0.00000     0.00000
    -2.20710     0.03888     1.96379     2.13786     2.01905     0.00165     0.00192     0.00385     0.00194     0.00430     6.17324
    -2.10910     0.04537     2.61781     2.90803     2.68515     0.00253     0.00274     0.00357     0.00272     0.00408     8.27199
    -2.01110     0.04837     4.06467     3.81940     3.91839     0.00273     0.00298     0.00378     0.00274     0.00402    11.86707
    -1.91310     0.02216     4.13159     3.89926     4.30732     0.00247     0.00245     0.01026     0.00218     0.01074    12.38843
    -1.81510     0.02893     2.64375     2.52909     3.32816     0.00152     0.00124     0.00436     0.00140     0.00442     8.54287
    -1.71710     0.03742     5.57300     5.22946     4.56663     0.00206     0.00149     0.00661     0.00179     0.00639    15.42485
    -1.61910     0.00688     1.38671     1.12634     1.87187     0.00061     0.00071     0.00116     0.00061     0.00131     4.39621
    -1.52110     0.00167     4.20470     3.66520     3.93950     0.00028     0.00035     0.00585     0.00025     0.00602    11.82381
    -1.42210     0.00000     0.00000     0.00000     0.00000     0.00000     0.00000     0.00000     0.00000     0.00000     0.00000
    -1.32410     0.00000     0.00000     0.00000     0.00000     0.00000     0.00000     0.00000     0.00000     0.00000     0.00000
    -1.22610     0.00000     0.00000     0.00000     0.00000     0.00000     0.00000     0.00000     0.00000     0.00000     0.00000
    -1.12810     0.00000     0.00000     0.00000     0.00000     0.00000     0.00000     0.00000     0.00000     0.00000     0.00000
    -1.03010     0.00000     0.00000     0.00000     0.00000     0.00000     0.00000     0.00000     0.00000     0.00000     0.00000
    -0.93210     0.00000     0.00000     0.00000     0.00000     0.00000     0.00000     0.00000     0.00000     0.00000     0.00000
    -0.83410     0.00000     0.00000     0.00000     0.00000     0.00000     0.00000     0.00000     0.00000     0.00000     0.00000
    -0.73610     0.00000     0.00000     0.00000     0.00000     0.00000     0.00000     0.00000     0.00000     0.00000     0.00000
    -0.63810     0.00000     0.00000     0.00000     0.00000     0.00000     0.00000     0.00000     0.00000     0.00000     0.00000
    -0.54010     0.00000     0.00000     0.00000     0.00000     0.00000     0.00000     0.00000     0.00000     0.00000     0.00000
    -0.44110     0.00000     0.00000     0.00000     0.00000     0.00000     0.00000     0.00000     0.00000     0.00000     0.00000
    -0.34310     0.00000     0.00000     0.00000     0.00000     0.00000     0.00000     0.00000     0.00000     0.00000     0.00000
    -0.24510     0.00000     0.00000     0.00000     0.00000     0.00000     0.00000     0.00000     0.00000     0.00000     0.00000
    -0.14710     0.00000     0.00000     0.00000     0.00000     0.00000     0.00000     0.00000     0.00000     0.00000     0.00000
    -0.04910     0.00000     0.00000     0.00000     0.00000     0.00000     0.00000     0.00000     0.00000     0.00000     0.00000
     0.04890     0.00000     0.00000     0.00000     0.00000     0.00000     0.00000     0.00000     0.00000     0.00000     0.00000
     0.14690     0.00000     0.00000     0.00000     0.00000     0.00000     0.00000     0.00000     0.00000     0.00000     0.00000
     0.24490     0.00000     0.00000     0.00000     0.00000     0.00000     0.00000     0.00000     0.00000     0.00000     0.00000
     0.34290     0.94605     4.43472     5.24435     7.03629     0.01281     0.01198     0.18457     0.01228     0.21050    18.09354
     0.44190     0.79176     7.87403     6.93293     7.89499     0.02270     0.02565     0.30180     0.01887     0.30112    24.16384
     0.53990     0.05207     1.20960     0.93943     1.13981     0.00148     0.00270     0.04342     0.00176     0.05132     3.44159
     0.63790     0.09984     4.34414     3.78701     4.18704     0.00229     0.00539     0.15879     0.00217     0.16586    12.75252
     0.73590     0.00000     0.00000     0.00000     0.00000     0.00000     0.00000     0.00000     0.00000     0.00000     0.00000
     0.83390     0.00000     0.00000     0.00000     0.00000     0.00000     0.00000     0.00000     0.00000     0.00000     0.00000
     0.93190     0.00000     0.00000     0.00000     0.00000     0.00000     0.00000     0.00000     0.00000     0.00000     0.00000
     1.02990     0.00000     0.00000     0.00000     0.00000     0.00000     0.00000     0.00000     0.00000     0.00000     0.00000
     1.12790     0.00000     0.00000     0.00000     0.00000     0.00000     0.00000     0.00000     0.00000     0.00000     0.00000
     1.22590     0.00000     0.00000     0.00000     0.00000     0.00000     0.00000     0.00000     0.00000     0.00000     0.00000
     1.32490     0.00000     0.00000     0.00000     0.00000     0.00000     0.00000     0.00000     0.00000     0.00000     0.00000
     1.42290     0.00000     0.00000     0.00000     0.00000     0.00000     0.00000     0.00000     0.00000     0.00000     0.00000
     1.52090     0.00000     0.00000     0.00000     0.00000     0.00000     0.00000     0.00000     0.00000     0.00000     0.00000
     1.61890     0.00000     0.00000     0.00000     0.00000     0.00000     0.00000     0.00000     0.00000     0.00000     0.00000
     1.71690     0.00000     0.00000     0.00000     0.00000     0.00000     0.00000     0.00000     0.00000     0.00000     0.00000
     1.81490     0.00000     0.00000     0.00000     0.00000     0.00000     0.00000     0.00000     0.00000     0.00000     0.00000
     1.91290     0.00000     0.00000     0.00000     0.00000     0.00000     0.00000     0.00000     0.00000     0.00000     0.00000
     2.01090     0.00000     0.00000     0.00000     0.00000     0.00000     0.00000     0.00000     0.00000     0.00000     0.00000
     2.10890     0.00000     0.00000     0.00000     0.00000     0.00000     0.00000     0.00000     0.00000     0.00000     0.00000
     2.20790     0.00000     0.00000     0.00000     0.00000     0.00000     0.00000     0.00000     0.00000     0.00000     0.00000
     2.30590     0.00000     0.00000     0.00000     0.00000     0.00000     0.00000     0.00000     0.00000     0.00000     0.00000
     2.40390     0.00000     0.00000     0.00000     0.00000     0.00000     0.00000     0.00000     0.00000     0.00000     0.00000
     2.50190     0.00000     0.00000     0.00000     0.00000     0.00000     0.00000     0.00000     0.00000     0.00000     0.00000
     2.59990     0.00000     0.00000     0.00000     0.00000     0.00000     0.00000     0.00000     0.00000     0.00000     0.00000
     2.69790     0.00000     0.00000     0.00000     0.00000     0.00000     0.00000     0.00000     0.00000     0.00000     0.00000
     2.79590     0.00000     0.00000     0.00000     0.00000     0.00000     0.00000     0.00000     0.00000     0.00000     0.00000
     2.89390     0.00000     0.00000     0.00000     0.00000     0.00000     0.00000     0.00000     0.00000     0.00000     0.00000
     2.99190     0.00000     0.00000     0.00000     0.00000     0.00000     0.00000     0.00000     0.00000     0.00000     0.00000
     3.09090     0.00000     0.00000     0.00000     0.00000     0.00000     0.00000     0.00000     0.00000     0.00000     0.00000
     3.18890     0.00000     0.00000     0.00000     0.00000     0.00000     0.00000     0.00000     0.00000     0.00000     0.00000
     3.28690     0.00000     0.00000     0.00000     0.00000     0.00000     0.00000     0.00000     0.00000     0.00000     0.00000
     3.38490     0.00000     0.00000     0.00000     0.00000     0.00000     0.00000     0.00000     0.00000     0.00000     0.00000
     3.48290     0.00000     0.00000     0.00000     0.00000     0.00000     0.00000     0.00000     0.00000     0.00000     0.00000
     3.58090     0.00000     0.00000     0.00000     0.00000     0.00000     0.00000     0.00000     0.00000     0.00000     0.00000
     3.67890     0.00000     0.00000     0.00000     0.00000     0.00000     0.00000     0.00000     0.00000     0.00000     0.00000
     3.77690     0.00000     0.00000     0.00000     0.00000     0.00000     0.00000     0.00000     0.00000     0.00000     0.00000
     3.87490     0.00000     0.00000     0.00000     0.00000     0.00000     0.00000     0.00000     0.00000     0.00000     0.00000
     3.97390     0.19948     0.01358     0.01452     0.01334     0.00021     0.00022     0.00148     0.00029     0.00154     0.24467
     4.07190     0.12667     0.01472     0.01453     0.01413     0.00032     0.00033     0.00116     0.00041     0.00122     0.17349
     4.16990     0.14018     0.02242     0.02094     0.02137     0.00067     0.00064     0.00152     0.00080     0.00167     0.21020
     4.26790     0.14343     0.02843     0.02805     0.02665     0.00103     0.00105     0.00184     0.00129     0.00207     0.23382
     4.36590     0.00000     0.00000     0.00000     0.00000     0.00000     0.00000     0.00000     0.00000     0.00000     0.00000
     4.46390     0.08884     0.02311     0.02660     0.02142     0.00129     0.00148     0.00199     0.00171     0.00207     0.16850
     4.56190     0.37778     0.10930     0.11101     0.11716     0.00444     0.00387     0.00723     0.00470     0.00741     0.74289
     4.65990     0.00000     0.00000     0.00000     0.00000     0.00000     0.00000     0.00000     0.00000     0.00000     0.00000
     4.75790     0.16199     0.05974     0.06362     0.05993     0.00283     0.00355     0.00968     0.00371     0.00733     0.37238
     4.85590     0.06379     0.03314     0.03419     0.03051     0.00271     0.00289     0.02807     0.00287     0.01280     0.21096
     4.95490     0.22661     0.12526     0.13020     0.11123     0.01004     0.00960     0.09186     0.01048     0.07507     0.79035
     5.05290     0.20364     0.19801     0.18088     0.17576     0.01101     0.01506     0.29296     0.01103     0.25603     1.34440
     5.15090     0.27792     0.29836     0.27822     0.30065     0.01574     0.02489     0.33760     0.01812     0.44080     1.99231
     5.24890     0.37192     0.33194     0.33122     0.32238     0.03421     0.04116     0.29908     0.03413     0.37536     2.14139
     5.34690     0.46733     0.63182     0.61421     0.65190     0.07908     0.09971     0.77462     0.08012     0.71364     4.11243
     5.44490     0.45062     0.29401     0.30955     0.27845     0.06508     0.07130     0.28864     0.06479     0.24684     2.06928
     5.54290     1.38968     0.71959     0.71661     0.72522     0.23411     0.22938     0.55673     0.22198     0.56380     5.35711
     5.64090     0.50933     0.26610     0.26387     0.26442     0.06410     0.07334     0.15869     0.07099     0.12564     1.79649
     5.73890     0.29351     0.12883     0.14092     0.12684     0.05253     0.05790     0.06504     0.05553     0.07414     0.99523
     5.83790     0.79698     0.42577     0.41855     0.43794     0.20918     0.19641     0.24003     0.18772     0.30062     3.21319
     5.93590     0.90367     0.40429     0.41524     0.40142     0.34251     0.30491     0.16075     0.30864     0.24742     3.48886
     6.03390     0.47452     0.20146     0.19546     0.17520     0.16787     0.14640     0.08698     0.19141     0.09880     1.73811
     6.13190     0.38820     0.27550     0.26493     0.28297     0.13773     0.14779     0.24384     0.13203     0.20395     2.07692
     6.22990     0.40646     0.24455     0.23255     0.26087     0.16610     0.16362     0.17503     0.16973     0.17209     1.99100
     6.32790     0.47246     0.23079     0.19261     0.19466     0.20516     0.22390     0.17941     0.21726     0.18002     2.09627
     6.42590     0.40137     0.21800     0.21274     0.23612     0.18145     0.17223     0.16386     0.17582     0.16067     1.92225
     6.52390     0.19593     0.09473     0.09564     0.11423     0.08086     0.08311     0.08198     0.08183     0.07868     0.90700
     6.62190     0.40547     0.20254     0.20780     0.20289     0.20008     0.20158     0.17482     0.20704     0.17750     1.97974
     6.72090     0.46826     0.22582     0.23280     0.23434     0.21518     0.21217     0.22361     0.25423     0.21914     2.28555
     6.81890     0.31102     0.17584     0.16917     0.19003     0.18850     0.17622     0.17294     0.17399     0.16366     1.72136
     6.91690     0.67806     0.41185     0.42371     0.43326     0.41001     0.38922     0.33503     0.45527     0.32159     3.85799
     7.01490     0.71687     0.46582     0.49937     0.50475     0.67023     0.60413     0.41620     0.62688     0.44714     4.95139
     7.11290     0.52183     0.36179     0.36812     0.36884     0.41441     0.41837     0.30193     0.37911     0.28153     3.41594
     7.21090     0.29770     0.25122     0.27387     0.25211     0.35222     0.32126     0.21026     0.29935     0.20895     2.46693
     7.30890     0.42882     0.51465     0.43995     0.44332     0.54654     0.55234     0.34843     0.50684     0.38478     4.16567
     7.40690     0.18514     0.22355     0.21625     0.19812     0.17508     0.21028     0.23275     0.18341     0.18243     1.80700
     7.50490     0.31330     0.43691     0.37264     0.44599     0.56503     0.46842     0.34431     0.45706     0.28962     3.69329
     7.60390     0.19538     0.36195     0.35284     0.32480     0.48397     0.46799     0.31915     0.43741     0.32759     3.27108
     7.70190     0.13506     0.26089     0.24776     0.25648     0.33168     0.26808     0.27604     0.27572     0.19206     2.24378
     7.79990     0.18397     0.42562     0.49245     0.42593     0.39252     0.52435     0.37350     0.43225     0.37190     3.62248
     7.89790     0.14854     0.39008     0.42471     0.39094     0.42941     0.43053     0.30748     0.44832     0.35316     3.32316
     7.99590     0.18336     0.61758     0.66328     0.56133     0.74884     0.87757     0.61872     0.95708     0.63260     5.86036
     8.09390     0.13464     0.43191     0.38860     0.41778     0.55914     0.50297     0.39128     0.47910     0.38166     3.68708
     8.19190     0.10478     0.38080     0.34401     0.37082     0.46849     0.44087     0.54925     0.45374     0.53752     3.65028
     8.28990     0.10173     0.34131     0.36637     0.35765     0.45046     0.35564     0.43734     0.43681     0.41026     3.25757
     8.38790     0.14975     0.43062     0.41792     0.46682     0.49915     0.45118     0.48833     0.46934     0.45614     3.82925
     8.48690     0.12004     0.37927     0.40903     0.40992     0.39640     0.38930     0.53417     0.38120     0.48613     3.50545
     8.58490     0.11628     0.46487     0.49072     0.46480     0.39965     0.42953     0.52077     0.41777     0.55458     3.85897
     8.68290     0.10108     0.40157     0.38052     0.42359     0.36189     0.32589     0.40714     0.34987     0.40438     3.15594
     8.78090     0.10127     0.40886     0.39581     0.40255     0.33989     0.33846     0.39244     0.33751     0.42571     3.14249
     8.87890     0.11348     0.52046     0.47595     0.45583     0.40353     0.41463     0.40190     0.42436     0.41102     3.62116
     8.97690     0.09773     0.42742     0.39872     0.41282     0.39846     0.35158     0.43310     0.38318     0.45539     3.35839
     9.07490     0.06513     0.32729     0.32084     0.31393     0.36105     0.32794     0.33424     0.35201     0.36831     2.77074
     9.17290     0.12328     0.56162     0.59376     0.56078     0.60330     0.66345     0.62371     0.60450     0.62157     4.95597
     9.27090     0.12137     0.63986     0.65375     0.64255     0.63859     0.64597     0.58574     0.63360     0.61540     5.17683
     9.36890     0.14664     0.71862     0.75012     0.76940     0.75905     0.67083     0.64104     0.74983     0.56594     5.77147
     9.46790     0.10528     0.52867     0.53325     0.45649     0.46068     0.44006     0.35338     0.46746     0.36856     3.71383
     9.56590     0.11972     0.66511     0.60940     0.54542     0.60535     0.61659     0.56347     0.63509     0.52826     4.88841
     9.66390     0.12829     0.69799     0.71890     0.79039     0.74852     0.73490     0.73593     0.78147     0.73069     6.06708
     9.76190     0.00809     0.04258     0.05084     0.05110     0.04554     0.04366     0.04710     0.04684     0.03929     0.37504
     9.85990     0.00000     0.00000     0.00000     0.00000     0.00000     0.00000     0.00000     0.00000     0.00000     0.00000
     9.95790     0.00000     0.00000     0.00000     0.00000     0.00000     0.00000     0.00000     0.00000     0.00000     0.00000
    10.05590     0.00000     0.00000     0.00000     0.00000     0.00000     0.00000     0.00000     0.00000     0.00000     0.00000
    10.15390     0.00000     0.00000     0.00000     0.00000     0.00000     0.00000     0.00000     0.00000     0.00000     0.00000
    10.25190     0.00000     0.00000     0.00000     0.00000     0.00000     0.00000     0.00000     0.00000     0.00000     0.00000
    10.35090     0.00000     0.00000     0.00000     0.00000     0.00000     0.00000     0.00000     0.00000     0.00000     0.00000
    10.44890     0.00000     0.00000     0.00000     0.00000     0.00000     0.00000     0.00000     0.00000     0.00000     0.00000
    10.54690     0.00000     0.00000     0.00000     0.00000     0.00000     0.00000     0.00000     0.00000     0.00000     0.00000
    10.64490     0.00000     0.00000     0.00000     0.00000     0.00000     0.00000     0.00000     0.00000     0.00000     0.00000
    10.74290     0.00000     0.00000     0.00000     0.00000     0.00000     0.00000     0.00000     0.00000     0.00000     0.00000
    10.84090     0.00000     0.00000     0.00000     0.00000     0.00000     0.00000     0.00000     0.00000     0.00000     0.00000
    10.93890     0.00000     0.00000     0.00000     0.00000     0.00000     0.00000     0.00000     0.00000     0.00000     0.00000
    11.03690     0.00000     0.00000     0.00000     0.00000     0.00000     0.00000     0.00000     0.00000     0.00000     0.00000
    11.13490     0.00000     0.00000     0.00000     0.00000     0.00000     0.00000     0.00000     0.00000     0.00000     0.00000
    11.23390     0.00000     0.00000     0.00000     0.00000     0.00000     0.00000     0.00000     0.00000     0.00000     0.00000
