      #Energy        TDOS-UP        TDOS-DOWN
     -18.19910       0.00000       0.00000
     -18.10110       0.00000       0.00000
     -18.00310       0.00000       0.00000
     -17.90510       0.00000       0.00000
     -17.80710       0.00000       0.00000
     -17.70910       0.00000       0.00000
     -17.61010       0.00000       0.00000
     -17.51210       0.00000       0.00000
     -17.41410       0.00000       0.00000
     -17.31610       0.00000       0.00000
     -17.21810       0.00000       0.00000
     -17.12010       0.00000       0.00000
     -17.02210       0.00000       0.00000
     -16.92410       0.00000       0.00000
     -16.82610       0.00000       0.00000
     -16.72710       0.00000       0.00000
     -16.62910       0.00000       0.00000
     -16.53110       0.00000       0.00000
     -16.43310       0.00000       0.00000
     -16.33510       0.00000       0.00000
     -16.23710       0.00000       0.00000
     -16.13910       0.00000       0.00000
     -16.04110       0.00000       0.00000
     -15.94310       0.00000       0.00000
     -15.84410       0.00000       0.00000
     -15.74610       0.00000      -8.57500
     -15.64810      12.54000     -12.19000
     -15.55010       8.13100     -20.93000
     -15.45210      16.98000     -15.02000
     -15.35410       8.81200       0.00000
     -15.25610       0.00000     -10.22000
     -15.15810      14.09000     -24.72000
     -15.06010      35.41000     -85.74000
     -14.96110     100.60000     -31.99000
     -14.86310      59.00000       0.00000
     -14.76510       0.00000       0.00000
     -14.66710       0.00000       0.00000
     -14.56910       0.00000       0.00000
     -14.47110       0.00000       0.00000
     -14.37310       0.00000       0.00000
     -14.27510       0.00000       0.00000
     -14.17710       0.00000       0.00000
     -14.07910       0.00000       0.00000
     -13.98010       0.00000       0.00000
     -13.88210       0.00000       0.00000
     -13.78410       0.00000       0.00000
     -13.68610       0.00000       0.00000
     -13.58810       0.00000       0.00000
     -13.49010       0.00000       0.00000
     -13.39210       0.00000       0.00000
     -13.29410       0.00000       0.00000
     -13.19610       0.00000       0.00000
     -13.09710       0.00000       0.00000
     -12.99910       0.00000       0.00000
     -12.90110       0.00000       0.00000
     -12.80310       0.00000       0.00000
     -12.70510       0.00000       0.00000
     -12.60710       0.00000       0.00000
     -12.50910       0.00000       0.00000
     -12.41110       0.00000       0.00000
     -12.31310       0.00000       0.00000
     -12.21410       0.00000       0.00000
     -12.11610       0.00000       0.00000
     -12.01810       0.00000       0.00000
     -11.92010       0.00000       0.00000
     -11.82210       0.00000       0.00000
     -11.72410       0.00000       0.00000
     -11.62610       0.00000       0.00000
     -11.52810       0.00000       0.00000
     -11.43010       0.00000       0.00000
     -11.33110       0.00000       0.00000
     -11.23310       0.00000       0.00000
     -11.13510       0.00000       0.00000
     -11.03710       0.00000       0.00000
     -10.93910       0.00000       0.00000
     -10.84110       0.00000       0.00000
     -10.74310       0.00000       0.00000
     -10.64510       0.00000       0.00000
     -10.54710       0.00000       0.00000
     -10.44810       0.00000       0.00000
     -10.35010       0.00000       0.00000
     -10.25210       0.00000       0.00000
     -10.15410       0.00000       0.00000
     -10.05610       0.00000       0.00000
      -9.95810       0.00000       0.00000
      -9.86010       0.00000       0.00000
      -9.76210       0.00000       0.00000
      -9.66410       0.00000       0.00000
      -9.56610       0.00000       0.00000
      -9.46710       0.00000       0.00000
      -9.36910       0.00000       0.00000
      -9.27110       0.00000       0.00000
      -9.17310       0.00000       0.00000
      -9.07510       0.00000       0.00000
      -8.97710       0.00000       0.00000
      -8.87910       0.00000       0.00000
      -8.78110       0.00000       0.00000
      -8.68310       0.00000       0.00000
      -8.58410       0.00000       0.00000
      -8.48610       0.00000       0.00000
      -8.38810       0.00000       0.00000
      -8.29010       0.00000       0.00000
      -8.19210       0.00000       0.00000
      -8.09410       0.00000       0.00000
      -7.99610       0.00000       0.00000
      -7.89810       0.00000       0.00000
      -7.80010       0.00000       0.00000
      -7.70110       0.00000       0.00000
      -7.60310       0.00000       0.00000
      -7.50510       0.00000       0.00000
      -7.40710       0.00000       0.00000
      -7.30910       0.00000       0.00000
      -7.21110       0.00000       0.00000
      -7.11310       0.00000       0.00000
      -7.01510       0.00000       0.00000
      -6.91710       0.00000       0.00000
      -6.81810       0.00000       0.00000
      -6.72010       0.00000       0.00000
      -6.62210       0.00000       0.00000
      -6.52410       0.00000       0.00000
      -6.42610       0.00000       0.00000
      -6.32810       0.00000       0.00000
      -6.23010       0.00000       0.00000
      -6.13210       0.00000       0.00000
      -6.03410       0.00000       0.00000
      -5.93510       0.00000       0.00000
      -5.83710       0.00000       0.00000
      -5.73910       0.00000       0.00000
      -5.64110      44.87000       0.00000
      -5.54310      10.26000       0.00000
      -5.44510       2.98200       0.00000
      -5.34710       0.00000       0.00000
      -5.24910      16.28000     -17.11000
      -5.15110       0.00000      -5.46200
      -5.05310      32.17000       0.00000
      -4.95410      29.63000       0.00000
      -4.85610      18.95000     -50.18000
      -4.75810      12.13000       0.00000
      -4.66010      54.24000       0.00000
      -4.56210       0.00000     -37.04000
      -4.46410       8.97500     -13.85000
      -4.36610      12.21000     -20.78000
      -4.26810       7.49400     -16.30000
      -4.17010      70.15000     -58.55000
      -4.07110      14.74000     -30.91000
      -3.97310      20.61000     -16.42000
      -3.87510      45.42000     -14.96000
      -3.77710       8.76400     -24.18000
      -3.67910      29.32000     -11.87000
      -3.58110      45.86000      -5.31700
      -3.48310      61.09000     -16.88000
      -3.38510       0.00000     -85.79000
      -3.28710      11.48000     -11.35000
      -3.18810      13.79000     -16.92000
      -3.09010      15.07000     -37.37000
      -2.99210      23.08000     -39.28000
      -2.89410      23.10000     -33.41000
      -2.79610      17.92000     -17.83000
      -2.69810      21.48000       0.00000
      -2.60010      18.89000     -20.70000
      -2.50210      28.12000     -14.02000
      -2.40410      55.38000     -18.37000
      -2.30510       0.00000     -31.36000
      -2.20710      10.75000     -11.04000
      -2.10910      14.23000     -25.37000
      -2.01110      22.77000     -31.42000
      -1.91310      22.04000     -13.43000
      -1.81510      15.08000    -112.80000
      -1.71710      27.26000      -6.76600
      -1.61910       7.14900       0.00000
      -1.52110      18.15000       0.00000
      -1.42210       0.00000       0.00000
      -1.32410       0.00000       0.00000
      -1.22610       0.00000       0.00000
      -1.12810       0.00000       0.00000
      -1.03010       0.00000       0.00000
      -0.93210       0.00000       0.00000
      -0.83410       0.00000       0.00000
      -0.73610       0.00000       0.00000
      -0.63810       0.00000       0.00000
      -0.54010       0.00000       0.00000
      -0.44110       0.00000       0.00000
      -0.34310       0.00000       0.00000
      -0.24510       0.00000       0.00000
      -0.14710       0.00000       0.00000
      -0.04910       0.00000       0.00000
       0.04890       0.00000       0.00000
       0.14690       0.00000       0.00000
       0.24490       0.00000       0.00000
       0.34290      70.52000       0.00000
       0.44190      87.92000       0.00000
       0.53990      11.47000       0.00000
       0.63790      39.23000       0.00000
       0.73590       0.00000       0.00000
       0.83390       0.00000       0.00000
       0.93190       0.00000       0.00000
       1.02990       0.00000       0.00000
       1.12790       0.00000       0.00000
       1.22590       0.00000       0.00000
       1.32490       0.00000       0.00000
       1.42290       0.00000       0.00000
       1.52090       0.00000       0.00000
       1.61890       0.00000       0.00000
       1.71690       0.00000       0.00000
       1.81490       0.00000       0.00000
       1.91290       0.00000     -17.34000
       2.01090       0.00000     -52.18000
       2.10890       0.00000     -55.97000
       2.20790       0.00000     -79.03000
       2.30590       0.00000     -55.69000
       2.40390       0.00000     -26.51000
       2.50190       0.00000     -26.99000
       2.59990       0.00000    -102.00000
       2.69790       0.00000    -111.10000
       2.79590       0.00000       0.00000
       2.89390       0.00000    -260.00000
       2.99190       0.00000       0.00000
       3.09090       0.00000       0.00000
       3.18890       0.00000       0.00000
       3.28690       0.00000       0.00000
       3.38490       0.00000       0.00000
       3.48290       0.00000       0.00000
       3.58090       0.00000       0.00000
       3.67890       0.00000       0.00000
       3.77690       0.00000       0.00000
       3.87490       0.00000       0.00000
       3.97390       2.41900       0.00000
       4.07190       1.85800      -2.20000
       4.16990       2.45400      -2.16500
       4.26790       2.96400      -3.06000
       4.36590       0.00000      -2.49800
       4.46390       2.36300       0.00000
       4.56190      10.43000      -3.34600
       4.65990       0.00000      -7.04200
       4.75790       5.19200       0.00000
       4.85590       2.78200      -3.75300
       4.95490       9.08800      -7.09100
       5.05290       8.62800      -4.36300
       5.15090      13.66000      -5.33900
       5.24890      20.54000      -6.79100
       5.34690      31.26000     -21.08000
       5.44490      19.33000     -11.61000
       5.54290      54.98000     -18.03000
       5.64090      23.41000     -16.20000
       5.73890      11.98000     -27.34000
       5.83790      31.17000     -32.67000
       5.93590      27.48000     -19.48000
       6.03390      17.23000     -27.43000
       6.13190      22.63000     -29.81000
       6.22990      24.88000     -18.31000
       6.32790      25.43000     -30.94000
       6.42590      28.75000      -9.03500
       6.52390      13.60000     -42.85000
       6.62190      25.09000     -36.77000
       6.72090      31.37000     -31.60000
       6.81890      18.84000     -16.52000
       6.91690      39.09000     -37.38000
       7.01490      45.92000     -26.32000
       7.11290      37.24000     -37.64000
       7.21090      25.65000     -33.47000
       7.30890      44.30000     -31.78000
       7.40690      21.24000     -34.57000
       7.50490      38.91000     -23.05000
       7.60390      33.33000     -36.83000
       7.70190      28.20000     -23.27000
       7.79990      36.96000     -40.00000
       7.89790      31.53000     -33.19000
       7.99590      53.83000     -38.50000
       8.09390      40.96000     -40.03000
       8.19190      38.05000     -28.08000
       8.28990      33.57000     -33.32000
       8.38790      36.50000     -35.37000
       8.48690      35.44000     -34.22000
       8.58490      33.80000     -44.69000
       8.68290      29.72000     -38.67000
       8.78090      30.63000     -41.62000
       8.87890      36.60000     -34.81000
       8.97690      33.73000     -36.81000
       9.07490      28.85000     -29.48000
       9.17290      51.48000     -43.71000
       9.27090      43.95000     -24.99000
       9.36890      52.48000     -40.04000
       9.46790      34.50000     -47.00000
       9.56590      47.21000     -40.22000
       9.66390      52.98000     -42.89000
       9.76190       3.03200     -49.20000
       9.85990       0.00000     -15.58000
       9.95790       0.00000       0.00000
      10.05590       0.00000       0.00000
      10.15390       0.00000       0.00000
      10.25190       0.00000       0.00000
      10.35090       0.00000       0.00000
      10.44890       0.00000       0.00000
      10.54690       0.00000       0.00000
      10.64490       0.00000       0.00000
      10.74290       0.00000       0.00000
      10.84090       0.00000       0.00000
      10.93890       0.00000       0.00000
      11.03690       0.00000       0.00000
      11.13490       0.00000       0.00000
      11.23390       0.00000       0.00000
