     #Energy           s          py          pz          px         dxy         dyz         dz2         dxz         dx2       tot  
   -15.64766     0.00000     0.00000     0.00000     0.00000     0.00000     0.00000     0.00000     0.00000     0.00000     0.00000
   -15.54966     0.00000     0.00000     0.00000     0.00000     0.00000     0.00000     0.00000     0.00000     0.00000     0.00000
   -15.45166     0.00000     0.00000     0.00000     0.00000     0.00000     0.00000     0.00000     0.00000     0.00000     0.00000
   -15.35366     0.00000     0.00000     0.00000     0.00000     0.00000     0.00000     0.00000     0.00000     0.00000     0.00000
   -15.25466     0.00000     0.00000     0.00000     0.00000     0.00000     0.00000     0.00000     0.00000     0.00000     0.00000
   -15.15666     0.00000     0.00000     0.00000     0.00000     0.00000     0.00000     0.00000     0.00000     0.00000     0.00000
   -15.05866     0.00000     0.00000     0.00000     0.00000     0.00000     0.00000     0.00000     0.00000     0.00000     0.00000
   -14.96066     0.00000     0.00000     0.00000     0.00000     0.00000     0.00000     0.00000     0.00000     0.00000     0.00000
   -14.86166     0.00000     0.00000     0.00000     0.00000     0.00000     0.00000     0.00000     0.00000     0.00000     0.00000
   -14.76366     0.00000     0.00000     0.00000     0.00000     0.00000     0.00000     0.00000     0.00000     0.00000     0.00000
   -14.66566     0.00000     0.00000     0.00000     0.00000     0.00000     0.00000     0.00000     0.00000     0.00000     0.00000
   -14.56766     0.00000     0.00000     0.00000     0.00000     0.00000     0.00000     0.00000     0.00000     0.00000     0.00000
   -14.46866     0.00000     0.00000     0.00000     0.00000     0.00000     0.00000     0.00000     0.00000     0.00000     0.00000
   -14.37066     0.00000     0.00000     0.00000     0.00000     0.00000     0.00000     0.00000     0.00000     0.00000     0.00000
   -14.27266    -1.61420    -0.00275    -0.00309    -0.00272    -0.00000    -0.00001    -0.00028    -0.00000    -0.00029    -1.62336
   -14.17366    -1.78260    -0.00319    -0.00351    -0.00317    -0.00001    -0.00001    -0.00032    -0.00001    -0.00032    -1.79313
   -14.07566    -2.23800    -0.00411    -0.00445    -0.00408    -0.00001    -0.00001    -0.00040    -0.00001    -0.00041    -2.25149
   -13.97766    -1.75680    -0.00322    -0.00344    -0.00320    -0.00002    -0.00002    -0.00032    -0.00001    -0.00033    -1.76736
   -13.87966     0.00000     0.00000     0.00000     0.00000     0.00000     0.00000     0.00000     0.00000     0.00000     0.00000
   -13.78066    -2.82760    -0.00424    -0.00455    -0.00421    -0.00005    -0.00005    -0.00045    -0.00005    -0.00045    -2.84163
   -13.68266    -5.74880    -0.00369    -0.00380    -0.00368    -0.00018    -0.00021    -0.00067    -0.00021    -0.00070    -5.76195
   -13.58466   -16.01300    -0.01078    -0.01153    -0.01072    -0.00046    -0.00048    -0.00180    -0.00047    -0.00185   -16.05109
   -13.48666    -8.08600    -0.00339    -0.00360    -0.00337    -0.00011    -0.00011    -0.00085    -0.00011    -0.00090    -8.09844
   -13.38766     0.00000     0.00000     0.00000     0.00000     0.00000     0.00000     0.00000     0.00000     0.00000     0.00000
   -13.28966     0.00000     0.00000     0.00000     0.00000     0.00000     0.00000     0.00000     0.00000     0.00000     0.00000
   -13.19166     0.00000     0.00000     0.00000     0.00000     0.00000     0.00000     0.00000     0.00000     0.00000     0.00000
   -13.09366     0.00000     0.00000     0.00000     0.00000     0.00000     0.00000     0.00000     0.00000     0.00000     0.00000
   -12.99466     0.00000     0.00000     0.00000     0.00000     0.00000     0.00000     0.00000     0.00000     0.00000     0.00000
   -12.89666     0.00000     0.00000     0.00000     0.00000     0.00000     0.00000     0.00000     0.00000     0.00000     0.00000
   -12.79866     0.00000     0.00000     0.00000     0.00000     0.00000     0.00000     0.00000     0.00000     0.00000     0.00000
   -12.70066     0.00000     0.00000     0.00000     0.00000     0.00000     0.00000     0.00000     0.00000     0.00000     0.00000
   -12.60166     0.00000     0.00000     0.00000     0.00000     0.00000     0.00000     0.00000     0.00000     0.00000     0.00000
   -12.50366     0.00000     0.00000     0.00000     0.00000     0.00000     0.00000     0.00000     0.00000     0.00000     0.00000
   -12.40566     0.00000     0.00000     0.00000     0.00000     0.00000     0.00000     0.00000     0.00000     0.00000     0.00000
   -12.30766     0.00000     0.00000     0.00000     0.00000     0.00000     0.00000     0.00000     0.00000     0.00000     0.00000
   -12.20866     0.00000     0.00000     0.00000     0.00000     0.00000     0.00000     0.00000     0.00000     0.00000     0.00000
   -12.11066     0.00000     0.00000     0.00000     0.00000     0.00000     0.00000     0.00000     0.00000     0.00000     0.00000
   -12.01266     0.00000     0.00000     0.00000     0.00000     0.00000     0.00000     0.00000     0.00000     0.00000     0.00000
   -11.91366     0.00000     0.00000     0.00000     0.00000     0.00000     0.00000     0.00000     0.00000     0.00000     0.00000
   -11.81566     0.00000     0.00000     0.00000     0.00000     0.00000     0.00000     0.00000     0.00000     0.00000     0.00000
   -11.71766     0.00000     0.00000     0.00000     0.00000     0.00000     0.00000     0.00000     0.00000     0.00000     0.00000
   -11.61966     0.00000     0.00000     0.00000     0.00000     0.00000     0.00000     0.00000     0.00000     0.00000     0.00000
   -11.52066     0.00000     0.00000     0.00000     0.00000     0.00000     0.00000     0.00000     0.00000     0.00000     0.00000
   -11.42266     0.00000     0.00000     0.00000     0.00000     0.00000     0.00000     0.00000     0.00000     0.00000     0.00000
   -11.32466     0.00000     0.00000     0.00000     0.00000     0.00000     0.00000     0.00000     0.00000     0.00000     0.00000
   -11.22666     0.00000     0.00000     0.00000     0.00000     0.00000     0.00000     0.00000     0.00000     0.00000     0.00000
   -11.12766     0.00000     0.00000     0.00000     0.00000     0.00000     0.00000     0.00000     0.00000     0.00000     0.00000
   -11.02966     0.00000     0.00000     0.00000     0.00000     0.00000     0.00000     0.00000     0.00000     0.00000     0.00000
   -10.93166     0.00000     0.00000     0.00000     0.00000     0.00000     0.00000     0.00000     0.00000     0.00000     0.00000
   -10.83366     0.00000     0.00000     0.00000     0.00000     0.00000     0.00000     0.00000     0.00000     0.00000     0.00000
   -10.73466     0.00000     0.00000     0.00000     0.00000     0.00000     0.00000     0.00000     0.00000     0.00000     0.00000
   -10.63666     0.00000     0.00000     0.00000     0.00000     0.00000     0.00000     0.00000     0.00000     0.00000     0.00000
   -10.53866     0.00000     0.00000     0.00000     0.00000     0.00000     0.00000     0.00000     0.00000     0.00000     0.00000
   -10.44066     0.00000     0.00000     0.00000     0.00000     0.00000     0.00000     0.00000     0.00000     0.00000     0.00000
   -10.34166     0.00000     0.00000     0.00000     0.00000     0.00000     0.00000     0.00000     0.00000     0.00000     0.00000
   -10.24366     0.00000     0.00000     0.00000     0.00000     0.00000     0.00000     0.00000     0.00000     0.00000     0.00000
   -10.14566     0.00000     0.00000     0.00000     0.00000     0.00000     0.00000     0.00000     0.00000     0.00000     0.00000
   -10.04766     0.00000     0.00000     0.00000     0.00000     0.00000     0.00000     0.00000     0.00000     0.00000     0.00000
    -9.94866     0.00000     0.00000     0.00000     0.00000     0.00000     0.00000     0.00000     0.00000     0.00000     0.00000
    -9.85066     0.00000     0.00000     0.00000     0.00000     0.00000     0.00000     0.00000     0.00000     0.00000     0.00000
    -9.75266     0.00000     0.00000     0.00000     0.00000     0.00000     0.00000     0.00000     0.00000     0.00000     0.00000
    -9.65366     0.00000     0.00000     0.00000     0.00000     0.00000     0.00000     0.00000     0.00000     0.00000     0.00000
    -9.55566     0.00000     0.00000     0.00000     0.00000     0.00000     0.00000     0.00000     0.00000     0.00000     0.00000
    -9.45766     0.00000     0.00000     0.00000     0.00000     0.00000     0.00000     0.00000     0.00000     0.00000     0.00000
    -9.35966     0.00000     0.00000     0.00000     0.00000     0.00000     0.00000     0.00000     0.00000     0.00000     0.00000
    -9.26066     0.00000     0.00000     0.00000     0.00000     0.00000     0.00000     0.00000     0.00000     0.00000     0.00000
    -9.16266     0.00000     0.00000     0.00000     0.00000     0.00000     0.00000     0.00000     0.00000     0.00000     0.00000
    -9.06466     0.00000     0.00000     0.00000     0.00000     0.00000     0.00000     0.00000     0.00000     0.00000     0.00000
    -8.96666     0.00000     0.00000     0.00000     0.00000     0.00000     0.00000     0.00000     0.00000     0.00000     0.00000
    -8.86766     0.00000     0.00000     0.00000     0.00000     0.00000     0.00000     0.00000     0.00000     0.00000     0.00000
    -8.76966     0.00000     0.00000     0.00000     0.00000     0.00000     0.00000     0.00000     0.00000     0.00000     0.00000
    -8.67166     0.00000     0.00000     0.00000     0.00000     0.00000     0.00000     0.00000     0.00000     0.00000     0.00000
    -8.57366     0.00000     0.00000     0.00000     0.00000     0.00000     0.00000     0.00000     0.00000     0.00000     0.00000
    -8.47466     0.00000     0.00000     0.00000     0.00000     0.00000     0.00000     0.00000     0.00000     0.00000     0.00000
    -8.37666     0.00000     0.00000     0.00000     0.00000     0.00000     0.00000     0.00000     0.00000     0.00000     0.00000
    -8.27866     0.00000     0.00000     0.00000     0.00000     0.00000     0.00000     0.00000     0.00000     0.00000     0.00000
    -8.18066     0.00000     0.00000     0.00000     0.00000     0.00000     0.00000     0.00000     0.00000     0.00000     0.00000
    -8.08166     0.00000     0.00000     0.00000     0.00000     0.00000     0.00000     0.00000     0.00000     0.00000     0.00000
    -7.98366     0.00000     0.00000     0.00000     0.00000     0.00000     0.00000     0.00000     0.00000     0.00000     0.00000
    -7.88566     0.00000     0.00000     0.00000     0.00000     0.00000     0.00000     0.00000     0.00000     0.00000     0.00000
    -7.78766     0.00000     0.00000     0.00000     0.00000     0.00000     0.00000     0.00000     0.00000     0.00000     0.00000
    -7.68866     0.00000     0.00000     0.00000     0.00000     0.00000     0.00000     0.00000     0.00000     0.00000     0.00000
    -7.59066     0.00000     0.00000     0.00000     0.00000     0.00000     0.00000     0.00000     0.00000     0.00000     0.00000
    -7.49266     0.00000     0.00000     0.00000     0.00000     0.00000     0.00000     0.00000     0.00000     0.00000     0.00000
    -7.39366     0.00000     0.00000     0.00000     0.00000     0.00000     0.00000     0.00000     0.00000     0.00000     0.00000
    -7.29566     0.00000     0.00000     0.00000     0.00000     0.00000     0.00000     0.00000     0.00000     0.00000     0.00000
    -7.19766     0.00000     0.00000     0.00000     0.00000     0.00000     0.00000     0.00000     0.00000     0.00000     0.00000
    -7.09966     0.00000     0.00000     0.00000     0.00000     0.00000     0.00000     0.00000     0.00000     0.00000     0.00000
    -7.00066     0.00000     0.00000     0.00000     0.00000     0.00000     0.00000     0.00000     0.00000     0.00000     0.00000
    -6.90266     0.00000     0.00000     0.00000     0.00000     0.00000     0.00000     0.00000     0.00000     0.00000     0.00000
    -6.80466     0.00000     0.00000     0.00000     0.00000     0.00000     0.00000     0.00000     0.00000     0.00000     0.00000
    -6.70666     0.00000     0.00000     0.00000     0.00000     0.00000     0.00000     0.00000     0.00000     0.00000     0.00000
    -6.60766     0.00000     0.00000     0.00000     0.00000     0.00000     0.00000     0.00000     0.00000     0.00000     0.00000
    -6.50966     0.00000     0.00000     0.00000     0.00000     0.00000     0.00000     0.00000     0.00000     0.00000     0.00000
    -6.41166     0.00000     0.00000     0.00000     0.00000     0.00000     0.00000     0.00000     0.00000     0.00000     0.00000
    -6.31366     0.00000     0.00000     0.00000     0.00000     0.00000     0.00000     0.00000     0.00000     0.00000     0.00000
    -6.21466     0.00000     0.00000     0.00000     0.00000     0.00000     0.00000     0.00000     0.00000     0.00000     0.00000
    -6.11666     0.00000     0.00000     0.00000     0.00000     0.00000     0.00000     0.00000     0.00000     0.00000     0.00000
    -6.01866     0.00000     0.00000     0.00000     0.00000     0.00000     0.00000     0.00000     0.00000     0.00000     0.00000
    -5.92066     0.00000     0.00000     0.00000     0.00000     0.00000     0.00000     0.00000     0.00000     0.00000     0.00000
    -5.82166     0.00000     0.00000     0.00000     0.00000     0.00000     0.00000     0.00000     0.00000     0.00000     0.00000
    -5.72366     0.00000     0.00000     0.00000     0.00000     0.00000     0.00000     0.00000     0.00000     0.00000     0.00000
    -5.62566     0.00000     0.00000     0.00000     0.00000     0.00000     0.00000     0.00000     0.00000     0.00000     0.00000
    -5.52766     0.00000     0.00000     0.00000     0.00000     0.00000     0.00000     0.00000     0.00000     0.00000     0.00000
    -5.42866     0.00000     0.00000     0.00000     0.00000     0.00000     0.00000     0.00000     0.00000     0.00000     0.00000
    -5.33066     0.00000     0.00000     0.00000     0.00000     0.00000     0.00000     0.00000     0.00000     0.00000     0.00000
    -5.23266     0.00000     0.00000     0.00000     0.00000     0.00000     0.00000     0.00000     0.00000     0.00000     0.00000
    -5.13366     0.00000     0.00000     0.00000     0.00000     0.00000     0.00000     0.00000     0.00000     0.00000     0.00000
    -5.03566     0.00000     0.00000     0.00000     0.00000     0.00000     0.00000     0.00000     0.00000     0.00000     0.00000
    -4.93766     0.00000     0.00000     0.00000     0.00000     0.00000     0.00000     0.00000     0.00000     0.00000     0.00000
    -4.83966     0.00000     0.00000     0.00000     0.00000     0.00000     0.00000     0.00000     0.00000     0.00000     0.00000
    -4.74066     0.00000     0.00000     0.00000     0.00000     0.00000     0.00000     0.00000     0.00000     0.00000     0.00000
    -4.64266     0.00000     0.00000     0.00000     0.00000     0.00000     0.00000     0.00000     0.00000     0.00000     0.00000
    -4.54466     0.00000     0.00000     0.00000     0.00000     0.00000     0.00000     0.00000     0.00000     0.00000     0.00000
    -4.44666     0.00000     0.00000     0.00000     0.00000     0.00000     0.00000     0.00000     0.00000     0.00000     0.00000
    -4.34766     0.00000     0.00000     0.00000     0.00000     0.00000     0.00000     0.00000     0.00000     0.00000     0.00000
    -4.24966     0.00000     0.00000     0.00000     0.00000     0.00000     0.00000     0.00000     0.00000     0.00000     0.00000
    -4.15166     0.00000     0.00000     0.00000     0.00000     0.00000     0.00000     0.00000     0.00000     0.00000     0.00000
    -4.05366     0.00000     0.00000     0.00000     0.00000     0.00000     0.00000     0.00000     0.00000     0.00000     0.00000
    -3.95466     0.00000     0.00000     0.00000     0.00000     0.00000     0.00000     0.00000     0.00000     0.00000     0.00000
    -3.85666     0.00000     0.00000     0.00000     0.00000     0.00000     0.00000     0.00000     0.00000     0.00000     0.00000
    -3.75866    -0.05252    -0.50671    -0.47297    -0.50941    -0.00044    -0.00049    -0.00450    -0.00046    -0.00442    -1.55192
    -3.66066    -0.02369    -0.17381    -0.16486    -0.17454    -0.00017    -0.00019    -0.00144    -0.00018    -0.00140    -0.54028
    -3.56166    -0.01207    -0.07449    -0.07170    -0.07472    -0.00008    -0.00008    -0.00061    -0.00008    -0.00059    -0.23441
    -3.46366     0.00000     0.00000     0.00000     0.00000     0.00000     0.00000     0.00000     0.00000     0.00000     0.00000
    -3.36566    -0.22134    -1.08432    -1.15648    -1.07830    -0.00165    -0.00173    -0.00707    -0.00172    -0.00651    -3.55913
    -3.26766     0.00000     0.00000     0.00000     0.00000     0.00000     0.00000     0.00000     0.00000     0.00000     0.00000
    -3.16866    -0.01966    -0.53442    -0.50664    -0.53672    -0.00101    -0.00107    -0.00096    -0.00107    -0.00094    -1.60249
    -3.07066    -0.02971    -0.94342    -0.89250    -0.94770    -0.00237    -0.00250    -0.00192    -0.00249    -0.00189    -2.82450
    -2.97266    -0.04453    -1.28340    -1.25004    -1.28622    -0.00583    -0.00583    -0.00204    -0.00586    -0.00172    -3.88545
    -2.87366    -0.01089    -0.45088    -0.44138    -0.45168    -0.00188    -0.00201    -0.00103    -0.00200    -0.00089    -1.36264
    -2.77566    -0.02563    -1.01560    -0.98780    -1.01540    -0.00469    -0.00468    -0.00203    -0.00468    -0.00182    -3.06232
    -2.67766    -0.02352    -0.70080    -0.70820    -0.70020    -0.00277    -0.00286    -0.00142    -0.00286    -0.00129    -2.14393
    -2.57966    -0.01887    -0.43616    -0.45400    -0.43466    -0.00200    -0.00200    -0.00120    -0.00200    -0.00114    -1.35203
    -2.48066    -0.02240    -0.94780    -0.95456    -0.94720    -0.00390    -0.00402    -0.00350    -0.00401    -0.00335    -2.89074
    -2.38266    -0.00006    -0.07480    -0.06709    -0.07542    -0.00032    -0.00029    -0.00025    -0.00029    -0.00028    -0.21881
    -2.28466    -0.00528    -0.72428    -0.72386    -0.72428    -0.00243    -0.00258    -0.00303    -0.00256    -0.00303    -2.19134
    -2.18666    -0.01219    -0.77824    -0.74396    -0.78102    -0.00221    -0.00225    -0.00410    -0.00224    -0.00404    -2.33025
    -2.08766    -0.00394    -0.10914    -0.10800    -0.10926    -0.00039    -0.00040    -0.00029    -0.00040    -0.00030    -0.33212
    -1.98966    -0.01195    -0.75432    -0.71862    -0.75712    -0.00174    -0.00174    -0.00444    -0.00173    -0.00442    -2.25609
    -1.89166    -0.01514    -1.39802    -1.37708    -1.39964    -0.00132    -0.00142    -0.01117    -0.00137    -0.01087    -4.21603
    -1.79366    -0.01282    -0.80920    -0.76820    -0.81260    -0.00213    -0.00210    -0.00404    -0.00209    -0.00410    -2.41728
    -1.69466    -0.00631    -0.61180    -0.64062    -0.60944    -0.00078    -0.00079    -0.00108    -0.00078    -0.00114    -1.87274
    -1.59666    -0.02908    -1.44080    -1.53560    -1.43320    -0.00134    -0.00137    -0.00295    -0.00136    -0.00301    -4.44871
    -1.49866    -0.01542    -0.87220    -0.91900    -0.86840    -0.00139    -0.00137    -0.00177    -0.00137    -0.00188    -2.68280
    -1.40066    -0.01833    -1.24520    -1.34420    -1.23700    -0.00156    -0.00152    -0.00215    -0.00152    -0.00220    -3.85367
    -1.30166    -0.00877    -0.92760    -0.99140    -0.92240    -0.00102    -0.00100    -0.00148    -0.00100    -0.00156    -2.85622
    -1.20366    -0.01240    -0.72602    -0.72400    -0.72620    -0.00143    -0.00147    -0.00119    -0.00147    -0.00125    -2.19542
    -1.10566    -0.01908    -1.58660    -1.62300    -1.58360    -0.00250    -0.00251    -0.00282    -0.00250    -0.00296    -4.82557
    -1.00766    -0.00898    -1.06220    -1.07600    -1.06100    -0.00172    -0.00170    -0.00209    -0.00169    -0.00220    -3.21758
    -0.90866    -0.00899    -1.02254    -0.98150    -1.02580    -0.00187    -0.00186    -0.00237    -0.00185    -0.00242    -3.04921
    -0.81066    -0.00835    -0.97068    -0.92706    -0.97432    -0.00190    -0.00187    -0.00216    -0.00187    -0.00224    -2.89045
    -0.71266    -0.02197    -1.75420    -1.84454    -1.74664    -0.00168    -0.00173    -0.00326    -0.00170    -0.00352    -5.37924
    -0.61366    -0.00845    -1.22914    -1.20832    -1.23088    -0.00156    -0.00153    -0.00354    -0.00153    -0.00355    -3.68850
    -0.51566    -0.00724    -2.06834    -2.15160    -2.06164    -0.00180    -0.00176    -0.00355    -0.00175    -0.00362    -6.30130
    -0.41766    -0.01676    -2.07800    -2.01020    -2.08320    -0.00258    -0.00252    -0.00331    -0.00252    -0.00362    -6.20270
    -0.31966    -0.00886    -1.74120    -1.61560    -1.75140    -0.00139    -0.00136    -0.00247    -0.00135    -0.00269    -5.12632
    -0.22066    -0.00023    -0.34720    -0.29206    -0.32892    -0.00014    -0.00014    -0.00063    -0.00013    -0.00068    -0.97014
    -0.12266     0.00000     0.00000     0.00000     0.00000     0.00000     0.00000     0.00000     0.00000     0.00000     0.00000
    -0.02466     0.00000     0.00000     0.00000     0.00000     0.00000     0.00000     0.00000     0.00000     0.00000     0.00000
     0.07334     0.00000     0.00000     0.00000     0.00000     0.00000     0.00000     0.00000     0.00000     0.00000     0.00000
     0.17234     0.00000     0.00000     0.00000     0.00000     0.00000     0.00000     0.00000     0.00000     0.00000     0.00000
     0.27034     0.00000     0.00000     0.00000     0.00000     0.00000     0.00000     0.00000     0.00000     0.00000     0.00000
     0.36834     0.00000     0.00000     0.00000     0.00000     0.00000     0.00000     0.00000     0.00000     0.00000     0.00000
     0.46634     0.00000     0.00000     0.00000     0.00000     0.00000     0.00000     0.00000     0.00000     0.00000     0.00000
     0.56534     0.00000     0.00000     0.00000     0.00000     0.00000     0.00000     0.00000     0.00000     0.00000     0.00000
     0.66334     0.00000     0.00000     0.00000     0.00000     0.00000     0.00000     0.00000     0.00000     0.00000     0.00000
     0.76134     0.00000     0.00000     0.00000     0.00000     0.00000     0.00000     0.00000     0.00000     0.00000     0.00000
     0.85934     0.00000     0.00000     0.00000     0.00000     0.00000     0.00000     0.00000     0.00000     0.00000     0.00000
     0.95834     0.00000     0.00000     0.00000     0.00000     0.00000     0.00000     0.00000     0.00000     0.00000     0.00000
     1.05634     0.00000     0.00000     0.00000     0.00000     0.00000     0.00000     0.00000     0.00000     0.00000     0.00000
     1.15434     0.00000     0.00000     0.00000     0.00000     0.00000     0.00000     0.00000     0.00000     0.00000     0.00000
     1.25234     0.00000     0.00000     0.00000     0.00000     0.00000     0.00000     0.00000     0.00000     0.00000     0.00000
     1.35134     0.00000     0.00000     0.00000     0.00000     0.00000     0.00000     0.00000     0.00000     0.00000     0.00000
     1.44934     0.00000     0.00000     0.00000     0.00000     0.00000     0.00000     0.00000     0.00000     0.00000     0.00000
     1.54734     0.00000     0.00000     0.00000     0.00000     0.00000     0.00000     0.00000     0.00000     0.00000     0.00000
     1.64634     0.00000     0.00000     0.00000     0.00000     0.00000     0.00000     0.00000     0.00000     0.00000     0.00000
     1.74434     0.00000     0.00000     0.00000     0.00000     0.00000     0.00000     0.00000     0.00000     0.00000     0.00000
     1.84234     0.00000     0.00000     0.00000     0.00000     0.00000     0.00000     0.00000     0.00000     0.00000     0.00000
     1.94034     0.00000     0.00000     0.00000     0.00000     0.00000     0.00000     0.00000     0.00000     0.00000     0.00000
     2.03934     0.00000     0.00000     0.00000     0.00000     0.00000     0.00000     0.00000     0.00000     0.00000     0.00000
     2.13734     0.00000     0.00000     0.00000     0.00000     0.00000     0.00000     0.00000     0.00000     0.00000     0.00000
     2.23534     0.00000     0.00000     0.00000     0.00000     0.00000     0.00000     0.00000     0.00000     0.00000     0.00000
     2.33334     0.00000     0.00000     0.00000     0.00000     0.00000     0.00000     0.00000     0.00000     0.00000     0.00000
     2.43234     0.00000     0.00000     0.00000     0.00000     0.00000     0.00000     0.00000     0.00000     0.00000     0.00000
     2.53034     0.00000     0.00000     0.00000     0.00000     0.00000     0.00000     0.00000     0.00000     0.00000     0.00000
     2.62834     0.00000     0.00000     0.00000     0.00000     0.00000     0.00000     0.00000     0.00000     0.00000     0.00000
     2.72634     0.00000     0.00000     0.00000     0.00000     0.00000     0.00000     0.00000     0.00000     0.00000     0.00000
     2.82534     0.00000     0.00000     0.00000     0.00000     0.00000     0.00000     0.00000     0.00000     0.00000     0.00000
     2.92334     0.00000     0.00000     0.00000     0.00000     0.00000     0.00000     0.00000     0.00000     0.00000     0.00000
     3.02134     0.00000     0.00000     0.00000     0.00000     0.00000     0.00000     0.00000     0.00000     0.00000     0.00000
     3.11934     0.00000     0.00000     0.00000     0.00000     0.00000     0.00000     0.00000     0.00000     0.00000     0.00000
     3.21834     0.00000     0.00000     0.00000     0.00000     0.00000     0.00000     0.00000     0.00000     0.00000     0.00000
     3.31634     0.00000     0.00000     0.00000     0.00000     0.00000     0.00000     0.00000     0.00000     0.00000     0.00000
     3.41434    -0.04161    -0.21538    -0.21262    -0.21562    -0.12022    -0.11934    -0.01127    -0.11990    -0.01437    -1.07033
     3.51234    -0.01867    -0.13552    -0.13252    -0.13576    -0.07089    -0.06981    -0.01662    -0.07011    -0.01903    -0.66893
     3.61134    -0.03351    -0.11950    -0.10896    -0.12036    -0.02384    -0.02363    -0.01300    -0.02366    -0.01405    -0.48051
     3.70934    -0.10022    -0.42520    -0.43720    -0.42677    -0.05828    -0.05964    -0.09318    -0.05928    -0.09071    -1.75048
     3.80734    -0.02689    -0.07328    -0.07650    -0.07304    -0.00683    -0.00637    -0.01557    -0.00640    -0.01491    -0.29979
     3.90634    -0.06068    -0.16460    -0.17502    -0.16374    -0.01671    -0.01585    -0.02571    -0.01595    -0.02438    -0.66265
     4.00434    -0.01121    -0.05293    -0.05167    -0.05301    -0.00344    -0.00333    -0.00665    -0.00335    -0.00603    -0.19161
     4.10234    -0.08260    -0.74162    -0.75600    -0.76826    -0.04382    -0.04248    -0.08434    -0.04174    -0.07522    -2.63609
     4.20034    -0.03419    -0.23006    -0.22804    -0.23020    -0.01372    -0.01513    -0.01373    -0.01494    -0.01431    -0.79431
     4.29934     0.00000     0.00000     0.00000     0.00000     0.00000     0.00000     0.00000     0.00000     0.00000     0.00000
     4.39734     0.00000     0.00000     0.00000     0.00000     0.00000     0.00000     0.00000     0.00000     0.00000     0.00000
     4.49534     0.00000     0.00000     0.00000     0.00000     0.00000     0.00000     0.00000     0.00000     0.00000     0.00000
     4.59334     0.00000     0.00000     0.00000     0.00000     0.00000     0.00000     0.00000     0.00000     0.00000     0.00000
     4.69234     0.00000     0.00000     0.00000     0.00000     0.00000     0.00000     0.00000     0.00000     0.00000     0.00000
     4.79034     0.00000     0.00000     0.00000     0.00000     0.00000     0.00000     0.00000     0.00000     0.00000     0.00000
     4.88834     0.00000     0.00000     0.00000     0.00000     0.00000     0.00000     0.00000     0.00000     0.00000     0.00000
     4.98634     0.00000     0.00000     0.00000     0.00000     0.00000     0.00000     0.00000     0.00000     0.00000     0.00000
     5.08534     0.00000     0.00000     0.00000     0.00000     0.00000     0.00000     0.00000     0.00000     0.00000     0.00000
     5.18334     0.00000     0.00000     0.00000     0.00000     0.00000     0.00000     0.00000     0.00000     0.00000     0.00000
     5.28134     0.00000     0.00000     0.00000     0.00000     0.00000     0.00000     0.00000     0.00000     0.00000     0.00000
     5.37934     0.00000     0.00000     0.00000     0.00000     0.00000     0.00000     0.00000     0.00000     0.00000     0.00000
     5.47834     0.00000     0.00000     0.00000     0.00000     0.00000     0.00000     0.00000     0.00000     0.00000     0.00000
     5.57634     0.00000     0.00000     0.00000     0.00000     0.00000     0.00000     0.00000     0.00000     0.00000     0.00000
     5.67434    -0.02144    -0.00043    -0.00040    -0.00043    -0.00000    -0.00000    -0.00004    -0.00000    -0.00004    -0.02280
     5.77234    -0.03413    -0.00162    -0.00147    -0.00164    -0.00001    -0.00002    -0.00008    -0.00001    -0.00008    -0.03906
     5.87134    -0.03454    -0.00269    -0.00242    -0.00272    -0.00003    -0.00003    -0.00009    -0.00003    -0.00009    -0.04264
     5.96934    -0.03476    -0.00357    -0.00320    -0.00360    -0.00004    -0.00005    -0.00010    -0.00005    -0.00010    -0.04548
     6.06734    -0.03397    -0.00460    -0.00412    -0.00464    -0.00008    -0.00009    -0.00011    -0.00009    -0.00011    -0.04781
     6.16634    -0.03339    -0.00544    -0.00489    -0.00549    -0.00012    -0.00014    -0.00012    -0.00014    -0.00012    -0.04985
     6.26434    -0.03384    -0.00613    -0.00551    -0.00618    -0.00016    -0.00018    -0.00013    -0.00018    -0.00014    -0.05245
     6.36234    -0.03232    -0.00704    -0.00635    -0.00710    -0.00027    -0.00030    -0.00015    -0.00030    -0.00016    -0.05398
     6.46034    -0.04185    -0.01725    -0.01851    -0.01715    -0.00039    -0.00043    -0.00022    -0.00042    -0.00022    -0.09645
     6.55934    -0.03979    -0.01869    -0.01997    -0.01859    -0.00067    -0.00073    -0.00032    -0.00072    -0.00032    -0.09980
     6.65734    -0.03808    -0.01958    -0.02087    -0.01947    -0.00106    -0.00113    -0.00050    -0.00113    -0.00049    -0.10232
     6.75534    -0.03732    -0.02045    -0.02183    -0.02034    -0.00143    -0.00152    -0.00080    -0.00152    -0.00078    -0.10600
     6.85334    -0.04409    -0.02265    -0.02426    -0.02252    -0.00250    -0.00258    -0.00489    -0.00256    -0.00488    -0.13093
     6.95234    -0.04736    -0.02540    -0.02705    -0.02526    -0.00374    -0.00381    -0.01713    -0.00374    -0.01719    -0.17069
     7.05034    -0.11226    -0.05298    -0.05437    -0.05286    -0.01621    -0.01608    -0.13410    -0.01548    -0.13518    -0.58951
     7.14834    -0.05612    -0.01726    -0.01713    -0.01727    -0.00705    -0.00808    -0.01798    -0.00791    -0.01784    -0.16662
     7.24634    -0.16926    -0.10670    -0.10826    -0.10660    -0.02193    -0.02288    -0.18090    -0.02203    -0.17988    -0.91844
     7.34534    -0.06990    -0.02859    -0.02954    -0.02851    -0.01374    -0.01379    -0.04703    -0.01364    -0.04651    -0.29126
     7.44334    -0.16860    -0.10196    -0.10112    -0.10202    -0.04055    -0.04089    -0.17988    -0.04030    -0.17620    -0.95152
     7.54134    -0.09108    -0.03479    -0.03501    -0.03477    -0.02299    -0.02433    -0.02469    -0.02416    -0.02467    -0.31648
     7.63934    -0.17202    -0.06900    -0.06882    -0.06904    -0.04998    -0.04658    -0.07878    -0.04688    -0.07730    -0.67840
     7.73834    -0.11094    -0.04632    -0.04655    -0.04630    -0.03347    -0.03258    -0.03330    -0.03267    -0.03375    -0.41591
     7.83634    -0.16474    -0.07244    -0.07271    -0.07240    -0.05216    -0.05352    -0.06085    -0.05327    -0.06241    -0.66451
     7.93434    -0.07974    -0.03807    -0.03870    -0.03802    -0.01964    -0.01982    -0.02596    -0.01974    -0.02683    -0.30651
     8.03234    -0.16242    -0.08709    -0.09109    -0.08676    -0.05007    -0.04890    -0.05810    -0.04892    -0.06009    -0.69344
     8.13134    -0.18630    -0.10716    -0.11312    -0.10666    -0.06197    -0.06366    -0.11826    -0.06338    -0.11314    -0.93365
     8.22934    -0.12156    -0.09456    -0.09752    -0.09433    -0.03093    -0.03100    -0.08844    -0.03070    -0.08878    -0.67782
     8.32734    -0.12756    -0.09208    -0.09432    -0.09192    -0.04800    -0.05217    -0.09332    -0.05150    -0.09244    -0.74331
     8.42634    -0.13434    -0.07026    -0.07307    -0.07005    -0.07176    -0.07064    -0.08624    -0.07072    -0.08498    -0.73206
     8.52434    -0.11304    -0.06678    -0.06694    -0.06678    -0.05325    -0.05551    -0.07712    -0.05516    -0.07656    -0.63114
     8.62234    -0.13412    -0.08794    -0.09130    -0.08768    -0.07638    -0.07678    -0.10242    -0.07652    -0.10454    -0.83768
     8.72034    -0.17382    -0.11174    -0.11378    -0.11158    -0.06806    -0.06903    -0.10754    -0.06875    -0.10728    -0.93158
     8.81934    -0.10454    -0.07492    -0.07632    -0.07478    -0.05585    -0.05560    -0.07086    -0.05544    -0.07272    -0.64103
     8.91734    -0.11414    -0.07974    -0.08790    -0.07918    -0.06904    -0.07794    -0.09330    -0.07710    -0.09224    -0.77058
     9.01534    -0.12758    -0.09046    -0.09506    -0.08996    -0.10690    -0.10518    -0.07338    -0.10510    -0.07248    -0.86610
     9.11334    -0.06416    -0.06666    -0.06908    -0.06662    -0.07848    -0.07572    -0.04906    -0.07674    -0.05071    -0.59724
     9.21234    -0.07272    -0.06843    -0.07093    -0.06821    -0.09372    -0.09296    -0.06620    -0.09316    -0.06644    -0.69277
     9.31034    -0.02967    -0.03845    -0.03942    -0.03837    -0.05523    -0.05425    -0.03829    -0.05442    -0.03923    -0.38733
     9.40834    -0.05958    -0.08816    -0.09186    -0.08788    -0.08376    -0.08598    -0.05835    -0.08576    -0.06037    -0.70170
     9.50634    -0.03784    -0.08592    -0.08610    -0.08590    -0.07214    -0.07070    -0.09154    -0.07064    -0.09540    -0.69618
     9.60534    -0.02910    -0.08026    -0.08018    -0.08024    -0.10158    -0.09918    -0.07566    -0.09960    -0.07536    -0.72116
     9.70334    -0.03762    -0.09098    -0.09038    -0.09104    -0.10600    -0.10370    -0.08138    -0.10406    -0.08174    -0.78690
     9.80134    -0.03202    -0.12696    -0.12408    -0.12718    -0.20216    -0.19814    -0.14294    -0.19860    -0.15076    -1.30284
     9.89934    -0.03747    -0.13540    -0.13372    -0.13552    -0.18458    -0.17932    -0.11158    -0.18004    -0.11896    -1.21659
     9.99834    -0.04221    -0.39736    -0.36804    -0.39974    -0.26900    -0.25084    -0.17788    -0.25268    -0.19684    -2.35459
    10.09634    -0.02850    -0.11384    -0.11246    -0.11394    -0.15300    -0.14856    -0.13424    -0.14880    -0.14372    -1.09706
    10.19434    -0.03681    -0.11888    -0.11360    -0.11934    -0.14324    -0.14144    -0.11658    -0.14106    -0.12538    -1.05633
    10.29234    -0.03032    -0.09226    -0.08912    -0.09254    -0.13308    -0.13020    -0.14606    -0.13020    -0.15404    -0.99782
    10.39134    -0.02595    -0.08802    -0.08544    -0.08822    -0.09740    -0.09506    -0.13916    -0.09496    -0.14348    -0.85769
    10.48934    -0.04255    -0.10756    -0.10404    -0.10784    -0.11588    -0.11490    -0.15706    -0.11466    -0.16204    -1.02653
    10.58734    -0.02906    -0.09316    -0.08960    -0.09316    -0.10472    -0.10782    -0.12630    -0.10762    -0.12986    -0.88130
    10.68634    -0.02870    -0.11341    -0.10854    -0.11382    -0.10690    -0.10876    -0.14900    -0.10834    -0.14896    -0.98643
    10.78434    -0.03830    -0.13520    -0.13264    -0.13542    -0.14092    -0.14278    -0.21352    -0.14238    -0.20886    -1.29002
    10.88234    -0.01469    -0.08276    -0.08032    -0.08296    -0.08458    -0.08912    -0.08998    -0.08872    -0.08570    -0.69883
    10.98034    -0.03677    -0.13372    -0.12978    -0.13404    -0.17174    -0.18360    -0.14802    -0.18224    -0.15150    -1.27141
    11.07934    -0.02755    -0.20070    -0.20076    -0.20068    -0.21792    -0.22120    -0.13360    -0.22152    -0.12628    -1.55021
    11.17734    -0.02548    -0.17784    -0.17516    -0.17808    -0.20224    -0.20646    -0.12252    -0.20654    -0.11800    -1.41232
    11.27534    -0.02815    -0.14568    -0.14160    -0.14540    -0.16710    -0.16684    -0.15090    -0.16686    -0.14986    -1.26239
    11.37334    -0.02411    -0.13328    -0.12566    -0.13426    -0.14598    -0.14796    -0.14738    -0.14782    -0.14654    -1.15299
    11.47234    -0.02608    -0.14926    -0.14138    -0.14990    -0.13344    -0.13743    -0.15274    -0.13676    -0.15624    -1.18323
    11.57034    -0.01556    -0.09926    -0.09900    -0.09930    -0.11052    -0.11058    -0.18292    -0.11004    -0.18858    -1.01576
    11.66834    -0.02758    -0.13244    -0.13096    -0.13264    -0.11230    -0.11602    -0.15720    -0.11538    -0.15818    -1.08270
    11.76634    -0.02267    -0.14980    -0.15304    -0.14956    -0.19918    -0.20774    -0.14188    -0.20724    -0.13612    -1.36723
    11.86534    -0.02188    -0.12216    -0.12352    -0.12210    -0.14728    -0.15400    -0.15282    -0.15336    -0.14815    -1.14527
    11.96334    -0.02888    -0.16253    -0.16306    -0.17271    -0.15555    -0.15852    -0.16584    -0.15966    -0.15981    -1.32656
    12.06134    -0.00668    -0.06128    -0.06382    -0.06192    -0.07978    -0.08252    -0.05489    -0.08238    -0.05289    -0.54616
    12.15934    -0.00803    -0.07708    -0.08018    -0.07682    -0.09580    -0.09794    -0.09006    -0.09768    -0.09072    -0.71431
    12.25834    -0.00573    -0.03859    -0.04115    -0.03837    -0.04208    -0.04606    -0.02689    -0.04569    -0.02673    -0.31130
    12.35634    -0.00183    -0.00624    -0.00615    -0.00624    -0.00514    -0.00596    -0.00428    -0.00588    -0.00407    -0.04578
    12.45434    -0.00205    -0.00745    -0.00740    -0.00746    -0.00503    -0.00594    -0.00450    -0.00585    -0.00429    -0.04998
    12.55234     0.00000     0.00000     0.00000     0.00000     0.00000     0.00000     0.00000     0.00000     0.00000     0.00000
    12.65134     0.00000     0.00000     0.00000     0.00000     0.00000     0.00000     0.00000     0.00000     0.00000     0.00000
    12.74934     0.00000     0.00000     0.00000     0.00000     0.00000     0.00000     0.00000     0.00000     0.00000     0.00000
    12.84734     0.00000     0.00000     0.00000     0.00000     0.00000     0.00000     0.00000     0.00000     0.00000     0.00000
    12.94634     0.00000     0.00000     0.00000     0.00000     0.00000     0.00000     0.00000     0.00000     0.00000     0.00000
    13.04434     0.00000     0.00000     0.00000     0.00000     0.00000     0.00000     0.00000     0.00000     0.00000     0.00000
    13.14234     0.00000     0.00000     0.00000     0.00000     0.00000     0.00000     0.00000     0.00000     0.00000     0.00000
    13.24034     0.00000     0.00000     0.00000     0.00000     0.00000     0.00000     0.00000     0.00000     0.00000     0.00000
    13.33934     0.00000     0.00000     0.00000     0.00000     0.00000     0.00000     0.00000     0.00000     0.00000     0.00000
    13.43734     0.00000     0.00000     0.00000     0.00000     0.00000     0.00000     0.00000     0.00000     0.00000     0.00000
    13.53534     0.00000     0.00000     0.00000     0.00000     0.00000     0.00000     0.00000     0.00000     0.00000     0.00000
    13.63334     0.00000     0.00000     0.00000     0.00000     0.00000     0.00000     0.00000     0.00000     0.00000     0.00000
    13.73234     0.00000     0.00000     0.00000     0.00000     0.00000     0.00000     0.00000     0.00000     0.00000     0.00000
    13.83034     0.00000     0.00000     0.00000     0.00000     0.00000     0.00000     0.00000     0.00000     0.00000     0.00000
