     #Energy           s          py          pz          px         dxy         dyz         dz2         dxz         dx2       tot  
   -15.64766     0.00000     0.00000     0.00000     0.00000     0.00000     0.00000     0.00000     0.00000     0.00000     0.00000
   -15.54966     0.00000     0.00000     0.00000     0.00000     0.00000     0.00000     0.00000     0.00000     0.00000     0.00000
   -15.45166     0.00000     0.00000     0.00000     0.00000     0.00000     0.00000     0.00000     0.00000     0.00000     0.00000
   -15.35366     0.00000     0.00000     0.00000     0.00000     0.00000     0.00000     0.00000     0.00000     0.00000     0.00000
   -15.25466     0.00000     0.00000     0.00000     0.00000     0.00000     0.00000     0.00000     0.00000     0.00000     0.00000
   -15.15666     0.00000     0.00000     0.00000     0.00000     0.00000     0.00000     0.00000     0.00000     0.00000     0.00000
   -15.05866     0.00000     0.00000     0.00000     0.00000     0.00000     0.00000     0.00000     0.00000     0.00000     0.00000
   -14.96066     0.00000     0.00000     0.00000     0.00000     0.00000     0.00000     0.00000     0.00000     0.00000     0.00000
   -14.86166     0.00000     0.00000     0.00000     0.00000     0.00000     0.00000     0.00000     0.00000     0.00000     0.00000
   -14.76366     0.00000     0.00000     0.00000     0.00000     0.00000     0.00000     0.00000     0.00000     0.00000     0.00000
   -14.66566     0.00000     0.00000     0.00000     0.00000     0.00000     0.00000     0.00000     0.00000     0.00000     0.00000
   -14.56766     0.00000     0.00000     0.00000     0.00000     0.00000     0.00000     0.00000     0.00000     0.00000     0.00000
   -14.46866     0.00000     0.00000     0.00000     0.00000     0.00000     0.00000     0.00000     0.00000     0.00000     0.00000
   -14.37066     0.00000     0.00000     0.00000     0.00000     0.00000     0.00000     0.00000     0.00000     0.00000     0.00000
   -14.27266    -0.07092    -0.00046    -0.00041    -0.00047    -0.00002    -0.00002    -0.00006    -0.00002    -0.00007    -0.07245
   -14.17366    -0.06926    -0.00184    -0.00165    -0.00186    -0.00003    -0.00003    -0.00033    -0.00003    -0.00035    -0.07539
   -14.07566    -0.07734    -0.00359    -0.00321    -0.00362    -0.00005    -0.00006    -0.00090    -0.00005    -0.00095    -0.08977
   -13.97766    -0.05204    -0.00390    -0.00350    -0.00394    -0.00006    -0.00006    -0.00121    -0.00005    -0.00128    -0.06604
   -13.87966     0.00000     0.00000     0.00000     0.00000     0.00000     0.00000     0.00000     0.00000     0.00000     0.00000
   -13.78066    -0.04294    -0.01230    -0.01104    -0.01240    -0.00012    -0.00012    -0.00204    -0.00011    -0.00216    -0.08323
   -13.68266    -0.01714    -0.02872    -0.03274    -0.02838    -0.00008    -0.00012    -0.00539    -0.00008    -0.00548    -0.11813
   -13.58466    -0.00941    -0.08010    -0.08302    -0.07985    -0.00042    -0.00062    -0.03146    -0.00044    -0.03172    -0.31704
   -13.48666    -0.00136    -0.01661    -0.01955    -0.01637    -0.00007    -0.00048    -0.05290    -0.00018    -0.05298    -0.16049
   -13.38766     0.00000     0.00000     0.00000     0.00000     0.00000     0.00000     0.00000     0.00000     0.00000     0.00000
   -13.28966     0.00000     0.00000     0.00000     0.00000     0.00000     0.00000     0.00000     0.00000     0.00000     0.00000
   -13.19166     0.00000     0.00000     0.00000     0.00000     0.00000     0.00000     0.00000     0.00000     0.00000     0.00000
   -13.09366     0.00000     0.00000     0.00000     0.00000     0.00000     0.00000     0.00000     0.00000     0.00000     0.00000
   -12.99466     0.00000     0.00000     0.00000     0.00000     0.00000     0.00000     0.00000     0.00000     0.00000     0.00000
   -12.89666     0.00000     0.00000     0.00000     0.00000     0.00000     0.00000     0.00000     0.00000     0.00000     0.00000
   -12.79866     0.00000     0.00000     0.00000     0.00000     0.00000     0.00000     0.00000     0.00000     0.00000     0.00000
   -12.70066     0.00000     0.00000     0.00000     0.00000     0.00000     0.00000     0.00000     0.00000     0.00000     0.00000
   -12.60166     0.00000     0.00000     0.00000     0.00000     0.00000     0.00000     0.00000     0.00000     0.00000     0.00000
   -12.50366     0.00000     0.00000     0.00000     0.00000     0.00000     0.00000     0.00000     0.00000     0.00000     0.00000
   -12.40566     0.00000     0.00000     0.00000     0.00000     0.00000     0.00000     0.00000     0.00000     0.00000     0.00000
   -12.30766     0.00000     0.00000     0.00000     0.00000     0.00000     0.00000     0.00000     0.00000     0.00000     0.00000
   -12.20866     0.00000     0.00000     0.00000     0.00000     0.00000     0.00000     0.00000     0.00000     0.00000     0.00000
   -12.11066     0.00000     0.00000     0.00000     0.00000     0.00000     0.00000     0.00000     0.00000     0.00000     0.00000
   -12.01266     0.00000     0.00000     0.00000     0.00000     0.00000     0.00000     0.00000     0.00000     0.00000     0.00000
   -11.91366     0.00000     0.00000     0.00000     0.00000     0.00000     0.00000     0.00000     0.00000     0.00000     0.00000
   -11.81566     0.00000     0.00000     0.00000     0.00000     0.00000     0.00000     0.00000     0.00000     0.00000     0.00000
   -11.71766     0.00000     0.00000     0.00000     0.00000     0.00000     0.00000     0.00000     0.00000     0.00000     0.00000
   -11.61966     0.00000     0.00000     0.00000     0.00000     0.00000     0.00000     0.00000     0.00000     0.00000     0.00000
   -11.52066     0.00000     0.00000     0.00000     0.00000     0.00000     0.00000     0.00000     0.00000     0.00000     0.00000
   -11.42266     0.00000     0.00000     0.00000     0.00000     0.00000     0.00000     0.00000     0.00000     0.00000     0.00000
   -11.32466     0.00000     0.00000     0.00000     0.00000     0.00000     0.00000     0.00000     0.00000     0.00000     0.00000
   -11.22666     0.00000     0.00000     0.00000     0.00000     0.00000     0.00000     0.00000     0.00000     0.00000     0.00000
   -11.12766     0.00000     0.00000     0.00000     0.00000     0.00000     0.00000     0.00000     0.00000     0.00000     0.00000
   -11.02966     0.00000     0.00000     0.00000     0.00000     0.00000     0.00000     0.00000     0.00000     0.00000     0.00000
   -10.93166     0.00000     0.00000     0.00000     0.00000     0.00000     0.00000     0.00000     0.00000     0.00000     0.00000
   -10.83366     0.00000     0.00000     0.00000     0.00000     0.00000     0.00000     0.00000     0.00000     0.00000     0.00000
   -10.73466     0.00000     0.00000     0.00000     0.00000     0.00000     0.00000     0.00000     0.00000     0.00000     0.00000
   -10.63666     0.00000     0.00000     0.00000     0.00000     0.00000     0.00000     0.00000     0.00000     0.00000     0.00000
   -10.53866     0.00000     0.00000     0.00000     0.00000     0.00000     0.00000     0.00000     0.00000     0.00000     0.00000
   -10.44066     0.00000     0.00000     0.00000     0.00000     0.00000     0.00000     0.00000     0.00000     0.00000     0.00000
   -10.34166     0.00000     0.00000     0.00000     0.00000     0.00000     0.00000     0.00000     0.00000     0.00000     0.00000
   -10.24366     0.00000     0.00000     0.00000     0.00000     0.00000     0.00000     0.00000     0.00000     0.00000     0.00000
   -10.14566     0.00000     0.00000     0.00000     0.00000     0.00000     0.00000     0.00000     0.00000     0.00000     0.00000
   -10.04766     0.00000     0.00000     0.00000     0.00000     0.00000     0.00000     0.00000     0.00000     0.00000     0.00000
    -9.94866     0.00000     0.00000     0.00000     0.00000     0.00000     0.00000     0.00000     0.00000     0.00000     0.00000
    -9.85066     0.00000     0.00000     0.00000     0.00000     0.00000     0.00000     0.00000     0.00000     0.00000     0.00000
    -9.75266     0.00000     0.00000     0.00000     0.00000     0.00000     0.00000     0.00000     0.00000     0.00000     0.00000
    -9.65366     0.00000     0.00000     0.00000     0.00000     0.00000     0.00000     0.00000     0.00000     0.00000     0.00000
    -9.55566     0.00000     0.00000     0.00000     0.00000     0.00000     0.00000     0.00000     0.00000     0.00000     0.00000
    -9.45766     0.00000     0.00000     0.00000     0.00000     0.00000     0.00000     0.00000     0.00000     0.00000     0.00000
    -9.35966     0.00000     0.00000     0.00000     0.00000     0.00000     0.00000     0.00000     0.00000     0.00000     0.00000
    -9.26066     0.00000     0.00000     0.00000     0.00000     0.00000     0.00000     0.00000     0.00000     0.00000     0.00000
    -9.16266     0.00000     0.00000     0.00000     0.00000     0.00000     0.00000     0.00000     0.00000     0.00000     0.00000
    -9.06466     0.00000     0.00000     0.00000     0.00000     0.00000     0.00000     0.00000     0.00000     0.00000     0.00000
    -8.96666     0.00000     0.00000     0.00000     0.00000     0.00000     0.00000     0.00000     0.00000     0.00000     0.00000
    -8.86766     0.00000     0.00000     0.00000     0.00000     0.00000     0.00000     0.00000     0.00000     0.00000     0.00000
    -8.76966     0.00000     0.00000     0.00000     0.00000     0.00000     0.00000     0.00000     0.00000     0.00000     0.00000
    -8.67166     0.00000     0.00000     0.00000     0.00000     0.00000     0.00000     0.00000     0.00000     0.00000     0.00000
    -8.57366     0.00000     0.00000     0.00000     0.00000     0.00000     0.00000     0.00000     0.00000     0.00000     0.00000
    -8.47466     0.00000     0.00000     0.00000     0.00000     0.00000     0.00000     0.00000     0.00000     0.00000     0.00000
    -8.37666     0.00000     0.00000     0.00000     0.00000     0.00000     0.00000     0.00000     0.00000     0.00000     0.00000
    -8.27866     0.00000     0.00000     0.00000     0.00000     0.00000     0.00000     0.00000     0.00000     0.00000     0.00000
    -8.18066     0.00000     0.00000     0.00000     0.00000     0.00000     0.00000     0.00000     0.00000     0.00000     0.00000
    -8.08166     0.00000     0.00000     0.00000     0.00000     0.00000     0.00000     0.00000     0.00000     0.00000     0.00000
    -7.98366     0.00000     0.00000     0.00000     0.00000     0.00000     0.00000     0.00000     0.00000     0.00000     0.00000
    -7.88566     0.00000     0.00000     0.00000     0.00000     0.00000     0.00000     0.00000     0.00000     0.00000     0.00000
    -7.78766     0.00000     0.00000     0.00000     0.00000     0.00000     0.00000     0.00000     0.00000     0.00000     0.00000
    -7.68866     0.00000     0.00000     0.00000     0.00000     0.00000     0.00000     0.00000     0.00000     0.00000     0.00000
    -7.59066     0.00000     0.00000     0.00000     0.00000     0.00000     0.00000     0.00000     0.00000     0.00000     0.00000
    -7.49266     0.00000     0.00000     0.00000     0.00000     0.00000     0.00000     0.00000     0.00000     0.00000     0.00000
    -7.39366     0.00000     0.00000     0.00000     0.00000     0.00000     0.00000     0.00000     0.00000     0.00000     0.00000
    -7.29566     0.00000     0.00000     0.00000     0.00000     0.00000     0.00000     0.00000     0.00000     0.00000     0.00000
    -7.19766     0.00000     0.00000     0.00000     0.00000     0.00000     0.00000     0.00000     0.00000     0.00000     0.00000
    -7.09966     0.00000     0.00000     0.00000     0.00000     0.00000     0.00000     0.00000     0.00000     0.00000     0.00000
    -7.00066     0.00000     0.00000     0.00000     0.00000     0.00000     0.00000     0.00000     0.00000     0.00000     0.00000
    -6.90266     0.00000     0.00000     0.00000     0.00000     0.00000     0.00000     0.00000     0.00000     0.00000     0.00000
    -6.80466     0.00000     0.00000     0.00000     0.00000     0.00000     0.00000     0.00000     0.00000     0.00000     0.00000
    -6.70666     0.00000     0.00000     0.00000     0.00000     0.00000     0.00000     0.00000     0.00000     0.00000     0.00000
    -6.60766     0.00000     0.00000     0.00000     0.00000     0.00000     0.00000     0.00000     0.00000     0.00000     0.00000
    -6.50966     0.00000     0.00000     0.00000     0.00000     0.00000     0.00000     0.00000     0.00000     0.00000     0.00000
    -6.41166     0.00000     0.00000     0.00000     0.00000     0.00000     0.00000     0.00000     0.00000     0.00000     0.00000
    -6.31366     0.00000     0.00000     0.00000     0.00000     0.00000     0.00000     0.00000     0.00000     0.00000     0.00000
    -6.21466     0.00000     0.00000     0.00000     0.00000     0.00000     0.00000     0.00000     0.00000     0.00000     0.00000
    -6.11666     0.00000     0.00000     0.00000     0.00000     0.00000     0.00000     0.00000     0.00000     0.00000     0.00000
    -6.01866     0.00000     0.00000     0.00000     0.00000     0.00000     0.00000     0.00000     0.00000     0.00000     0.00000
    -5.92066     0.00000     0.00000     0.00000     0.00000     0.00000     0.00000     0.00000     0.00000     0.00000     0.00000
    -5.82166     0.00000     0.00000     0.00000     0.00000     0.00000     0.00000     0.00000     0.00000     0.00000     0.00000
    -5.72366     0.00000     0.00000     0.00000     0.00000     0.00000     0.00000     0.00000     0.00000     0.00000     0.00000
    -5.62566     0.00000     0.00000     0.00000     0.00000     0.00000     0.00000     0.00000     0.00000     0.00000     0.00000
    -5.52766     0.00000     0.00000     0.00000     0.00000     0.00000     0.00000     0.00000     0.00000     0.00000     0.00000
    -5.42866     0.00000     0.00000     0.00000     0.00000     0.00000     0.00000     0.00000     0.00000     0.00000     0.00000
    -5.33066     0.00000     0.00000     0.00000     0.00000     0.00000     0.00000     0.00000     0.00000     0.00000     0.00000
    -5.23266     0.00000     0.00000     0.00000     0.00000     0.00000     0.00000     0.00000     0.00000     0.00000     0.00000
    -5.13366     0.00000     0.00000     0.00000     0.00000     0.00000     0.00000     0.00000     0.00000     0.00000     0.00000
    -5.03566     0.00000     0.00000     0.00000     0.00000     0.00000     0.00000     0.00000     0.00000     0.00000     0.00000
    -4.93766     0.00000     0.00000     0.00000     0.00000     0.00000     0.00000     0.00000     0.00000     0.00000     0.00000
    -4.83966     0.00000     0.00000     0.00000     0.00000     0.00000     0.00000     0.00000     0.00000     0.00000     0.00000
    -4.74066     0.00000     0.00000     0.00000     0.00000     0.00000     0.00000     0.00000     0.00000     0.00000     0.00000
    -4.64266     0.00000     0.00000     0.00000     0.00000     0.00000     0.00000     0.00000     0.00000     0.00000     0.00000
    -4.54466     0.00000     0.00000     0.00000     0.00000     0.00000     0.00000     0.00000     0.00000     0.00000     0.00000
    -4.44666     0.00000     0.00000     0.00000     0.00000     0.00000     0.00000     0.00000     0.00000     0.00000     0.00000
    -4.34766     0.00000     0.00000     0.00000     0.00000     0.00000     0.00000     0.00000     0.00000     0.00000     0.00000
    -4.24966     0.00000     0.00000     0.00000     0.00000     0.00000     0.00000     0.00000     0.00000     0.00000     0.00000
    -4.15166     0.00000     0.00000     0.00000     0.00000     0.00000     0.00000     0.00000     0.00000     0.00000     0.00000
    -4.05366     0.00000     0.00000     0.00000     0.00000     0.00000     0.00000     0.00000     0.00000     0.00000     0.00000
    -3.95466     0.00000     0.00000     0.00000     0.00000     0.00000     0.00000     0.00000     0.00000     0.00000     0.00000
    -3.85666     0.00000     0.00000     0.00000     0.00000     0.00000     0.00000     0.00000     0.00000     0.00000     0.00000
    -3.75866    -0.39840    -0.00049    -0.00044    -0.00049    -0.01216    -0.01129    -0.00288    -0.01147    -0.00181    -0.43942
    -3.66066    -0.13612    -0.00007    -0.00007    -0.00007    -0.00412    -0.00372    -0.00075    -0.00380    -0.00042    -0.14914
    -3.56166    -0.05896    -0.00001    -0.00001    -0.00001    -0.00164    -0.00147    -0.00029    -0.00150    -0.00015    -0.06405
    -3.46366     0.00000     0.00000     0.00000     0.00000     0.00000     0.00000     0.00000     0.00000     0.00000     0.00000
    -3.36566    -0.80020    -0.00166    -0.00149    -0.00167    -0.02860    -0.02878    -0.00910    -0.02896    -0.00630    -0.90676
    -3.26766     0.00000     0.00000     0.00000     0.00000     0.00000     0.00000     0.00000     0.00000     0.00000     0.00000
    -3.16866    -0.00019    -0.06968    -0.07356    -0.06936    -0.00127    -0.00119    -0.00541    -0.00119    -0.00496    -0.22681
    -3.07066    -0.00182    -0.11518    -0.12288    -0.11454    -0.00828    -0.00769    -0.02218    -0.00767    -0.02264    -0.42289
    -2.97266    -0.00109    -0.14858    -0.14514    -0.14886    -0.03544    -0.03200    -0.03510    -0.03232    -0.03726    -0.61579
    -2.87366    -0.00016    -0.04212    -0.04248    -0.04210    -0.01512    -0.01373    -0.03562    -0.01361    -0.04080    -0.24574
    -2.77566    -0.00674    -0.07992    -0.07474    -0.08012    -0.04112    -0.03958    -0.08656    -0.03934    -0.08348    -0.53160
    -2.67766    -0.00865    -0.05108    -0.04778    -0.05136    -0.02602    -0.02800    -0.05400    -0.02770    -0.05182    -0.34641
    -2.57966    -0.00901    -0.04214    -0.03950    -0.04236    -0.01212    -0.01339    -0.02466    -0.01320    -0.02442    -0.22080
    -2.48066    -0.01084    -0.06336    -0.06166    -0.06350    -0.03230    -0.03380    -0.14018    -0.03288    -0.14666    -0.58518
    -2.38266    -0.00002    -0.00544    -0.00616    -0.00538    -0.00213    -0.00200    -0.01080    -0.00201    -0.00975    -0.04369
    -2.28466    -0.00395    -0.03466    -0.03354    -0.03474    -0.02510    -0.02952    -0.16030    -0.02830    -0.16208    -0.51219
    -2.18666    -0.00129    -0.02706    -0.02918    -0.02688    -0.01927    -0.01933    -0.23400    -0.01818    -0.23700    -0.61219
    -2.08766    -0.00145    -0.00247    -0.00227    -0.00249    -0.00558    -0.00556    -0.01109    -0.00553    -0.01117    -0.04761
    -1.98966    -0.00897    -0.01481    -0.01469    -0.01482    -0.02030    -0.02098    -0.24040    -0.01985    -0.24020    -0.59501
    -1.89166    -0.02192    -0.01703    -0.01579    -0.01713    -0.01405    -0.01864    -0.58580    -0.01491    -0.59840    -1.30366
    -1.79366    -0.02026    -0.02254    -0.02058    -0.02270    -0.02570    -0.02622    -0.17360    -0.02546    -0.17298    -0.51004
    -1.69466    -0.00671    -0.01731    -0.01565    -0.01744    -0.00542    -0.00655    -0.12382    -0.00592    -0.12178    -0.32059
    -1.59666    -0.01454    -0.02766    -0.02492    -0.02788    -0.01432    -0.01685    -0.37300    -0.01472    -0.37600    -0.88989
    -1.49866    -0.00983    -0.02768    -0.02556    -0.02786    -0.01297    -0.01407    -0.15682    -0.01320    -0.15812    -0.44611
    -1.40066    -0.00739    -0.04852    -0.04934    -0.04846    -0.01245    -0.01320    -0.14628    -0.01237    -0.14920    -0.48721
    -1.30166    -0.00268    -0.03750    -0.04356    -0.03700    -0.00513    -0.00563    -0.08202    -0.00509    -0.08524    -0.30384
    -1.20366    -0.01126    -0.02164    -0.02536    -0.02134    -0.01308    -0.01430    -0.03716    -0.01406    -0.03666    -0.19485
    -1.10566    -0.01133    -0.05882    -0.06620    -0.05822    -0.02190    -0.02256    -0.07226    -0.02226    -0.07136    -0.40491
    -1.00766    -0.00431    -0.03558    -0.03882    -0.03530    -0.01778    -0.01770    -0.04232    -0.01768    -0.03972    -0.24921
    -0.90866    -0.00609    -0.02042    -0.01981    -0.02048    -0.02494    -0.02474    -0.04344    -0.02482    -0.03946    -0.22419
    -0.81066    -0.00830    -0.01810    -0.01698    -0.01820    -0.02769    -0.02612    -0.03326    -0.02644    -0.02852    -0.20361
    -0.71266    -0.00555    -0.00688    -0.00656    -0.00691    -0.01271    -0.01285    -0.10256    -0.01238    -0.10324    -0.26964
    -0.61366    -0.01637    -0.01187    -0.01142    -0.01190    -0.02108    -0.02150    -0.02860    -0.02132    -0.03148    -0.17554
    -0.51566    -0.00427    -0.02402    -0.02702    -0.02376    -0.01998    -0.01868    -0.02366    -0.01866    -0.02784    -0.18789
    -0.41766    -0.00719    -0.01404    -0.01431    -0.01402    -0.04352    -0.04312    -0.07348    -0.04332    -0.06482    -0.31782
    -0.31966    -0.00146    -0.02584    -0.02396    -0.02598    -0.01915    -0.01759    -0.02416    -0.01779    -0.02300    -0.17894
    -0.22066    -0.00011    -0.00772    -0.00647    -0.00729    -0.00313    -0.00282    -0.00347    -0.00268    -0.00376    -0.03744
    -0.12266     0.00000     0.00000     0.00000     0.00000     0.00000     0.00000     0.00000     0.00000     0.00000     0.00000
    -0.02466     0.00000     0.00000     0.00000     0.00000     0.00000     0.00000     0.00000     0.00000     0.00000     0.00000
     0.07334     0.00000     0.00000     0.00000     0.00000     0.00000     0.00000     0.00000     0.00000     0.00000     0.00000
     0.17234     0.00000     0.00000     0.00000     0.00000     0.00000     0.00000     0.00000     0.00000     0.00000     0.00000
     0.27034     0.00000     0.00000     0.00000     0.00000     0.00000     0.00000     0.00000     0.00000     0.00000     0.00000
     0.36834     0.00000     0.00000     0.00000     0.00000     0.00000     0.00000     0.00000     0.00000     0.00000     0.00000
     0.46634     0.00000     0.00000     0.00000     0.00000     0.00000     0.00000     0.00000     0.00000     0.00000     0.00000
     0.56534     0.00000     0.00000     0.00000     0.00000     0.00000     0.00000     0.00000     0.00000     0.00000     0.00000
     0.66334     0.00000     0.00000     0.00000     0.00000     0.00000     0.00000     0.00000     0.00000     0.00000     0.00000
     0.76134     0.00000     0.00000     0.00000     0.00000     0.00000     0.00000     0.00000     0.00000     0.00000     0.00000
     0.85934     0.00000     0.00000     0.00000     0.00000     0.00000     0.00000     0.00000     0.00000     0.00000     0.00000
     0.95834     0.00000     0.00000     0.00000     0.00000     0.00000     0.00000     0.00000     0.00000     0.00000     0.00000
     1.05634     0.00000     0.00000     0.00000     0.00000     0.00000     0.00000     0.00000     0.00000     0.00000     0.00000
     1.15434     0.00000     0.00000     0.00000     0.00000     0.00000     0.00000     0.00000     0.00000     0.00000     0.00000
     1.25234     0.00000     0.00000     0.00000     0.00000     0.00000     0.00000     0.00000     0.00000     0.00000     0.00000
     1.35134     0.00000     0.00000     0.00000     0.00000     0.00000     0.00000     0.00000     0.00000     0.00000     0.00000
     1.44934     0.00000     0.00000     0.00000     0.00000     0.00000     0.00000     0.00000     0.00000     0.00000     0.00000
     1.54734     0.00000     0.00000     0.00000     0.00000     0.00000     0.00000     0.00000     0.00000     0.00000     0.00000
     1.64634     0.00000     0.00000     0.00000     0.00000     0.00000     0.00000     0.00000     0.00000     0.00000     0.00000
     1.74434     0.00000     0.00000     0.00000     0.00000     0.00000     0.00000     0.00000     0.00000     0.00000     0.00000
     1.84234     0.00000     0.00000     0.00000     0.00000     0.00000     0.00000     0.00000     0.00000     0.00000     0.00000
     1.94034     0.00000     0.00000     0.00000     0.00000     0.00000     0.00000     0.00000     0.00000     0.00000     0.00000
     2.03934     0.00000     0.00000     0.00000     0.00000     0.00000     0.00000     0.00000     0.00000     0.00000     0.00000
     2.13734     0.00000     0.00000     0.00000     0.00000     0.00000     0.00000     0.00000     0.00000     0.00000     0.00000
     2.23534     0.00000     0.00000     0.00000     0.00000     0.00000     0.00000     0.00000     0.00000     0.00000     0.00000
     2.33334     0.00000     0.00000     0.00000     0.00000     0.00000     0.00000     0.00000     0.00000     0.00000     0.00000
     2.43234     0.00000     0.00000     0.00000     0.00000     0.00000     0.00000     0.00000     0.00000     0.00000     0.00000
     2.53034     0.00000     0.00000     0.00000     0.00000     0.00000     0.00000     0.00000     0.00000     0.00000     0.00000
     2.62834     0.00000     0.00000     0.00000     0.00000     0.00000     0.00000     0.00000     0.00000     0.00000     0.00000
     2.72634     0.00000     0.00000     0.00000     0.00000     0.00000     0.00000     0.00000     0.00000     0.00000     0.00000
     2.82534     0.00000     0.00000     0.00000     0.00000     0.00000     0.00000     0.00000     0.00000     0.00000     0.00000
     2.92334     0.00000     0.00000     0.00000     0.00000     0.00000     0.00000     0.00000     0.00000     0.00000     0.00000
     3.02134     0.00000     0.00000     0.00000     0.00000     0.00000     0.00000     0.00000     0.00000     0.00000     0.00000
     3.11934     0.00000     0.00000     0.00000     0.00000     0.00000     0.00000     0.00000     0.00000     0.00000     0.00000
     3.21834     0.00000     0.00000     0.00000     0.00000     0.00000     0.00000     0.00000     0.00000     0.00000     0.00000
     3.31634     0.00000     0.00000     0.00000     0.00000     0.00000     0.00000     0.00000     0.00000     0.00000     0.00000
     3.41434    -0.06628    -0.00398    -0.00358    -0.00401    -3.21800    -3.36800    -0.75400    -3.37200    -0.49200   -11.28185
     3.51234    -0.04588    -0.00491    -0.00440    -0.00495    -2.46800    -2.57400    -0.70420    -2.57800    -0.48500    -8.86934
     3.61134    -0.00198    -0.00085    -0.00077    -0.00086    -0.85440    -0.79080    -0.78660    -0.80360    -0.63380    -3.87365
     3.70934    -0.02614    -0.00429    -0.00402    -0.00427    -3.06800    -3.00600    -3.87200    -3.00400    -4.07200   -17.06072
     3.80734    -0.01256    -0.00074    -0.00070    -0.00074    -0.35780    -0.36900    -0.69180    -0.36320    -0.77800    -2.57453
     3.90634    -0.01806    -0.00297    -0.00293    -0.00297    -0.88180    -0.88060    -1.21200    -0.87300    -1.39080    -5.26513
     4.00434    -0.00001    -0.00116    -0.00118    -0.00116    -0.17848    -0.15980    -0.26480    -0.15964    -0.31960    -1.08584
     4.10234    -0.01301    -0.00752    -0.00636    -0.00731    -4.58200    -4.33400    -4.01000    -4.30200    -3.19600   -20.45820
     4.20034    -0.02268    -0.00156    -0.00143    -0.00157    -2.46600    -2.69600    -0.80140    -2.68400    -0.57840    -9.25304
     4.29934     0.00000     0.00000     0.00000     0.00000     0.00000     0.00000     0.00000     0.00000     0.00000     0.00000
     4.39734     0.00000     0.00000     0.00000     0.00000     0.00000     0.00000     0.00000     0.00000     0.00000     0.00000
     4.49534     0.00000     0.00000     0.00000     0.00000     0.00000     0.00000     0.00000     0.00000     0.00000     0.00000
     4.59334     0.00000     0.00000     0.00000     0.00000     0.00000     0.00000     0.00000     0.00000     0.00000     0.00000
     4.69234     0.00000     0.00000     0.00000     0.00000     0.00000     0.00000     0.00000     0.00000     0.00000     0.00000
     4.79034     0.00000     0.00000     0.00000     0.00000     0.00000     0.00000     0.00000     0.00000     0.00000     0.00000
     4.88834     0.00000     0.00000     0.00000     0.00000     0.00000     0.00000     0.00000     0.00000     0.00000     0.00000
     4.98634     0.00000     0.00000     0.00000     0.00000     0.00000     0.00000     0.00000     0.00000     0.00000     0.00000
     5.08534     0.00000     0.00000     0.00000     0.00000     0.00000     0.00000     0.00000     0.00000     0.00000     0.00000
     5.18334     0.00000     0.00000     0.00000     0.00000     0.00000     0.00000     0.00000     0.00000     0.00000     0.00000
     5.28134     0.00000     0.00000     0.00000     0.00000     0.00000     0.00000     0.00000     0.00000     0.00000     0.00000
     5.37934     0.00000     0.00000     0.00000     0.00000     0.00000     0.00000     0.00000     0.00000     0.00000     0.00000
     5.47834     0.00000     0.00000     0.00000     0.00000     0.00000     0.00000     0.00000     0.00000     0.00000     0.00000
     5.57634     0.00000     0.00000     0.00000     0.00000     0.00000     0.00000     0.00000     0.00000     0.00000     0.00000
     5.67434    -0.01310    -0.00002    -0.00002    -0.00002    -0.00000    -0.00000    -0.00000    -0.00000    -0.00000    -0.01319
     5.77234    -0.02086    -0.00014    -0.00013    -0.00014    -0.00005    -0.00005    -0.00005    -0.00005    -0.00004    -0.02151
     5.87134    -0.02106    -0.00027    -0.00024    -0.00027    -0.00015    -0.00016    -0.00012    -0.00016    -0.00010    -0.02254
     5.96934    -0.02112    -0.00038    -0.00035    -0.00039    -0.00026    -0.00029    -0.00020    -0.00029    -0.00017    -0.02346
     6.06734    -0.02044    -0.00055    -0.00050    -0.00055    -0.00046    -0.00051    -0.00032    -0.00051    -0.00026    -0.02409
     6.16634    -0.01983    -0.00071    -0.00064    -0.00071    -0.00065    -0.00072    -0.00043    -0.00072    -0.00035    -0.02475
     6.26434    -0.01991    -0.00083    -0.00075    -0.00084    -0.00080    -0.00089    -0.00053    -0.00088    -0.00043    -0.02586
     6.36234    -0.01819    -0.00114    -0.00104    -0.00115    -0.00113    -0.00124    -0.00067    -0.00123    -0.00053    -0.02633
     6.46034    -0.01741    -0.00246    -0.00260    -0.00245    -0.00165    -0.00174    -0.00193    -0.00173    -0.00193    -0.03391
     6.55934    -0.01599    -0.00255    -0.00256    -0.00255    -0.00236    -0.00242    -0.00304    -0.00240    -0.00318    -0.03704
     6.65734    -0.01431    -0.00288    -0.00278    -0.00289    -0.00306    -0.00308    -0.00395    -0.00306    -0.00423    -0.04024
     6.75534    -0.01335    -0.00329    -0.00312    -0.00331    -0.00360    -0.00358    -0.00476    -0.00356    -0.00516    -0.04372
     6.85334    -0.02582    -0.00531    -0.00498    -0.00534    -0.00470    -0.00466    -0.00537    -0.00465    -0.00589    -0.06672
     6.95234    -0.06642    -0.00756    -0.00703    -0.00760    -0.00523    -0.00511    -0.00614    -0.00509    -0.00677    -0.11695
     7.05034    -0.46320    -0.03316    -0.03092    -0.03336    -0.01111    -0.01074    -0.00771    -0.01078    -0.00842    -0.60940
     7.14834    -0.06866    -0.01277    -0.01368    -0.01270    -0.00326    -0.00328    -0.00271    -0.00328    -0.00268    -0.12302
     7.24634    -0.71540    -0.04016    -0.03752    -0.04038    -0.01120    -0.01139    -0.01895    -0.01129    -0.02014    -0.90643
     7.34534    -0.16680    -0.02204    -0.02126    -0.02210    -0.00574    -0.00578    -0.00459    -0.00577    -0.00508    -0.25915
     7.44334    -0.69560    -0.05576    -0.05390    -0.05592    -0.01868    -0.02036    -0.01100    -0.02018    -0.01163    -0.94303
     7.54134    -0.11898    -0.02462    -0.02644    -0.02448    -0.00510    -0.00540    -0.00521    -0.00536    -0.00527    -0.22086
     7.63934    -0.29860    -0.05842    -0.05522    -0.05868    -0.01459    -0.01497    -0.00629    -0.01496    -0.00638    -0.52811
     7.73834    -0.17912    -0.02600    -0.02722    -0.02590    -0.01417    -0.01402    -0.00840    -0.01403    -0.00940    -0.31825
     7.83634    -0.26600    -0.04770    -0.04954    -0.04756    -0.02314    -0.02126    -0.01367    -0.02152    -0.01381    -0.50420
     7.93434    -0.13506    -0.01835    -0.01844    -0.01834    -0.01096    -0.01018    -0.00535    -0.01028    -0.00580    -0.23276
     8.03234    -0.28180    -0.03876    -0.03830    -0.03878    -0.02888    -0.02766    -0.01381    -0.02778    -0.01638    -0.51215
     8.13134    -0.38620    -0.07718    -0.07448    -0.07740    -0.02840    -0.02784    -0.01311    -0.02794    -0.01437    -0.72691
     8.22934    -0.45240    -0.02990    -0.03020    -0.02986    -0.02036    -0.01910    -0.00754    -0.01925    -0.00918    -0.61779
     8.32734    -0.27640    -0.06326    -0.06606    -0.06302    -0.01890    -0.01853    -0.01096    -0.01858    -0.01194    -0.54765
     8.42634    -0.09420    -0.08294    -0.08590    -0.08270    -0.01601    -0.01539    -0.00940    -0.01548    -0.00972    -0.41174
     8.52434    -0.09512    -0.07474    -0.08048    -0.07428    -0.00952    -0.00906    -0.00755    -0.00912    -0.00748    -0.36735
     8.62234    -0.08704    -0.08226    -0.08804    -0.08180    -0.01783    -0.01744    -0.00941    -0.01754    -0.00917    -0.41054
     8.72034    -0.11198    -0.08260    -0.08524    -0.08238    -0.01691    -0.01659    -0.00856    -0.01669    -0.00788    -0.42883
     8.81934    -0.06082    -0.06036    -0.06224    -0.06036    -0.01573    -0.01508    -0.00597    -0.01521    -0.00543    -0.30120
     8.91734    -0.05656    -0.07392    -0.08624    -0.07182    -0.03102    -0.03068    -0.00648    -0.03096    -0.00620    -0.39389
     9.01534    -0.05926    -0.09964    -0.09782    -0.09730    -0.04094    -0.03962    -0.00889    -0.03960    -0.00878    -0.49185
     9.11334    -0.05348    -0.03996    -0.04332    -0.04290    -0.05904    -0.05664    -0.00876    -0.05766    -0.00663    -0.36839
     9.21234    -0.02766    -0.07430    -0.07496    -0.07424    -0.04724    -0.04742    -0.00861    -0.04762    -0.00808    -0.41013
     9.31034    -0.02574    -0.03614    -0.03668    -0.03608    -0.03236    -0.03158    -0.00468    -0.03182    -0.00432    -0.23940
     9.40834    -0.06094    -0.05642    -0.05870    -0.05622    -0.04406    -0.04394    -0.00705    -0.04414    -0.00685    -0.37832
     9.50634    -0.09416    -0.06260    -0.06004    -0.06282    -0.04130    -0.04084    -0.00820    -0.04106    -0.00798    -0.41900
     9.60534    -0.07126    -0.06044    -0.05946    -0.06052    -0.07224    -0.06966    -0.00943    -0.07026    -0.00959    -0.48286
     9.70334    -0.06792    -0.07482    -0.07242    -0.07502    -0.06134    -0.06000    -0.00830    -0.06042    -0.00778    -0.48802
     9.80134    -0.07052    -0.10140    -0.10318    -0.10126    -0.12790    -0.12100    -0.01156    -0.12238    -0.01045    -0.76965
     9.89934    -0.06996    -0.07196    -0.07032    -0.07210    -0.10166    -0.10056    -0.01751    -0.10110    -0.01750    -0.62268
     9.99834    -0.35740    -0.07414    -0.07240    -0.07428    -0.08848    -0.09072    -0.02240    -0.09088    -0.01933    -0.89003
    10.09634    -0.04172    -0.10392    -0.10502    -0.10384    -0.06322    -0.06494    -0.01111    -0.06500    -0.01113    -0.56991
    10.19434    -0.02986    -0.07894    -0.08054    -0.07880    -0.06362    -0.06354    -0.01309    -0.06380    -0.01321    -0.48540
    10.29234    -0.03688    -0.09928    -0.10006    -0.09922    -0.07264    -0.07268    -0.01102    -0.07296    -0.01153    -0.57627
    10.39134    -0.03636    -0.10408    -0.10116    -0.10432    -0.03592    -0.03694    -0.01081    -0.03692    -0.01127    -0.47778
    10.48934    -0.04682    -0.11464    -0.11124    -0.11494    -0.03700    -0.03648    -0.01380    -0.03666    -0.01389    -0.52547
    10.58734    -0.04822    -0.08150    -0.08118    -0.08152    -0.05262    -0.05046    -0.01116    -0.05126    -0.01144    -0.46937
    10.68634    -0.05508    -0.11396    -0.11026    -0.11426    -0.03880    -0.03678    -0.00996    -0.03714    -0.01027    -0.52651
    10.78434    -0.04458    -0.18760    -0.17728    -0.18844    -0.04976    -0.04850    -0.01175    -0.04882    -0.01211    -0.76884
    10.88234    -0.03344    -0.06456    -0.06202    -0.06478    -0.03188    -0.03092    -0.00703    -0.03116    -0.00679    -0.33258
    10.98034    -0.03536    -0.07908    -0.07956    -0.07904    -0.05666    -0.05872    -0.02142    -0.05872    -0.01974    -0.48830
    11.07934    -0.07970    -0.07194    -0.06966    -0.07212    -0.08840    -0.09062    -0.01661    -0.09074    -0.01587    -0.59566
    11.17734    -0.03108    -0.07884    -0.07664    -0.07902    -0.06308    -0.06490    -0.01110    -0.06498    -0.00990    -0.47954
    11.27534    -0.03274    -0.07834    -0.07470    -0.07864    -0.04300    -0.04176    -0.01138    -0.04192    -0.01047    -0.41295
    11.37334    -0.04500    -0.07730    -0.07386    -0.07758    -0.04434    -0.04172    -0.01120    -0.04230    -0.01039    -0.42368
    11.47234    -0.04752    -0.08460    -0.08156    -0.08484    -0.04634    -0.04318    -0.01092    -0.04370    -0.01075    -0.45341
    11.57034    -0.01825    -0.09096    -0.08762    -0.09120    -0.04152    -0.03916    -0.01030    -0.03958    -0.01027    -0.42886
    11.66834    -0.02580    -0.07332    -0.07118    -0.07348    -0.03906    -0.03948    -0.01241    -0.03956    -0.01201    -0.38630
    11.76634    -0.02614    -0.06476    -0.06766    -0.06451    -0.09444    -0.10404    -0.01443    -0.10337    -0.01328    -0.55263
    11.86534    -0.03642    -0.05688    -0.05978    -0.05666    -0.06309    -0.06778    -0.01682    -0.06748    -0.01630    -0.44121
    11.96334    -0.03992    -0.08478    -0.08698    -0.08632    -0.05956    -0.06184    -0.01382    -0.06184    -0.01349    -0.50854
    12.06134    -0.02084    -0.02087    -0.02116    -0.02090    -0.03262    -0.03466    -0.00591    -0.03478    -0.00495    -0.19669
    12.15934    -0.01950    -0.04633    -0.05161    -0.04589    -0.04138    -0.04316    -0.00442    -0.04318    -0.00331    -0.29878
    12.25834    -0.01529    -0.01543    -0.01662    -0.01533    -0.01850    -0.02124    -0.00183    -0.02102    -0.00139    -0.12664
    12.35634    -0.00278    -0.00263    -0.00242    -0.00264    -0.00162    -0.00191    -0.00020    -0.00188    -0.00017    -0.01624
    12.45434    -0.00395    -0.00301    -0.00277    -0.00303    -0.00137    -0.00165    -0.00022    -0.00163    -0.00020    -0.01783
    12.55234     0.00000     0.00000     0.00000     0.00000     0.00000     0.00000     0.00000     0.00000     0.00000     0.00000
    12.65134     0.00000     0.00000     0.00000     0.00000     0.00000     0.00000     0.00000     0.00000     0.00000     0.00000
    12.74934     0.00000     0.00000     0.00000     0.00000     0.00000     0.00000     0.00000     0.00000     0.00000     0.00000
    12.84734     0.00000     0.00000     0.00000     0.00000     0.00000     0.00000     0.00000     0.00000     0.00000     0.00000
    12.94634     0.00000     0.00000     0.00000     0.00000     0.00000     0.00000     0.00000     0.00000     0.00000     0.00000
    13.04434     0.00000     0.00000     0.00000     0.00000     0.00000     0.00000     0.00000     0.00000     0.00000     0.00000
    13.14234     0.00000     0.00000     0.00000     0.00000     0.00000     0.00000     0.00000     0.00000     0.00000     0.00000
    13.24034     0.00000     0.00000     0.00000     0.00000     0.00000     0.00000     0.00000     0.00000     0.00000     0.00000
    13.33934     0.00000     0.00000     0.00000     0.00000     0.00000     0.00000     0.00000     0.00000     0.00000     0.00000
    13.43734     0.00000     0.00000     0.00000     0.00000     0.00000     0.00000     0.00000     0.00000     0.00000     0.00000
    13.53534     0.00000     0.00000     0.00000     0.00000     0.00000     0.00000     0.00000     0.00000     0.00000     0.00000
    13.63334     0.00000     0.00000     0.00000     0.00000     0.00000     0.00000     0.00000     0.00000     0.00000     0.00000
    13.73234     0.00000     0.00000     0.00000     0.00000     0.00000     0.00000     0.00000     0.00000     0.00000     0.00000
    13.83034     0.00000     0.00000     0.00000     0.00000     0.00000     0.00000     0.00000     0.00000     0.00000     0.00000
