     #Energy           s          py          pz          px         dxy         dyz         dz2         dxz         dx2       tot  
   -20.44076     0.00000     0.00000     0.00000     0.00000     0.00000     0.00000     0.00000     0.00000     0.00000     0.00000
   -20.34376     0.00000     0.00000     0.00000     0.00000     0.00000     0.00000     0.00000     0.00000     0.00000     0.00000
   -20.24676     0.00000     0.00000     0.00000     0.00000     0.00000     0.00000     0.00000     0.00000     0.00000     0.00000
   -20.14876     0.00000     0.00000     0.00000     0.00000     0.00000     0.00000     0.00000     0.00000     0.00000     0.00000
   -20.05176     0.00000     0.00000     0.00000     0.00000     0.00000     0.00000     0.00000     0.00000     0.00000     0.00000
   -19.95476     0.00000     0.00000     0.00000     0.00000     0.00000     0.00000     0.00000     0.00000     0.00000     0.00000
   -19.85776     0.00000     0.00000     0.00000     0.00000     0.00000     0.00000     0.00000     0.00000     0.00000     0.00000
   -19.76076     0.00000     0.00000     0.00000     0.00000     0.00000     0.00000     0.00000     0.00000     0.00000     0.00000
   -19.66376     0.00000     0.00000     0.00000     0.00000     0.00000     0.00000     0.00000     0.00000     0.00000     0.00000
   -19.56676     0.00000     0.00000     0.00000     0.00000     0.00000     0.00000     0.00000     0.00000     0.00000     0.00000
   -19.46876     0.00000     0.00000     0.00000     0.00000     0.00000     0.00000     0.00000     0.00000     0.00000     0.00000
   -19.37176     0.00000     0.00000     0.00000     0.00000     0.00000     0.00000     0.00000     0.00000     0.00000     0.00000
   -19.27476     0.00000     0.00000     0.00000     0.00000     0.00000     0.00000     0.00000     0.00000     0.00000     0.00000
   -19.17776     0.00000     0.00000     0.00000     0.00000     0.00000     0.00000     0.00000     0.00000     0.00000     0.00000
   -19.08076     0.00001     0.00000     0.00000     0.00000     0.00000     0.00000     0.00000     0.00000     0.00000     0.00001
   -18.98376     0.00001     0.00000     0.00000     0.00000     0.00000     0.00000     0.00000     0.00000     0.00000     0.00001
   -18.88576     0.00000     0.00000     0.00000     0.00000     0.00000     0.00000     0.00000     0.00000     0.00000     0.00001
   -18.78876     0.00001     0.00000     0.00000     0.00000     0.00000     0.00000     0.00000     0.00000     0.00000     0.00001
   -18.69176     0.00001     0.00000     0.00000     0.00000     0.00000     0.00000     0.00000     0.00000     0.00000     0.00001
   -18.59476     0.00000     0.00000     0.00000     0.00000     0.00000     0.00000     0.00000     0.00000     0.00000     0.00000
   -18.49776     0.00001     0.00000     0.00000     0.00000     0.00000     0.00000     0.00000     0.00000     0.00000     0.00001
   -18.40076     0.00001     0.00000     0.00000     0.00000     0.00000     0.00000     0.00000     0.00000     0.00000     0.00001
   -18.30376     0.00000     0.00000     0.00000     0.00000     0.00000     0.00000     0.00000     0.00000     0.00000     0.00001
   -18.20576     0.00000     0.00000     0.00000     0.00000     0.00000     0.00000     0.00000     0.00000     0.00000     0.00001
   -18.10876     0.00000     0.00000     0.00000     0.00000     0.00000     0.00000     0.00000     0.00000     0.00000     0.00000
   -18.01176     0.00001     0.00000     0.00000     0.00000     0.00000     0.00000     0.00000     0.00000     0.00000     0.00001
   -17.91476     0.00000     0.00000     0.00000     0.00000     0.00000     0.00000     0.00000     0.00000     0.00000     0.00001
   -17.81776     0.00000     0.00000     0.00000     0.00000     0.00000     0.00000     0.00000     0.00000     0.00000     0.00001
   -17.72076     0.00000     0.00000     0.00000     0.00000     0.00000     0.00000     0.00000     0.00000     0.00000     0.00001
   -17.62376     0.00001     0.00000     0.00000     0.00000     0.00000     0.00000     0.00000     0.00000     0.00000     0.00002
   -17.52576     0.00000     0.00000     0.00000     0.00000     0.00000     0.00000     0.00000     0.00000     0.00000     0.00001
   -17.42876     0.00001     0.00000     0.00000     0.00000     0.00000     0.00000     0.00000     0.00000     0.00000     0.00003
   -17.33176     0.00001     0.00000     0.00000     0.00000     0.00000     0.00000     0.00000     0.00000     0.00000     0.00002
   -17.23476     0.00000     0.00000     0.00000     0.00000     0.00000     0.00000     0.00000     0.00000     0.00000     0.00001
   -17.13776     0.00000     0.00000     0.00000     0.00000     0.00000     0.00000     0.00000     0.00000     0.00000     0.00002
   -17.04076     0.00000     0.00000     0.00000     0.00000     0.00000     0.00000     0.00000     0.00000     0.00000     0.00002
   -16.94276     0.00001     0.00000     0.00000     0.00000     0.00000     0.00000     0.00000     0.00000     0.00000     0.00002
   -16.84576     0.00001     0.00000     0.00000     0.00000     0.00000     0.00000     0.00000     0.00000     0.00000     0.00003
   -16.74876     0.00001     0.00000     0.00000     0.00000     0.00000     0.00000     0.00001     0.00000     0.00001     0.00003
   -16.65176     0.00001     0.00000     0.00000     0.00000     0.00000     0.00000     0.00001     0.00000     0.00001     0.00003
   -16.55476     0.00001     0.00000     0.00000     0.00001     0.00000     0.00000     0.00001     0.00000     0.00001     0.00004
   -16.45776     0.00001     0.00000     0.00000     0.00000     0.00000     0.00000     0.00001     0.00000     0.00001     0.00003
   -16.36076     0.00002     0.00002     0.00002     0.00001     0.00000     0.00000     0.00002     0.00000     0.00002     0.00011
   -16.26276     0.00001     0.00000     0.00000     0.00000     0.00000     0.00000     0.00000     0.00000     0.00001     0.00003
   -16.16576     0.00002     0.00001     0.00001     0.00001     0.00000     0.00000     0.00001     0.00000     0.00001     0.00006
   -16.06876     0.01046     0.00003     0.00008     0.00006     0.00001     0.00001     0.00001     0.00001     0.00002     0.01069
   -15.97176     0.04875     0.00019     0.00036     0.00020     0.00004     0.00004     0.00003     0.00005     0.00008     0.04974
   -15.87476     0.22106     0.00147     0.00143     0.00115     0.00020     0.00022     0.00028     0.00023     0.00034     0.22638
   -15.77776     0.39011     0.00834     0.00821     0.00782     0.00049     0.00050     0.00202     0.00052     0.00228     0.42029
   -15.68076     0.33265     0.01468     0.01475     0.01494     0.00063     0.00062     0.00480     0.00063     0.00591     0.38961
   -15.58276     0.29682     0.02222     0.02403     0.02181     0.00097     0.00064     0.00826     0.00071     0.00983     0.38529
   -15.48576     0.13021     0.02034     0.01698     0.02380     0.00066     0.00048     0.00716     0.00057     0.00535     0.20554
   -15.38876     0.13596     0.04298     0.02917     0.04391     0.00119     0.00085     0.01188     0.00078     0.00783     0.27454
   -15.29176     0.08570     0.05785     0.05662     0.05726     0.00110     0.00112     0.01320     0.00110     0.01422     0.28816
   -15.19476     0.04005     0.45103     0.48591     0.44889     0.00694     0.00783     0.12450     0.00764     0.16875     1.74154
   -15.09776     0.00906     0.11888     0.12308     0.12066     0.00053     0.00207     0.29156     0.00042     0.35649     1.02276
   -14.99976     0.00101     0.00646     0.00509     0.00542     0.00005     0.00027     0.05096     0.00005     0.05097     0.12029
   -14.90276     0.00034     0.00278     0.00181     0.00201     0.00002     0.00008     0.02055     0.00002     0.01659     0.04420
   -14.80576     0.00003     0.00029     0.00022     0.00011     0.00000     0.00001     0.00123     0.00000     0.00183     0.00373
   -14.70876     0.00002     0.00018     0.00012     0.00005     0.00000     0.00000     0.00068     0.00000     0.00107     0.00213
   -14.61176     0.00001     0.00004     0.00003     0.00003     0.00000     0.00000     0.00013     0.00000     0.00014     0.00039
   -14.51476     0.00001     0.00002     0.00002     0.00002     0.00000     0.00000     0.00005     0.00000     0.00004     0.00016
   -14.41776     0.00002     0.00003     0.00003     0.00003     0.00000     0.00000     0.00007     0.00000     0.00009     0.00028
   -14.31976     0.00001     0.00001     0.00001     0.00002     0.00000     0.00000     0.00004     0.00000     0.00003     0.00012
   -14.22276     0.00001     0.00001     0.00001     0.00001     0.00000     0.00000     0.00003     0.00000     0.00002     0.00009
   -14.12576     0.00001     0.00001     0.00001     0.00001     0.00000     0.00000     0.00001     0.00000     0.00001     0.00005
   -14.02876     0.00001     0.00001     0.00001     0.00001     0.00000     0.00000     0.00002     0.00000     0.00001     0.00007
   -13.93176     0.00001     0.00000     0.00000     0.00001     0.00000     0.00000     0.00001     0.00000     0.00001     0.00004
   -13.83476     0.00001     0.00000     0.00000     0.00001     0.00000     0.00000     0.00001     0.00000     0.00001     0.00004
   -13.73776     0.00001     0.00000     0.00000     0.00001     0.00000     0.00000     0.00001     0.00000     0.00001     0.00004
   -13.63976     0.00001     0.00000     0.00000     0.00000     0.00000     0.00000     0.00000     0.00000     0.00001     0.00003
   -13.54276     0.00001     0.00000     0.00000     0.00000     0.00000     0.00000     0.00000     0.00000     0.00001     0.00003
   -13.44576     0.00001     0.00000     0.00000     0.00000     0.00000     0.00000     0.00001     0.00000     0.00001     0.00003
   -13.34876     0.00000     0.00000     0.00000     0.00000     0.00000     0.00000     0.00000     0.00000     0.00000     0.00001
   -13.25176     0.00000     0.00000     0.00000     0.00000     0.00000     0.00000     0.00000     0.00000     0.00000     0.00001
   -13.15476     0.00001     0.00000     0.00000     0.00000     0.00000     0.00000     0.00000     0.00000     0.00000     0.00002
   -13.05776     0.00000     0.00000     0.00000     0.00000     0.00000     0.00000     0.00000     0.00000     0.00000     0.00000
   -12.95976     0.00000     0.00000     0.00000     0.00000     0.00000     0.00000     0.00000     0.00000     0.00000     0.00001
   -12.86276     0.00001     0.00000     0.00000     0.00000     0.00000     0.00000     0.00000     0.00000     0.00000     0.00002
   -12.76576     0.00000     0.00000     0.00000     0.00000     0.00000     0.00000     0.00000     0.00000     0.00000     0.00000
   -12.66876     0.00000     0.00000     0.00000     0.00000     0.00000     0.00000     0.00000     0.00000     0.00000     0.00000
   -12.57176     0.00000     0.00000     0.00000     0.00000     0.00000     0.00000     0.00000     0.00000     0.00000     0.00000
   -12.47476     0.00001     0.00000     0.00000     0.00000     0.00000     0.00000     0.00000     0.00000     0.00000     0.00002
   -12.37676     0.00000     0.00000     0.00000     0.00000     0.00000     0.00000     0.00000     0.00000     0.00000     0.00001
   -12.27976     0.00000     0.00000     0.00000     0.00000     0.00000     0.00000     0.00000     0.00000     0.00000     0.00001
   -12.18276     0.00000     0.00000     0.00000     0.00000     0.00000     0.00000     0.00000     0.00000     0.00000     0.00001
   -12.08576     0.00000     0.00000     0.00000     0.00000     0.00000     0.00000     0.00000     0.00000     0.00000     0.00001
   -11.98876     0.00000     0.00000     0.00000     0.00000     0.00000     0.00000     0.00000     0.00000     0.00000     0.00001
   -11.89176     0.00000     0.00000     0.00000     0.00000     0.00000     0.00000     0.00000     0.00000     0.00000     0.00000
   -11.79476     0.00000     0.00000     0.00000     0.00000     0.00000     0.00000     0.00000     0.00000     0.00000     0.00001
   -11.69676     0.00000     0.00000     0.00000     0.00000     0.00000     0.00000     0.00000     0.00000     0.00000     0.00001
   -11.59976     0.00000     0.00000     0.00000     0.00000     0.00000     0.00000     0.00000     0.00000     0.00000     0.00001
   -11.50276     0.00000     0.00000     0.00000     0.00000     0.00000     0.00000     0.00000     0.00000     0.00000     0.00001
   -11.40576     0.00000     0.00000     0.00000     0.00000     0.00000     0.00000     0.00000     0.00000     0.00000     0.00001
   -11.30876     0.00000     0.00000     0.00000     0.00000     0.00000     0.00000     0.00000     0.00000     0.00000     0.00001
   -11.21176     0.00000     0.00000     0.00000     0.00000     0.00000     0.00000     0.00000     0.00000     0.00000     0.00001
   -11.11476     0.00000     0.00000     0.00000     0.00000     0.00000     0.00000     0.00000     0.00000     0.00000     0.00001
   -11.01676     0.00000     0.00000     0.00000     0.00000     0.00000     0.00000     0.00000     0.00000     0.00000     0.00001
   -10.91976     0.00000     0.00000     0.00000     0.00000     0.00000     0.00000     0.00000     0.00000     0.00000     0.00001
   -10.82276     0.00000     0.00000     0.00000     0.00000     0.00000     0.00000     0.00000     0.00000     0.00000     0.00000
   -10.72576     0.00000     0.00000     0.00000     0.00000     0.00000     0.00000     0.00000     0.00000     0.00000     0.00000
   -10.62876     0.00000     0.00000     0.00000     0.00000     0.00000     0.00000     0.00000     0.00000     0.00000     0.00000
   -10.53176     0.00000     0.00000     0.00000     0.00000     0.00000     0.00000     0.00000     0.00000     0.00000     0.00001
   -10.43376     0.00000     0.00000     0.00000     0.00000     0.00000     0.00000     0.00000     0.00000     0.00000     0.00000
   -10.33676     0.00000     0.00000     0.00000     0.00000     0.00000     0.00000     0.00000     0.00000     0.00000     0.00001
   -10.23976     0.00000     0.00000     0.00000     0.00000     0.00000     0.00000     0.00000     0.00000     0.00000     0.00001
   -10.14276     0.00000     0.00000     0.00000     0.00000     0.00000     0.00000     0.00000     0.00000     0.00000     0.00001
   -10.04576     0.00000     0.00000     0.00000     0.00000     0.00000     0.00000     0.00000     0.00000     0.00000     0.00001
    -9.94876     0.00000     0.00000     0.00000     0.00000     0.00000     0.00000     0.00000     0.00000     0.00000     0.00000
    -9.85176     0.00000     0.00000     0.00000     0.00000     0.00000     0.00000     0.00000     0.00000     0.00000     0.00001
    -9.75376     0.00000     0.00000     0.00000     0.00000     0.00000     0.00000     0.00000     0.00000     0.00000     0.00000
    -9.65676     0.00000     0.00000     0.00000     0.00000     0.00000     0.00000     0.00000     0.00000     0.00000     0.00000
    -9.55976     0.00000     0.00000     0.00000     0.00000     0.00000     0.00000     0.00000     0.00000     0.00000     0.00001
    -9.46276     0.00000     0.00000     0.00000     0.00000     0.00000     0.00000     0.00000     0.00000     0.00000     0.00001
    -9.36576     0.00000     0.00000     0.00000     0.00000     0.00000     0.00000     0.00000     0.00000     0.00000     0.00001
    -9.26876     0.00000     0.00000     0.00000     0.00000     0.00000     0.00000     0.00000     0.00000     0.00000     0.00000
    -9.17176     0.00000     0.00000     0.00000     0.00000     0.00000     0.00000     0.00000     0.00000     0.00000     0.00001
    -9.07376     0.00000     0.00000     0.00000     0.00000     0.00000     0.00000     0.00000     0.00000     0.00000     0.00001
    -8.97676     0.00000     0.00000     0.00000     0.00000     0.00000     0.00000     0.00000     0.00000     0.00000     0.00001
    -8.87976     0.00000     0.00000     0.00000     0.00000     0.00000     0.00000     0.00000     0.00000     0.00000     0.00001
    -8.78276     0.00000     0.00000     0.00000     0.00000     0.00000     0.00000     0.00000     0.00000     0.00000     0.00001
    -8.68576     0.00000     0.00000     0.00000     0.00000     0.00000     0.00000     0.00000     0.00000     0.00000     0.00001
    -8.58876     0.00000     0.00000     0.00000     0.00000     0.00000     0.00000     0.00000     0.00000     0.00000     0.00001
    -8.49076     0.00000     0.00000     0.00000     0.00000     0.00000     0.00000     0.00000     0.00000     0.00000     0.00001
    -8.39376     0.00000     0.00000     0.00000     0.00000     0.00000     0.00000     0.00000     0.00000     0.00000     0.00001
    -8.29676     0.00000     0.00000     0.00000     0.00000     0.00000     0.00000     0.00000     0.00000     0.00000     0.00001
    -8.19976     0.00000     0.00000     0.00000     0.00000     0.00000     0.00000     0.00000     0.00000     0.00000     0.00001
    -8.10276     0.00000     0.00000     0.00000     0.00000     0.00000     0.00000     0.00000     0.00000     0.00000     0.00001
    -8.00576     0.00001     0.00000     0.00000     0.00000     0.00000     0.00000     0.00000     0.00000     0.00000     0.00002
    -7.90876     0.00000     0.00000     0.00000     0.00000     0.00000     0.00000     0.00000     0.00000     0.00000     0.00001
    -7.81076     0.00000     0.00000     0.00000     0.00000     0.00000     0.00000     0.00000     0.00000     0.00000     0.00001
    -7.71376     0.00000     0.00000     0.00000     0.00000     0.00000     0.00000     0.00000     0.00000     0.00000     0.00001
    -7.61676     0.00000     0.00000     0.00000     0.00000     0.00000     0.00000     0.00000     0.00000     0.00000     0.00001
    -7.51976     0.00000     0.00000     0.00000     0.00000     0.00000     0.00000     0.00000     0.00000     0.00000     0.00001
    -7.42276     0.00007     0.00000     0.00000     0.00000     0.00003     0.00003     0.00001     0.00003     0.00000     0.00017
    -7.32576     0.00016     0.00001     0.00001     0.00000     0.00006     0.00006     0.00003     0.00006     0.00000     0.00039
    -7.22876     0.00058     0.00002     0.00002     0.00001     0.00019     0.00019     0.00005     0.00021     0.00001     0.00128
    -7.13076     0.00471     0.00010     0.00012     0.00011     0.00141     0.00148     0.00015     0.00160     0.00006     0.00973
    -7.03376     0.00564     0.00016     0.00016     0.00016     0.00179     0.00191     0.00024     0.00205     0.00032     0.01241
    -6.93676     0.00392     0.00013     0.00013     0.00013     0.00134     0.00141     0.00032     0.00150     0.00028     0.00915
    -6.83976     0.00591     0.00025     0.00023     0.00024     0.00222     0.00233     0.00064     0.00249     0.00074     0.01505
    -6.74276     0.00415     0.00021     0.00024     0.00018     0.00181     0.00178     0.00088     0.00189     0.00048     0.01162
    -6.64576     0.00344     0.00021     0.00021     0.00020     0.00166     0.00166     0.00075     0.00174     0.00069     0.01056
    -6.54776     0.00341     0.00023     0.00019     0.00024     0.00170     0.00179     0.00059     0.00187     0.00099     0.01100
    -6.45076     0.00386     0.00030     0.00027     0.00029     0.00218     0.00229     0.00095     0.00237     0.00113     0.01363
    -6.35376     0.00519     0.00046     0.00039     0.00042     0.00306     0.00356     0.00143     0.00346     0.00162     0.01958
    -6.25676     0.00572     0.00049     0.00042     0.00050     0.00354     0.00438     0.00145     0.00409     0.00194     0.02253
    -6.15976     0.01159     0.00106     0.00094     0.00105     0.00971     0.00620     0.00334     0.00943     0.00445     0.04777
    -6.06276     0.01180     0.00084     0.00107     0.00080     0.00780     0.01020     0.00403     0.00759     0.00243     0.04657
    -5.96576     0.06821     0.00061     0.00051     0.00065     0.02102     0.02335     0.00151     0.02532     0.00262     0.14379
    -5.86776     0.51283     0.00268     0.00148     0.00257     0.20403     0.16340     0.00708     0.16947     0.01151     1.07505
    -5.77076     2.67990     0.00799     0.00723     0.00737     0.88400     0.76302     0.03849     0.75767     0.02441     5.17008
    -5.67376     0.69748     0.00165     0.00148     0.00248     0.26720     0.32324     0.00966     0.25951     0.00511     1.56781
    -5.57676     0.35844     0.00572     0.00481     0.00570     0.27118     0.24626     0.02022     0.24193     0.01477     1.16903
    -5.47976     1.89750     0.00686     0.00618     0.00642     1.60790     1.57220     0.03608     1.61560     0.03056     6.77929
    -5.38276     1.37070     0.02233     0.01557     0.02025     0.85912     1.16740     0.07165     1.15690     0.03487     4.71879
    -5.28576     0.10809     0.03952     0.04847     0.03954     0.76313     1.08000     0.06161     1.02173     0.09687     3.25895
    -5.18776     0.04414     0.12496     0.13004     0.11671     1.44120     2.74180     0.08504     2.54260     0.24405     7.47054
    -5.09076     0.08182     0.13235     0.12010     0.14164     2.26290     1.79390     0.16216     1.84040     0.14871     6.68398
    -4.99376     0.08858     0.33088     0.24481     0.29435     3.93030     2.41740     0.93130     2.74030     0.32401    11.30194
    -4.89676     0.18326     0.52495     0.49343     0.52076     3.73430     3.95320     0.75359     3.90260     0.88094    14.94703
    -4.79976     0.02739     0.05666     0.09333     0.06093     1.03740     0.66177     0.18738     0.73290     0.08429     2.94204
    -4.70276     0.01577     0.07949     0.07701     0.08760     0.37198     0.35222     0.37866     0.38044     0.48613     2.22930
    -4.60476     0.02159     0.36824     0.53511     0.26824     1.14790     0.72496     2.78630     0.90816     2.57240     9.33290
    -4.50776     0.03994     0.13309     0.15240     0.13611     0.53336     0.49530     1.46130     0.45375     1.47190     4.87715
    -4.41076     0.21296     0.23345     0.27587     0.24634     1.42040     1.60110     2.29820     1.50580     2.27690    10.07102
    -4.31376     0.20806     0.12082     0.12464     0.12017     1.59820     1.23700     3.49230     1.19810     2.90930    11.00859
    -4.21676     0.29862     0.06357     0.08414     0.06567     0.87820     1.09120     2.53340     1.07500     2.23650     8.32630
    -4.11976     0.49563     0.10724     0.07596     0.10495     2.10830     2.08020     1.44050     2.11780     1.76880    10.29938
    -4.02276     0.70596     0.06453     0.05716     0.05521     3.24380     2.97210     0.58651     3.11130     0.85440    11.65096
    -3.92476     0.20624     0.03109     0.03306     0.03130     3.47050     2.52580     0.39467     2.40960     0.59005     9.69230
    -3.82776     0.64941     0.03125     0.03081     0.02991     7.18480     6.18920     1.99080     6.92260     1.70960    24.73838
    -3.73076     0.15898     0.04333     0.03979     0.04195     2.35780     2.32850     2.65120     2.27690     1.45800    11.35645
    -3.63376     0.07921     0.24664     0.09602     0.19017     2.51650     2.19160     3.30750     2.82910     7.13620    18.59294
    -3.53676     0.01807     0.09095     0.04572     0.08633     0.92750     1.05970     0.66290     1.08490     1.11070     5.08677
    -3.43976     0.01268     0.06936     0.11508     0.06772     0.75625     1.28780     0.51587     1.32110     0.43180     4.57766
    -3.34276     0.05372     0.33741     0.36441     0.29349     3.74160     3.25640     1.00750     3.49260     0.82209    13.36922
    -3.24476     0.02728     0.19243     0.19162     0.23262     1.18500     1.59950     0.38646     1.73830     0.34406     5.89727
    -3.14776     0.01949     0.47693     1.32673     0.63463     2.86650     3.69900     0.55619     3.42860     0.44532    13.45339
    -3.05076     0.00832     0.24021     0.32883     0.27908     0.95640     1.06250     0.25894     1.18360     0.27774     4.59562
    -2.95376     0.00403     0.26241     0.34703     0.28062     0.87770     1.11847     0.23975     1.07900     0.25616     4.46517
    -2.85676     0.00432     0.45858     0.38635     0.43949     1.47520     1.95200     0.31372     1.34810     0.31944     6.69720
    -2.75976     0.00323     0.20990     0.18634     0.20052     0.55719     0.58944     0.12748     0.51364     0.10816     2.49590
    -2.66276     0.01238     0.10705     0.14009     0.12175     1.77140     1.88550     0.07455     1.93850     0.06083     6.11205
    -2.56476     0.00171     0.06883     0.12657     0.04826     1.25640     0.85048     0.05643     0.79763     0.03738     3.24371
    -2.46776     0.00183     0.03272     0.02923     0.04114     0.24790     0.22846     0.09356     0.23426     0.06982     0.97893
    -2.37076     0.00148     0.01608     0.02357     0.02059     0.24828     0.26459     0.09975     0.24978     0.10612     1.03024
    -2.27376     0.00624     0.06071     0.06850     0.05958     1.46610     1.36260     0.22917     1.34586     0.24160     4.84037
    -2.17676     0.00877     0.03241     0.02830     0.03826     0.87087     0.75884     0.10633     0.81216     0.08878     2.74472
    -2.07976     0.00543     0.03902     0.03532     0.03720     1.07690     0.64363     0.20304     0.54398     0.12905     2.71358
    -1.98176     0.00962     0.04399     0.04621     0.05112     0.88541     0.78084     0.11362     0.71693     0.12908     2.77683
    -1.88476     0.00429     0.11897     0.14863     0.11145     1.41570     1.51200     0.07130     1.56400     0.05907     5.00542
    -1.78776     0.00105     0.01510     0.01143     0.01596     0.14099     0.08947     0.01023     0.09203     0.00782     0.38409
    -1.69076     0.00094     0.00699     0.00363     0.00639     0.06248     0.03648     0.00647     0.03452     0.00543     0.16332
    -1.59376     0.00089     0.00259     0.00112     0.00204     0.01613     0.01272     0.00691     0.00870     0.00539     0.05648
    -1.49676     0.00107     0.00119     0.00091     0.00132     0.00374     0.00408     0.00777     0.00315     0.00624     0.02946
    -1.39976     0.00096     0.00074     0.00099     0.00098     0.00185     0.00250     0.00682     0.00170     0.00598     0.02251
    -1.30176     0.00062     0.00043     0.00067     0.00057     0.00101     0.00154     0.00455     0.00093     0.00469     0.01502
    -1.20476     0.00036     0.00020     0.00037     0.00029     0.00042     0.00064     0.00337     0.00038     0.00295     0.00898
    -1.10776     0.00046     0.00027     0.00045     0.00041     0.00058     0.00068     0.00524     0.00045     0.00569     0.01424
    -1.01076     0.00037     0.00023     0.00036     0.00031     0.00045     0.00053     0.00539     0.00037     0.00594     0.01395
    -0.91376     0.00034     0.00026     0.00027     0.00032     0.00031     0.00051     0.00662     0.00039     0.00672     0.01575
    -0.81676     0.00028     0.00019     0.00024     0.00024     0.00025     0.00040     0.00657     0.00030     0.00642     0.01491
    -0.71976     0.00027     0.00013     0.00025     0.00020     0.00023     0.00033     0.00769     0.00020     0.00696     0.01624
    -0.62176     0.00017     0.00011     0.00013     0.00010     0.00012     0.00020     0.00612     0.00017     0.00489     0.01200
    -0.52476     0.00027     0.00017     0.00019     0.00014     0.00018     0.00032     0.00978     0.00025     0.00841     0.01972
    -0.42776     0.00040     0.00016     0.00032     0.00020     0.00028     0.00043     0.02989     0.00025     0.02272     0.05465
    -0.33076     0.00026     0.00010     0.00021     0.00012     0.00031     0.00040     0.04015     0.00022     0.03497     0.07674
    -0.23376     0.00007     0.00006     0.00005     0.00005     0.00028     0.00039     0.04283     0.00014     0.04246     0.08632
    -0.13676     0.00006     0.00006     0.00005     0.00005     0.00036     0.00049     0.05812     0.00017     0.05772     0.11709
    -0.03876     0.00025     0.00021     0.00037     0.00023     0.00145     0.00199     0.29842     0.00085     0.23928     0.54304
     0.05824     0.00087     0.00661     0.00534     0.00547     0.05396     0.09733    16.77650     0.02991     9.10800    26.08399
     0.15524     0.00110     0.01119     0.01161     0.01103     0.04290     0.08378     9.23640     0.04302     8.24740    17.68844
     0.25224     0.00250     0.00460     0.00556     0.00491     0.02865     0.05169     5.42520     0.02332     4.39780     9.94423
     0.34924     0.00018     0.00058     0.00038     0.00052     0.00485     0.01017     0.95108     0.00650     1.17630     2.15056
     0.44624     0.00007     0.00004     0.00003     0.00005     0.00006     0.00014     0.00764     0.00012     0.01367     0.02182
     0.54324     0.00011     0.00006     0.00005     0.00007     0.00008     0.00019     0.00986     0.00015     0.01528     0.02585
     0.64124     0.00011     0.00005     0.00006     0.00006     0.00008     0.00014     0.00786     0.00010     0.00844     0.01689
     0.73824     0.00008     0.00004     0.00005     0.00004     0.00006     0.00009     0.00527     0.00006     0.00415     0.00984
     0.83524     0.00004     0.00002     0.00003     0.00002     0.00003     0.00004     0.00244     0.00002     0.00098     0.00362
     0.93224     0.00014     0.00006     0.00006     0.00007     0.00006     0.00013     0.00314     0.00009     0.00338     0.00713
     1.02924     0.00014     0.00006     0.00006     0.00006     0.00006     0.00011     0.00300     0.00007     0.00258     0.00615
     1.12624     0.00011     0.00006     0.00006     0.00005     0.00005     0.00008     0.00247     0.00004     0.00160     0.00453
     1.22324     0.00014     0.00007     0.00007     0.00005     0.00006     0.00008     0.00245     0.00004     0.00136     0.00432
     1.32124     0.00029     0.00018     0.00014     0.00010     0.00010     0.00012     0.00358     0.00005     0.00137     0.00593
     1.41824     0.00026     0.00013     0.00012     0.00008     0.00010     0.00009     0.00230     0.00004     0.00097     0.00410
     1.51524     0.00032     0.00010     0.00014     0.00008     0.00014     0.00009     0.00171     0.00007     0.00089     0.00353
     1.61224     0.00026     0.00008     0.00012     0.00006     0.00014     0.00007     0.00129     0.00005     0.00060     0.00267
     1.70924     0.00020     0.00005     0.00005     0.00005     0.00004     0.00006     0.00052     0.00006     0.00047     0.00151
     1.80624     0.00023     0.00005     0.00005     0.00006     0.00004     0.00006     0.00049     0.00007     0.00052     0.00158
     1.90424     0.00221     0.00024     0.00061     0.00022     0.00021     0.00014     0.00195     0.00026     0.00151     0.00734
     2.00124     0.00088     0.00020     0.00018     0.00016     0.00009     0.00011     0.00116     0.00012     0.00100     0.00390
     2.09824     0.00069     0.00014     0.00011     0.00012     0.00006     0.00009     0.00067     0.00009     0.00074     0.00272
     2.19524     0.00098     0.00020     0.00017     0.00016     0.00009     0.00012     0.00090     0.00014     0.00088     0.00364
     2.29224     0.00096     0.00018     0.00017     0.00014     0.00010     0.00009     0.00078     0.00013     0.00065     0.00319
     2.38924     0.00115     0.00022     0.00018     0.00016     0.00011     0.00011     0.00091     0.00014     0.00071     0.00371
     2.48624     0.00117     0.00020     0.00018     0.00014     0.00013     0.00009     0.00074     0.00012     0.00058     0.00335
     2.58424     0.00077     0.00014     0.00011     0.00009     0.00009     0.00006     0.00043     0.00009     0.00035     0.00213
     2.68124     0.00073     0.00013     0.00010     0.00009     0.00009     0.00006     0.00037     0.00008     0.00033     0.00198
     2.77824     0.00081     0.00015     0.00010     0.00010     0.00010     0.00006     0.00038     0.00009     0.00036     0.00215
     2.87524     0.00604     0.00082     0.00034     0.00061     0.00068     0.00027     0.00087     0.00036     0.00127     0.01126
     2.97224     0.00123     0.00019     0.00013     0.00015     0.00012     0.00010     0.00039     0.00013     0.00040     0.00283
     3.06924     0.00061     0.00010     0.00008     0.00008     0.00006     0.00006     0.00024     0.00007     0.00023     0.00153
     3.16624     0.00103     0.00016     0.00014     0.00015     0.00010     0.00008     0.00030     0.00010     0.00032     0.00237
     3.26424     0.00169     0.00019     0.00015     0.00024     0.00012     0.00009     0.00027     0.00012     0.00041     0.00328
     3.36124     0.00157     0.00018     0.00015     0.00021     0.00011     0.00008     0.00025     0.00011     0.00033     0.00298
     3.45824     0.01237     0.00021     0.00023     0.00021     0.00013     0.00010     0.00022     0.00013     0.00027     0.01385
     3.55524     0.02033     0.00020     0.00026     0.00021     0.00014     0.00010     0.00018     0.00013     0.00021     0.02176
     3.65224     0.08618     0.00032     0.00036     0.00033     0.00040     0.00040     0.00025     0.00046     0.00022     0.08891
     3.74924     0.11632     0.00057     0.00047     0.00059     0.00041     0.00051     0.00019     0.00057     0.00023     0.11986
     3.84724     0.04450     0.00043     0.00054     0.00042     0.00018     0.00015     0.00009     0.00019     0.00014     0.04663
     3.94424     0.05128     0.00073     0.00052     0.00055     0.00020     0.00012     0.00019     0.00023     0.00015     0.05396
     4.04124     0.20671     0.00250     0.00190     0.00284     0.00029     0.00079     0.00055     0.00066     0.00064     0.21687
     4.13824     0.08217     0.00147     0.00136     0.00162     0.00041     0.00035     0.00063     0.00037     0.00030     0.08867
     4.23524     0.13574     0.00307     0.00380     0.00299     0.00105     0.00101     0.00074     0.00104     0.00072     0.15015
     4.33224     0.30935     0.00652     0.00672     0.00688     0.00189     0.00199     0.00230     0.00219     0.00280     0.34062
     4.42924     0.18095     0.00385     0.00326     0.00384     0.00148     0.00104     0.00173     0.00121     0.00095     0.19830
     4.52724     0.32021     0.00460     0.00442     0.00463     0.00253     0.00214     0.00210     0.00237     0.00161     0.34460
     4.62424     0.75207     0.01501     0.01398     0.01527     0.00595     0.00605     0.00499     0.00608     0.00445     0.82384
     4.72124     1.06290     0.01775     0.01633     0.01697     0.00786     0.00803     0.00350     0.00746     0.00385     1.14464
     4.81824     2.14820     0.04425     0.04088     0.04357     0.01644     0.01396     0.00447     0.01381     0.00521     2.33078
     4.91524     2.08310     0.05758     0.07606     0.05686     0.01641     0.01797     0.00963     0.01696     0.00883     2.34341
     5.01224     2.44760     0.07853     0.06282     0.07767     0.02105     0.02136     0.00633     0.02165     0.00662     2.74362
     5.10924     3.53750     0.09466     0.10172     0.09587     0.04994     0.05232     0.01001     0.05436     0.00938     4.00576
     5.20724     1.14560     0.07343     0.07659     0.07585     0.02057     0.02059     0.00942     0.02127     0.00984     1.45315
     5.30424     1.18700     0.11799     0.14358     0.12114     0.02151     0.02788     0.00827     0.02864     0.00965     1.66565
     5.40124     1.43040     0.19892     0.16352     0.19891     0.03673     0.02940     0.01261     0.03035     0.01004     2.11088
     5.49824     0.83275     0.17975     0.21471     0.18574     0.03357     0.03114     0.00889     0.03111     0.00982     1.52749
     5.59524     0.58131     0.14697     0.16999     0.14616     0.02051     0.02173     0.00563     0.02288     0.00882     1.12400
     5.69224     0.80595     0.32907     0.24773     0.31157     0.03641     0.04728     0.02431     0.04667     0.02594     1.87492
     5.79024     0.26914     0.27467     0.28971     0.27271     0.02537     0.02112     0.01717     0.02266     0.01743     1.20998
     5.88724     0.22591     0.28474     0.27266     0.29272     0.02549     0.02708     0.01926     0.02748     0.02059     1.19593
     5.98424     0.10065     0.14461     0.16538     0.14063     0.01250     0.01463     0.01139     0.01499     0.01539     0.62016
     6.08124     0.28424     0.31748     0.28425     0.31856     0.01799     0.02124     0.02594     0.01850     0.01586     1.30407
     6.17824     0.18973     0.22368     0.29997     0.24823     0.02449     0.02655     0.02364     0.02718     0.01661     1.08009
     6.27524     0.38863     0.20236     0.28713     0.19400     0.02552     0.03494     0.01106     0.03243     0.01710     1.19318
     6.37224     0.18871     0.34421     0.41703     0.32918     0.05538     0.02967     0.02161     0.02973     0.02175     1.43728
     6.47024     0.33377     0.62249     0.66087     0.65903     0.04702     0.07668     0.03932     0.07133     0.04530     2.55580
     6.56724     0.07307     0.25678     0.26946     0.29528     0.03331     0.05063     0.02490     0.03902     0.01834     1.06078
     6.66424     0.08317     0.30381     0.32971     0.29866     0.19965     0.06210     0.02027     0.08171     0.01785     1.39693
     6.76124     0.17479     0.73517     0.30357     0.61675     0.11222     0.33414     0.05954     0.18891     0.02218     2.54727
     6.85824     0.01390     0.08297     0.07373     0.09211     0.05850     0.00561     0.00241     0.00725     0.00196     0.33844
     6.95524     0.00000     0.00000     0.00000     0.00000     0.00000     0.00000     0.00000     0.00000     0.00000     0.00000
     7.05224     0.00000     0.00000     0.00000     0.00000     0.00000     0.00000     0.00000     0.00000     0.00000     0.00000
     7.15024     0.00000     0.00000     0.00000     0.00000     0.00000     0.00000     0.00000     0.00000     0.00000     0.00000
     7.24724     0.00000     0.00000     0.00000     0.00000     0.00000     0.00000     0.00000     0.00000     0.00000     0.00000
     7.34424     0.00000     0.00000     0.00000     0.00000     0.00000     0.00000     0.00000     0.00000     0.00000     0.00000
     7.44124     0.00000     0.00000     0.00000     0.00000     0.00000     0.00000     0.00000     0.00000     0.00000     0.00000
     7.53824     0.00000     0.00000     0.00000     0.00000     0.00000     0.00000     0.00000     0.00000     0.00000     0.00000
     7.63524     0.00000     0.00000     0.00000     0.00000     0.00000     0.00000     0.00000     0.00000     0.00000     0.00000
     7.73224     0.00000     0.00000     0.00000     0.00000     0.00000     0.00000     0.00000     0.00000     0.00000     0.00000
     7.83024     0.00000     0.00000     0.00000     0.00000     0.00000     0.00000     0.00000     0.00000     0.00000     0.00000
     7.92724     0.00000     0.00000     0.00000     0.00000     0.00000     0.00000     0.00000     0.00000     0.00000     0.00000
     8.02424     0.00000     0.00000     0.00000     0.00000     0.00000     0.00000     0.00000     0.00000     0.00000     0.00000
     8.12124     0.00000     0.00000     0.00000     0.00000     0.00000     0.00000     0.00000     0.00000     0.00000     0.00000
     8.21824     0.00000     0.00000     0.00000     0.00000     0.00000     0.00000     0.00000     0.00000     0.00000     0.00000
     8.31524     0.00000     0.00000     0.00000     0.00000     0.00000     0.00000     0.00000     0.00000     0.00000     0.00000
     8.41324     0.00000     0.00000     0.00000     0.00000     0.00000     0.00000     0.00000     0.00000     0.00000     0.00000
     8.51024     0.00000     0.00000     0.00000     0.00000     0.00000     0.00000     0.00000     0.00000     0.00000     0.00000
     8.60724     0.00000     0.00000     0.00000     0.00000     0.00000     0.00000     0.00000     0.00000     0.00000     0.00000
     8.70424     0.00000     0.00000     0.00000     0.00000     0.00000     0.00000     0.00000     0.00000     0.00000     0.00000
