     #Energy           s          py          pz          px         dxy         dyz         dz2         dxz         dx2       tot  
   -20.44076     0.00000     0.00000     0.00000     0.00000     0.00000     0.00000     0.00000     0.00000     0.00000     0.00000
   -20.34376     0.00000     0.00000     0.00000     0.00000     0.00000     0.00000     0.00000     0.00000     0.00000     0.00000
   -20.24676     0.00000     0.00000     0.00000     0.00000     0.00000     0.00000     0.00000     0.00000     0.00000     0.00000
   -20.14876     0.00000     0.00000     0.00000     0.00000     0.00000     0.00000     0.00000     0.00000     0.00000     0.00000
   -20.05176     0.00000     0.00000     0.00000     0.00000     0.00000     0.00000     0.00000     0.00000     0.00000     0.00000
   -19.95476     0.00000     0.00000     0.00000     0.00000     0.00000     0.00000     0.00000     0.00000     0.00000     0.00000
   -19.85776     0.00000     0.00000     0.00000     0.00000     0.00000     0.00000     0.00000     0.00000     0.00000     0.00000
   -19.76076     0.00000     0.00000     0.00000     0.00000     0.00000     0.00000     0.00000     0.00000     0.00000     0.00000
   -19.66376     0.00000     0.00000     0.00000     0.00000     0.00000     0.00000     0.00000     0.00000     0.00000     0.00000
   -19.56676     0.00000     0.00000     0.00000     0.00000     0.00000     0.00000     0.00000     0.00000     0.00000     0.00000
   -19.46876     0.00000     0.00000     0.00000     0.00000     0.00000     0.00000     0.00000     0.00000     0.00000     0.00000
   -19.37176     0.00000     0.00000     0.00000     0.00000     0.00000     0.00000     0.00000     0.00000     0.00000     0.00000
   -19.27476     0.00000     0.00000     0.00000     0.00000     0.00000     0.00000     0.00000     0.00000     0.00000     0.00000
   -19.17776     0.00000     0.00000     0.00000     0.00000     0.00000     0.00000     0.00000     0.00000     0.00000     0.00000
   -19.08076    -0.00087    -0.00002    -0.00002    -0.00002    -0.00000    -0.00000    -0.00000    -0.00000    -0.00000    -0.00093
   -18.98376    -0.00091    -0.00002    -0.00002    -0.00002    -0.00000    -0.00000    -0.00000    -0.00000    -0.00000    -0.00098
   -18.88576    -0.00055    -0.00001    -0.00001    -0.00001    -0.00000    -0.00000    -0.00000    -0.00000    -0.00000    -0.00059
   -18.78876    -0.00076    -0.00002    -0.00002    -0.00002    -0.00000    -0.00000    -0.00000    -0.00000    -0.00000    -0.00082
   -18.69176    -0.00098    -0.00002    -0.00002    -0.00002    -0.00000    -0.00000    -0.00000    -0.00000    -0.00000    -0.00105
   -18.59476    -0.00026    -0.00001    -0.00001    -0.00001    -0.00000    -0.00000    -0.00000    -0.00000    -0.00000    -0.00028
   -18.49776    -0.00049    -0.00001    -0.00001    -0.00001    -0.00000    -0.00000    -0.00000    -0.00000    -0.00000    -0.00053
   -18.40076    -0.00091    -0.00002    -0.00002    -0.00002    -0.00000    -0.00000    -0.00000    -0.00000    -0.00000    -0.00097
   -18.30376    -0.00047    -0.00001    -0.00001    -0.00001    -0.00000    -0.00000    -0.00000    -0.00000    -0.00000    -0.00050
   -18.20576    -0.00051    -0.00001    -0.00001    -0.00001    -0.00000    -0.00000    -0.00000    -0.00000    -0.00000    -0.00054
   -18.10876    -0.00022    -0.00000    -0.00000    -0.00000    -0.00000    -0.00000    -0.00000    -0.00000    -0.00000    -0.00024
   -18.01176    -0.00105    -0.00002    -0.00002    -0.00002    -0.00000    -0.00000    -0.00000    -0.00000    -0.00000    -0.00111
   -17.91476    -0.00065    -0.00001    -0.00001    -0.00001    -0.00000    -0.00000    -0.00000    -0.00000    -0.00000    -0.00068
   -17.81776    -0.00077    -0.00001    -0.00001    -0.00001    -0.00000    -0.00000    -0.00000    -0.00000    -0.00000    -0.00081
   -17.72076    -0.00073    -0.00001    -0.00001    -0.00001    -0.00000    -0.00000    -0.00000    -0.00000    -0.00000    -0.00077
   -17.62376    -0.00112    -0.00001    -0.00002    -0.00001    -0.00000    -0.00000    -0.00000    -0.00000    -0.00000    -0.00117
   -17.52576    -0.00078    -0.00001    -0.00001    -0.00001    -0.00000    -0.00000    -0.00000    -0.00000    -0.00000    -0.00082
   -17.42876    -0.00195    -0.00002    -0.00002    -0.00002    -0.00000    -0.00000    -0.00000    -0.00000    -0.00000    -0.00202
   -17.33176    -0.00117    -0.00001    -0.00001    -0.00001    -0.00000    -0.00000    -0.00000    -0.00000    -0.00000    -0.00121
   -17.23476    -0.00096    -0.00001    -0.00001    -0.00001    -0.00000    -0.00000    -0.00000    -0.00000    -0.00000    -0.00100
   -17.13776    -0.00135    -0.00001    -0.00001    -0.00001    -0.00000    -0.00000    -0.00000    -0.00000    -0.00000    -0.00139
   -17.04076    -0.00120    -0.00001    -0.00001    -0.00001    -0.00000    -0.00000    -0.00000    -0.00000    -0.00000    -0.00124
   -16.94276    -0.00167    -0.00001    -0.00001    -0.00001    -0.00000    -0.00000    -0.00000    -0.00000    -0.00000    -0.00172
   -16.84576    -0.00174    -0.00001    -0.00001    -0.00001    -0.00000    -0.00000    -0.00000    -0.00000    -0.00000    -0.00179
   -16.74876    -0.00218    -0.00001    -0.00001    -0.00001    -0.00000    -0.00000    -0.00000    -0.00000    -0.00000    -0.00222
   -16.65176    -0.00230    -0.00001    -0.00001    -0.00001    -0.00000    -0.00000    -0.00000    -0.00000    -0.00000    -0.00234
   -16.55476    -0.00234    -0.00001    -0.00001    -0.00001    -0.00000    -0.00000    -0.00000    -0.00000    -0.00000    -0.00238
   -16.45776    -0.00193    -0.00001    -0.00001    -0.00001    -0.00000    -0.00000    -0.00000    -0.00000    -0.00000    -0.00196
   -16.36076    -0.00757    -0.00003    -0.00003    -0.00003    -0.00000    -0.00000    -0.00000    -0.00000    -0.00000    -0.00766
   -16.26276    -0.00187    -0.00000    -0.00000    -0.00000    -0.00000    -0.00000    -0.00000    -0.00000    -0.00000    -0.00189
   -16.16576    -0.00331    -0.00001    -0.00001    -0.00001    -0.00000    -0.00000    -0.00000    -0.00000    -0.00000    -0.00334
   -16.06876    -0.37364    -0.00059    -0.00065    -0.00062    -0.00000    -0.00000    -0.00007    -0.00000    -0.00007    -0.37565
   -15.97176    -2.26799    -0.00365    -0.00396    -0.00376    -0.00001    -0.00001    -0.00040    -0.00001    -0.00040    -2.28018
   -15.87476   -10.30020    -0.01694    -0.01810    -0.01762    -0.00003    -0.00004    -0.00182    -0.00003    -0.00184   -10.35662
   -15.77776   -10.47980    -0.01765    -0.01867    -0.01823    -0.00004    -0.00005    -0.00185    -0.00004    -0.00190   -10.53824
   -15.68076   -10.86830    -0.01850    -0.01893    -0.01884    -0.00007    -0.00008    -0.00204    -0.00008    -0.00190   -10.92874
   -15.58276    -3.60430    -0.00576    -0.00550    -0.00595    -0.00004    -0.00004    -0.00067    -0.00004    -0.00057    -3.62288
   -15.48576    -9.98660    -0.01327    -0.01422    -0.01437    -0.00016    -0.00015    -0.00163    -0.00015    -0.00149   -10.03203
   -15.38876   -11.17050    -0.01263    -0.01385    -0.01249    -0.00021    -0.00023    -0.00152    -0.00023    -0.00165   -11.21330
   -15.29176   -64.11800    -0.05014    -0.05416    -0.04861    -0.00190    -0.00195    -0.00745    -0.00189    -0.00770   -64.29180
   -15.19476   -19.90110    -0.00869    -0.00795    -0.00778    -0.00041    -0.00039    -0.00209    -0.00032    -0.00204   -19.93076
   -15.09776    -3.29918    -0.00118    -0.00145    -0.00113    -0.00003    -0.00004    -0.00026    -0.00003    -0.00034    -3.30363
   -14.99976    -1.11634    -0.00045    -0.00053    -0.00049    -0.00001    -0.00001    -0.00010    -0.00001    -0.00010    -1.11805
   -14.90276    -0.45076    -0.00020    -0.00029    -0.00024    -0.00001    -0.00001    -0.00003    -0.00001    -0.00005    -0.45160
   -14.80576    -0.02340    -0.00004    -0.00004    -0.00004    -0.00000    -0.00000    -0.00000    -0.00000    -0.00000    -0.02353
   -14.70876    -0.01363    -0.00002    -0.00003    -0.00003    -0.00000    -0.00000    -0.00000    -0.00000    -0.00000    -0.01372
   -14.61176    -0.00562    -0.00002    -0.00003    -0.00002    -0.00000    -0.00000    -0.00000    -0.00000    -0.00000    -0.00570
   -14.51476    -0.00370    -0.00002    -0.00002    -0.00002    -0.00000    -0.00000    -0.00000    -0.00000    -0.00000    -0.00377
   -14.41776    -0.00658    -0.00005    -0.00006    -0.00005    -0.00000    -0.00000    -0.00000    -0.00000    -0.00000    -0.00675
   -14.31976    -0.00286    -0.00002    -0.00003    -0.00003    -0.00000    -0.00000    -0.00000    -0.00000    -0.00000    -0.00294
   -14.22276    -0.00210    -0.00002    -0.00002    -0.00002    -0.00000    -0.00000    -0.00000    -0.00000    -0.00000    -0.00217
   -14.12576    -0.00124    -0.00001    -0.00002    -0.00002    -0.00000    -0.00000    -0.00000    -0.00000    -0.00000    -0.00129
   -14.02876    -0.00149    -0.00003    -0.00003    -0.00003    -0.00000    -0.00000    -0.00000    -0.00000    -0.00000    -0.00158
   -13.93176    -0.00083    -0.00002    -0.00002    -0.00002    -0.00000    -0.00000    -0.00000    -0.00000    -0.00000    -0.00089
   -13.83476    -0.00083    -0.00002    -0.00002    -0.00002    -0.00000    -0.00000    -0.00000    -0.00000    -0.00000    -0.00090
   -13.73776    -0.00078    -0.00002    -0.00002    -0.00003    -0.00000    -0.00000    -0.00000    -0.00000    -0.00000    -0.00086
   -13.63976    -0.00056    -0.00002    -0.00002    -0.00002    -0.00000    -0.00000    -0.00000    -0.00000    -0.00000    -0.00062
   -13.54276    -0.00049    -0.00002    -0.00002    -0.00002    -0.00000    -0.00000    -0.00000    -0.00000    -0.00000    -0.00056
   -13.44576    -0.00047    -0.00002    -0.00002    -0.00002    -0.00000    -0.00000    -0.00000    -0.00000    -0.00000    -0.00055
   -13.34876    -0.00021    -0.00001    -0.00001    -0.00001    -0.00000    -0.00000    -0.00000    -0.00000    -0.00000    -0.00025
   -13.25176    -0.00013    -0.00001    -0.00001    -0.00001    -0.00000    -0.00000    -0.00000    -0.00000    -0.00000    -0.00016
   -13.15476    -0.00029    -0.00002    -0.00002    -0.00002    -0.00000    -0.00000    -0.00000    -0.00000    -0.00000    -0.00036
   -13.05776    -0.00026    -0.00002    -0.00002    -0.00002    -0.00000    -0.00000    -0.00000    -0.00000    -0.00000    -0.00034
   -12.95976    -0.00007    -0.00001    -0.00001    -0.00001    -0.00000    -0.00000    -0.00000    -0.00000    -0.00000    -0.00009
   -12.86276    -0.00024    -0.00002    -0.00003    -0.00003    -0.00000    -0.00000    -0.00000    -0.00000    -0.00000    -0.00032
   -12.76576    -0.00006    -0.00001    -0.00001    -0.00001    -0.00000    -0.00000    -0.00000    -0.00000    -0.00000    -0.00009
   -12.66876    -0.00003    -0.00000    -0.00000    -0.00000    -0.00000    -0.00000    -0.00000    -0.00000    -0.00000    -0.00005
   -12.57176    -0.00004    -0.00000    -0.00000    -0.00001    -0.00000    -0.00000    -0.00000    -0.00000    -0.00000    -0.00005
   -12.47476    -0.00019    -0.00003    -0.00002    -0.00002    -0.00000    -0.00000    -0.00000    -0.00000    -0.00000    -0.00027
   -12.37676    -0.00015    -0.00002    -0.00002    -0.00002    -0.00000    -0.00000    -0.00000    -0.00000    -0.00000    -0.00023
   -12.27976    -0.00009    -0.00001    -0.00002    -0.00002    -0.00000    -0.00000    -0.00000    -0.00000    -0.00000    -0.00014
   -12.18276    -0.00012    -0.00002    -0.00002    -0.00002    -0.00000    -0.00000    -0.00000    -0.00000    -0.00000    -0.00020
   -12.08576    -0.00007    -0.00001    -0.00002    -0.00002    -0.00000    -0.00000    -0.00000    -0.00000    -0.00000    -0.00012
   -11.98876    -0.00009    -0.00002    -0.00002    -0.00002    -0.00000    -0.00000    -0.00000    -0.00000    -0.00000    -0.00017
   -11.89176    -0.00003    -0.00001    -0.00001    -0.00001    -0.00000    -0.00000    -0.00000    -0.00000    -0.00000    -0.00006
   -11.79476    -0.00007    -0.00002    -0.00002    -0.00002    -0.00000    -0.00000    -0.00000    -0.00000    -0.00000    -0.00013
   -11.69676    -0.00005    -0.00002    -0.00002    -0.00002    -0.00000    -0.00000    -0.00000    -0.00000    -0.00000    -0.00011
   -11.59976    -0.00005    -0.00002    -0.00002    -0.00002    -0.00000    -0.00000    -0.00000    -0.00000    -0.00000    -0.00012
   -11.50276    -0.00003    -0.00001    -0.00001    -0.00001    -0.00000    -0.00000    -0.00000    -0.00000    -0.00000    -0.00007
   -11.40576    -0.00003    -0.00001    -0.00001    -0.00001    -0.00000    -0.00000    -0.00000    -0.00000    -0.00000    -0.00007
   -11.30876    -0.00005    -0.00002    -0.00002    -0.00002    -0.00000    -0.00000    -0.00000    -0.00000    -0.00000    -0.00012
   -11.21176    -0.00003    -0.00001    -0.00001    -0.00001    -0.00000    -0.00000    -0.00000    -0.00000    -0.00000    -0.00007
   -11.11476    -0.00002    -0.00001    -0.00001    -0.00001    -0.00000    -0.00000    -0.00000    -0.00000    -0.00000    -0.00007
   -11.01676    -0.00002    -0.00001    -0.00001    -0.00001    -0.00000    -0.00000    -0.00000    -0.00000    -0.00000    -0.00006
   -10.91976    -0.00003    -0.00002    -0.00002    -0.00002    -0.00000    -0.00000    -0.00000    -0.00000    -0.00000    -0.00008
   -10.82276    -0.00002    -0.00001    -0.00001    -0.00001    -0.00000    -0.00000    -0.00000    -0.00000    -0.00000    -0.00006
   -10.72576    -0.00001    -0.00001    -0.00001    -0.00001    -0.00000    -0.00000    -0.00000    -0.00000    -0.00000    -0.00005
   -10.62876    -0.00002    -0.00001    -0.00002    -0.00001    -0.00000    -0.00000    -0.00000    -0.00000    -0.00000    -0.00006
   -10.53176    -0.00002    -0.00001    -0.00002    -0.00001    -0.00000    -0.00000    -0.00000    -0.00000    -0.00000    -0.00007
   -10.43376    -0.00002    -0.00001    -0.00001    -0.00001    -0.00000    -0.00000    -0.00000    -0.00000    -0.00000    -0.00006
   -10.33676    -0.00002    -0.00001    -0.00001    -0.00001    -0.00000    -0.00000    -0.00000    -0.00000    -0.00000    -0.00006
   -10.23976    -0.00002    -0.00001    -0.00001    -0.00001    -0.00000    -0.00000    -0.00000    -0.00000    -0.00000    -0.00006
   -10.14276    -0.00002    -0.00002    -0.00002    -0.00001    -0.00000    -0.00000    -0.00000    -0.00000    -0.00000    -0.00007
   -10.04576    -0.00002    -0.00002    -0.00002    -0.00001    -0.00000    -0.00000    -0.00000    -0.00000    -0.00000    -0.00006
    -9.94876    -0.00001    -0.00001    -0.00001    -0.00001    -0.00000    -0.00000    -0.00000    -0.00000    -0.00000    -0.00005
    -9.85176    -0.00002    -0.00004    -0.00003    -0.00004    -0.00000    -0.00000    -0.00000    -0.00000    -0.00000    -0.00014
    -9.75376    -0.00001    -0.00001    -0.00002    -0.00001    -0.00000    -0.00000    -0.00000    -0.00000    -0.00000    -0.00006
    -9.65676    -0.00001    -0.00001    -0.00001    -0.00001    -0.00000    -0.00000    -0.00000    -0.00000    -0.00000    -0.00004
    -9.55976    -0.00002    -0.00002    -0.00003    -0.00002    -0.00000    -0.00000    -0.00000    -0.00000    -0.00000    -0.00009
    -9.46276    -0.00001    -0.00002    -0.00002    -0.00001    -0.00000    -0.00000    -0.00000    -0.00000    -0.00000    -0.00006
    -9.36576    -0.00001    -0.00002    -0.00002    -0.00001    -0.00000    -0.00000    -0.00000    -0.00000    -0.00000    -0.00006
    -9.26876    -0.00000    -0.00001    -0.00001    -0.00001    -0.00000    -0.00000    -0.00000    -0.00000    -0.00000    -0.00003
    -9.17176    -0.00001    -0.00002    -0.00002    -0.00001    -0.00000    -0.00000    -0.00000    -0.00000    -0.00000    -0.00007
    -9.07376    -0.00002    -0.00003    -0.00004    -0.00003    -0.00000    -0.00000    -0.00000    -0.00000    -0.00000    -0.00012
    -8.97676    -0.00001    -0.00002    -0.00003    -0.00002    -0.00000    -0.00000    -0.00000    -0.00000    -0.00000    -0.00009
    -8.87976    -0.00001    -0.00002    -0.00003    -0.00002    -0.00000    -0.00000    -0.00000    -0.00000    -0.00000    -0.00009
    -8.78276    -0.00001    -0.00002    -0.00003    -0.00002    -0.00000    -0.00000    -0.00000    -0.00000    -0.00000    -0.00009
    -8.68576    -0.00001    -0.00002    -0.00002    -0.00001    -0.00000    -0.00000    -0.00000    -0.00000    -0.00000    -0.00007
    -8.58876    -0.00001    -0.00002    -0.00003    -0.00002    -0.00000    -0.00000    -0.00000    -0.00000    -0.00000    -0.00009
    -8.49076    -0.00001    -0.00002    -0.00002    -0.00002    -0.00000    -0.00000    -0.00000    -0.00000    -0.00000    -0.00006
    -8.39376    -0.00000    -0.00002    -0.00002    -0.00001    -0.00000    -0.00000    -0.00000    -0.00000    -0.00000    -0.00005
    -8.29676    -0.00000    -0.00002    -0.00002    -0.00001    -0.00000    -0.00000    -0.00000    -0.00000    -0.00000    -0.00006
    -8.19976    -0.00001    -0.00004    -0.00004    -0.00003    -0.00000    -0.00000    -0.00000    -0.00000    -0.00000    -0.00012
    -8.10276    -0.00000    -0.00002    -0.00002    -0.00001    -0.00000    -0.00000    -0.00000    -0.00000    -0.00000    -0.00005
    -8.00576    -0.00001    -0.00005    -0.00006    -0.00004    -0.00000    -0.00000    -0.00000    -0.00000    -0.00000    -0.00016
    -7.90876    -0.00000    -0.00002    -0.00002    -0.00002    -0.00000    -0.00000    -0.00000    -0.00000    -0.00000    -0.00006
    -7.81076    -0.00001    -0.00003    -0.00003    -0.00002    -0.00000    -0.00000    -0.00000    -0.00000    -0.00000    -0.00010
    -7.71376    -0.00000    -0.00003    -0.00003    -0.00002    -0.00000    -0.00000    -0.00000    -0.00000    -0.00000    -0.00009
    -7.61676    -0.00000    -0.00002    -0.00002    -0.00001    -0.00000    -0.00000    -0.00000    -0.00000    -0.00000    -0.00006
    -7.51976    -0.00000    -0.00003    -0.00003    -0.00002    -0.00000    -0.00000    -0.00000    -0.00000    -0.00000    -0.00008
    -7.42276    -0.00003    -0.00016    -0.00019    -0.00017    -0.00000    -0.00000    -0.00000    -0.00000    -0.00000    -0.00056
    -7.32576    -0.00007    -0.00036    -0.00040    -0.00037    -0.00000    -0.00000    -0.00000    -0.00000    -0.00000    -0.00120
    -7.22876    -0.00032    -0.00146    -0.00168    -0.00155    -0.00001    -0.00001    -0.00000    -0.00001    -0.00000    -0.00503
    -7.13076    -0.00199    -0.00874    -0.00999    -0.00939    -0.00004    -0.00004    -0.00002    -0.00004    -0.00002    -0.03027
    -7.03376    -0.00230    -0.01081    -0.01229    -0.01158    -0.00005    -0.00005    -0.00003    -0.00005    -0.00003    -0.03719
    -6.93676    -0.00170    -0.00847    -0.00961    -0.00904    -0.00004    -0.00004    -0.00003    -0.00004    -0.00002    -0.02898
    -6.83976    -0.00222    -0.01210    -0.01363    -0.01290    -0.00005    -0.00005    -0.00004    -0.00005    -0.00004    -0.04108
    -6.74276    -0.00154    -0.00912    -0.01035    -0.00967    -0.00004    -0.00004    -0.00004    -0.00004    -0.00003    -0.03087
    -6.64576    -0.00120    -0.00780    -0.00877    -0.00831    -0.00003    -0.00003    -0.00003    -0.00003    -0.00003    -0.02623
    -6.54776    -0.00112    -0.00781    -0.00866    -0.00836    -0.00003    -0.00003    -0.00003    -0.00003    -0.00003    -0.02611
    -6.45076    -0.00112    -0.00879    -0.00977    -0.00931    -0.00003    -0.00003    -0.00003    -0.00003    -0.00004    -0.02916
    -6.35376    -0.00137    -0.01190    -0.01327    -0.01244    -0.00004    -0.00004    -0.00005    -0.00004    -0.00005    -0.03919
    -6.25676    -0.00119    -0.01187    -0.01319    -0.01244    -0.00003    -0.00004    -0.00004    -0.00004    -0.00005    -0.03890
    -6.15976    -0.00209    -0.02263    -0.02415    -0.02550    -0.00007    -0.00006    -0.00010    -0.00007    -0.00008    -0.07474
    -6.06276    -0.00157    -0.01930    -0.02255    -0.01955    -0.00005    -0.00005    -0.00009    -0.00005    -0.00006    -0.06328
    -5.96576    -0.00063    -0.00903    -0.00963    -0.00951    -0.00002    -0.00002    -0.00003    -0.00002    -0.00004    -0.02894
    -5.86776    -0.00140    -0.02504    -0.02317    -0.02692    -0.00005    -0.00006    -0.00006    -0.00006    -0.00012    -0.07688
    -5.77076    -0.00097    -0.01839    -0.01759    -0.02019    -0.00004    -0.00003    -0.00006    -0.00004    -0.00006    -0.05738
    -5.67376    -0.00071    -0.01354    -0.01309    -0.01380    -0.00003    -0.00002    -0.00007    -0.00002    -0.00006    -0.04133
    -5.57676    -0.00897    -0.23250    -0.22531    -0.22346    -0.00016    -0.00016    -0.00262    -0.00016    -0.00273    -0.69608
    -5.47976    -0.48056    -6.63206    -6.09998    -6.34030    -0.00369    -0.00442    -0.06399    -0.00433    -0.06530   -19.69463
    -5.38276    -0.11482    -1.04501    -1.09282    -1.01984    -0.00075    -0.00101    -0.00850    -0.00079    -0.00868    -3.29222
    -5.28576    -0.01082    -0.09648    -0.10093    -0.09548    -0.00014    -0.00006    -0.00102    -0.00006    -0.00057    -0.30556
    -5.18776    -0.03878    -0.26603    -0.28736    -0.25939    -0.00037    -0.00032    -0.00175    -0.00036    -0.00157    -0.85593
    -5.09076    -0.08396    -0.48878    -0.48359    -0.49135    -0.00060    -0.00065    -0.00251    -0.00072    -0.00326    -1.55541
    -4.99376    -1.01328    -4.99593    -5.77786    -5.19195    -0.00790    -0.00756    -0.03344    -0.00719    -0.02467   -17.05978
    -4.89676    -0.04583    -0.39686    -1.13368    -0.40247    -0.00093    -0.00168    -0.00165    -0.00176    -0.00139    -1.98624
    -4.79976    -0.03842    -0.95259    -1.01714    -1.04782    -0.00233    -0.00262    -0.00163    -0.00274    -0.00154    -3.06683
    -4.70276    -0.06465    -1.91513    -2.04909    -1.73749    -0.00658    -0.00598    -0.00333    -0.00604    -0.00286    -5.79114
    -4.60476    -0.10619    -3.59554    -3.91241    -3.27763    -0.01312    -0.01496    -0.00737    -0.01453    -0.00582   -10.94757
    -4.50776    -0.05185    -2.15176    -1.79440    -2.35397    -0.00820    -0.00903    -0.00378    -0.00953    -0.00497    -6.38750
    -4.41076    -0.13430    -4.99900    -6.70660    -5.09760    -0.02174    -0.02367    -0.01220    -0.02455    -0.00777   -17.02743
    -4.31376    -0.11378    -4.44910    -3.72070    -4.27170    -0.01692    -0.01521    -0.00933    -0.01494    -0.00884   -12.62052
    -4.21676    -0.05729    -2.45808    -2.54244    -2.13059    -0.00943    -0.01265    -0.00754    -0.01159    -0.00827    -7.23788
    -4.11976    -0.08521    -4.70420    -3.39500    -4.10670    -0.02109    -0.01486    -0.01154    -0.01320    -0.01249   -12.36429
    -4.02276    -0.03322    -2.79033    -2.88142    -2.87573    -0.01123    -0.01075    -0.01131    -0.01153    -0.01083    -8.63636
    -3.92476    -0.03102    -2.50225    -2.32300    -2.35542    -0.00757    -0.00740    -0.00959    -0.00744    -0.01107    -7.25476
    -3.82776    -0.02161    -1.76089    -1.82486    -1.68984    -0.00475    -0.00450    -0.00912    -0.00452    -0.00907    -5.32917
    -3.73076    -0.02620    -1.68491    -1.89246    -1.68354    -0.00487    -0.00434    -0.00955    -0.00420    -0.00694    -5.31701
    -3.63376    -0.05443    -7.95437    -7.73730    -7.52477    -0.00656    -0.00770    -0.05982    -0.00875    -0.05631   -23.41002
    -3.53676    -0.02982    -2.50314    -2.62990    -2.78066    -0.00483    -0.00553    -0.01277    -0.00735    -0.01444    -7.98844
    -3.43976    -0.03344    -2.47792    -2.17093    -2.47872    -0.00440    -0.00581    -0.00778    -0.00515    -0.00813    -7.19227
    -3.34276    -0.02606    -1.67908    -1.63368    -1.69966    -0.00361    -0.00317    -0.00487    -0.00298    -0.00457    -5.05768
    -3.24476    -0.03837    -2.47577    -2.86891    -2.48211    -0.00370    -0.00279    -0.00539    -0.00264    -0.00458    -7.88427
    -3.14776    -0.05977    -3.75095    -4.19020    -3.77949    -0.00419    -0.00451    -0.00459    -0.00436    -0.00525   -11.80330
    -3.05076    -0.05198    -3.44628    -3.31483    -3.88150    -0.00460    -0.00454    -0.00287    -0.00463    -0.00310   -10.71433
    -2.95376    -0.05839    -4.64790    -4.55610    -4.82430    -0.00417    -0.00451    -0.00551    -0.00403    -0.00500   -14.10992
    -2.85676    -0.08007    -8.27830    -8.23410    -8.01940    -0.01274    -0.01320    -0.01318    -0.01302    -0.01382   -24.67782
    -2.75976    -0.04078    -3.87220    -4.61000    -3.52256    -0.00631    -0.00721    -0.00648    -0.00655    -0.00771   -12.07980
    -2.66276    -0.02813    -3.32919    -3.99340    -3.43071    -0.00537    -0.00564    -0.00672    -0.00599    -0.00688   -10.81204
    -2.56476    -0.02313    -2.51445    -2.36021    -2.68664    -0.00395    -0.00393    -0.00473    -0.00403    -0.00422    -7.60529
    -2.46776    -0.03663    -2.94991    -3.06278    -3.07481    -0.00370    -0.00404    -0.00473    -0.00402    -0.00496    -9.14557
    -2.37076    -0.04152    -5.93459    -4.14040    -5.90665    -0.00619    -0.00595    -0.01223    -0.00599    -0.01168   -16.06520
    -2.27376    -0.02350    -2.97371    -3.89738    -2.77382    -0.00289    -0.00303    -0.00604    -0.00322    -0.00533    -9.68891
    -2.17676    -0.04220    -7.97324    -7.89506    -8.20096    -0.00585    -0.00735    -0.01412    -0.00721    -0.01345   -24.15944
    -2.07976    -0.05468    -8.32660   -10.48150    -9.83850    -0.00633    -0.00543    -0.00969    -0.00529    -0.01231   -28.74034
    -1.98176    -0.00318    -0.64479    -0.54479    -0.72397    -0.00052    -0.00049    -0.00125    -0.00048    -0.00150    -1.92097
    -1.88476    -0.00194    -0.28396    -0.23354    -0.28320    -0.00030    -0.00029    -0.00061    -0.00026    -0.00069    -0.80479
    -1.78776    -0.00136    -0.14373    -0.12417    -0.14116    -0.00020    -0.00020    -0.00036    -0.00018    -0.00041    -0.41175
    -1.69076    -0.00123    -0.07747    -0.07934    -0.09221    -0.00017    -0.00018    -0.00033    -0.00016    -0.00029    -0.25139
    -1.59376    -0.00125    -0.03536    -0.03528    -0.03607    -0.00015    -0.00019    -0.00021    -0.00016    -0.00025    -0.10892
    -1.49676    -0.00141    -0.03086    -0.03099    -0.03190    -0.00017    -0.00023    -0.00021    -0.00018    -0.00029    -0.09623
    -1.39976    -0.00120    -0.02092    -0.02790    -0.02158    -0.00016    -0.00022    -0.00026    -0.00016    -0.00023    -0.07262
    -1.30176    -0.00074    -0.01218    -0.01719    -0.01166    -0.00012    -0.00015    -0.00021    -0.00010    -0.00014    -0.04249
    -1.20476    -0.00041    -0.00603    -0.00786    -0.00583    -0.00007    -0.00009    -0.00014    -0.00006    -0.00008    -0.02057
    -1.10776    -0.00056    -0.00880    -0.00854    -0.00815    -0.00011    -0.00012    -0.00021    -0.00010    -0.00014    -0.02672
    -1.01076    -0.00047    -0.00745    -0.00666    -0.00637    -0.00010    -0.00011    -0.00019    -0.00009    -0.00013    -0.02157
    -0.91376    -0.00046    -0.00677    -0.00545    -0.00657    -0.00009    -0.00011    -0.00015    -0.00011    -0.00018    -0.01988
    -0.81676    -0.00037    -0.00509    -0.00442    -0.00467    -0.00008    -0.00009    -0.00015    -0.00009    -0.00015    -0.01510
    -0.71976    -0.00030    -0.00430    -0.00385    -0.00315    -0.00008    -0.00009    -0.00016    -0.00007    -0.00012    -0.01213
    -0.62176    -0.00019    -0.00239    -0.00240    -0.00248    -0.00005    -0.00006    -0.00008    -0.00008    -0.00011    -0.00783
    -0.52476    -0.00026    -0.00329    -0.00345    -0.00349    -0.00007    -0.00009    -0.00012    -0.00012    -0.00016    -0.01106
    -0.42776    -0.00032    -0.00357    -0.00373    -0.00329    -0.00012    -0.00012    -0.00022    -0.00013    -0.00020    -0.01169
    -0.33076    -0.00019    -0.00230    -0.00219    -0.00186    -0.00008    -0.00008    -0.00015    -0.00009    -0.00013    -0.00707
    -0.23376    -0.00006    -0.00072    -0.00062    -0.00080    -0.00002    -0.00003    -0.00003    -0.00004    -0.00006    -0.00238
    -0.13676    -0.00006    -0.00068    -0.00056    -0.00074    -0.00002    -0.00003    -0.00003    -0.00004    -0.00006    -0.00222
    -0.03876    -0.00019    -0.00178    -0.00180    -0.00160    -0.00011    -0.00010    -0.00019    -0.00011    -0.00013    -0.00601
     0.05824     0.00000     0.00000     0.00000     0.00000     0.00000     0.00000     0.00000     0.00000     0.00000     0.00000
     0.15524     0.00000     0.00000     0.00000     0.00000     0.00000     0.00000     0.00000     0.00000     0.00000     0.00000
     0.25224     0.00000     0.00000     0.00000     0.00000     0.00000     0.00000     0.00000     0.00000     0.00000     0.00000
     0.34924     0.00000     0.00000     0.00000     0.00000     0.00000     0.00000     0.00000     0.00000     0.00000     0.00000
     0.44624    -0.00006    -0.00043    -0.00031    -0.00040    -0.00004    -0.00006    -0.00004    -0.00006    -0.00008    -0.00146
     0.54324    -0.00009    -0.00060    -0.00045    -0.00057    -0.00006    -0.00009    -0.00007    -0.00009    -0.00011    -0.00213
     0.64124    -0.00009    -0.00048    -0.00041    -0.00046    -0.00007    -0.00008    -0.00009    -0.00008    -0.00010    -0.00187
     0.73824    -0.00007    -0.00032    -0.00029    -0.00030    -0.00006    -0.00006    -0.00009    -0.00005    -0.00007    -0.00130
     0.83524    -0.00005    -0.00018    -0.00016    -0.00016    -0.00005    -0.00004    -0.00007    -0.00003    -0.00005    -0.00078
     0.93224    -0.00014    -0.00067    -0.00051    -0.00059    -0.00011    -0.00020    -0.00014    -0.00017    -0.00022    -0.00276
     1.02924    -0.00013    -0.00054    -0.00045    -0.00048    -0.00011    -0.00017    -0.00014    -0.00014    -0.00019    -0.00236
     1.12624    -0.00013    -0.00049    -0.00039    -0.00042    -0.00014    -0.00015    -0.00015    -0.00011    -0.00018    -0.00218
     1.22324    -0.00024    -0.00075    -0.00051    -0.00059    -0.00026    -0.00019    -0.00026    -0.00014    -0.00031    -0.00325
     1.32124    -0.00040    -0.00122    -0.00073    -0.00085    -0.00040    -0.00025    -0.00043    -0.00020    -0.00054    -0.00502
     1.41824    -0.00040    -0.00166    -0.00144    -0.00143    -0.00133    -0.00053    -0.00044    -0.00059    -0.00038    -0.00819
     1.51524    -0.00163    -0.00631    -0.00446    -0.00702    -0.00636    -0.00210    -0.00090    -0.00178    -0.00082    -0.03138
     1.61224    -0.00313    -0.01112    -0.00706    -0.01178    -0.01318    -0.00243    -0.00120    -0.00207    -0.00097    -0.05294
     1.70924    -0.11249    -0.30415    -0.20898    -0.30016    -0.31631    -0.06424    -0.03343    -0.07163    -0.02348    -1.43488
     1.80624    -0.10990    -0.55619    -0.57519    -0.61645    -0.30771    -0.37190    -0.05865    -0.30813    -0.07129    -2.97542
     1.90424    -0.17428    -0.64674    -0.58218    -0.60212    -0.16903    -0.15837    -0.10147    -0.15564    -0.11292    -2.70274
     2.00124    -0.38565    -1.48822    -1.47783    -1.45053    -0.16919    -0.17789    -0.34344    -0.17354    -0.32786    -5.99415
     2.09824    -0.13644    -0.53175    -0.55624    -0.55211    -0.05002    -0.05153    -0.13298    -0.04914    -0.12019    -2.18042
     2.19524    -0.29044    -0.79363    -0.81944    -0.78702    -0.11033    -0.09110    -0.11329    -0.09927    -0.09508    -3.19961
     2.29224    -0.13108    -0.69636    -0.66624    -0.64902    -0.05080    -0.04895    -0.08281    -0.05222    -0.09194    -2.46943
     2.38924    -0.35125    -3.35531    -2.69176    -3.01532    -0.17291    -0.17898    -0.28201    -0.19352    -0.37610   -10.61716
     2.48624    -0.06630    -0.41764    -0.38922    -0.45775    -0.02991    -0.02312    -0.02612    -0.03070    -0.03262    -1.47338
     2.58424    -0.00465    -0.02801    -0.03141    -0.03055    -0.00200    -0.00176    -0.00236    -0.00192    -0.00188    -0.10454
     2.68124    -0.00262    -0.01490    -0.01892    -0.01750    -0.00093    -0.00097    -0.00139    -0.00114    -0.00107    -0.05945
     2.77824    -0.00145    -0.00739    -0.01024    -0.01014    -0.00044    -0.00050    -0.00076    -0.00066    -0.00065    -0.03222
     2.87524    -0.00266    -0.01252    -0.01094    -0.01414    -0.00130    -0.00091    -0.00136    -0.00083    -0.00227    -0.04694
     2.97224    -0.00060    -0.00311    -0.00358    -0.00339    -0.00024    -0.00027    -0.00040    -0.00031    -0.00042    -0.01231
     3.06924    -0.00025    -0.00137    -0.00155    -0.00146    -0.00012    -0.00013    -0.00019    -0.00015    -0.00019    -0.00541
     3.16624    -0.00028    -0.00147    -0.00144    -0.00147    -0.00019    -0.00017    -0.00027    -0.00019    -0.00030    -0.00579
     3.26424    -0.00042    -0.00199    -0.00165    -0.00190    -0.00028    -0.00023    -0.00039    -0.00025    -0.00050    -0.00761
     3.36124    -0.00034    -0.00155    -0.00145    -0.00146    -0.00023    -0.00022    -0.00036    -0.00024    -0.00043    -0.00628
     3.45824    -0.00035    -0.00120    -0.00119    -0.00113    -0.00021    -0.00020    -0.00033    -0.00022    -0.00039    -0.00522
     3.55524    -0.00031    -0.00086    -0.00092    -0.00084    -0.00017    -0.00016    -0.00026    -0.00018    -0.00030    -0.00398
     3.65224    -0.00959    -0.00093    -0.00119    -0.00100    -0.00017    -0.00018    -0.00028    -0.00021    -0.00029    -0.01385
     3.74924    -0.02240    -0.00124    -0.00166    -0.00143    -0.00019    -0.00022    -0.00033    -0.00028    -0.00037    -0.02813
     3.84724    -0.02709    -0.00117    -0.00174    -0.00155    -0.00019    -0.00018    -0.00029    -0.00023    -0.00035    -0.03279
     3.94424    -0.01864    -0.00081    -0.00174    -0.00137    -0.00012    -0.00013    -0.00022    -0.00016    -0.00026    -0.02346
     4.04124    -0.07496    -0.00457    -0.00440    -0.00387    -0.00027    -0.00027    -0.00053    -0.00033    -0.00061    -0.08981
     4.13824    -0.21346    -0.00929    -0.02025    -0.01424    -0.00031    -0.00035    -0.00093    -0.00038    -0.00082    -0.26005
     4.23524    -0.05702    -0.00594    -0.00362    -0.00424    -0.00032    -0.00031    -0.00060    -0.00030    -0.00053    -0.07290
     4.33224    -0.03088    -0.00410    -0.00611    -0.00467    -0.00052    -0.00036    -0.00054    -0.00040    -0.00066    -0.04823
     4.42924    -0.12558    -0.02143    -0.02283    -0.02284    -0.00102    -0.00075    -0.00098    -0.00080    -0.00121    -0.19744
     4.52724    -0.15909    -0.03363    -0.02595    -0.03347    -0.00109    -0.00083    -0.00110    -0.00082    -0.00133    -0.25730
     4.62424    -0.17789    -0.04178    -0.03639    -0.03991    -0.00114    -0.00099    -0.00107    -0.00106    -0.00102    -0.30126
     4.72124    -0.15240    -0.03400    -0.04310    -0.03772    -0.00116    -0.00137    -0.00138    -0.00145    -0.00135    -0.27393
     4.81824    -0.15637    -0.04081    -0.04505    -0.04324    -0.00273    -0.00246    -0.00232    -0.00277    -0.00253    -0.29827
     4.91524    -0.17162    -0.05223    -0.05293    -0.05069    -0.00259    -0.00265    -0.00285    -0.00263    -0.00349    -0.34168
     5.01224    -0.18187    -0.05796    -0.06250    -0.05652    -0.00328    -0.00371    -0.00455    -0.00379    -0.00581    -0.37999
     5.10924    -0.14281    -0.04832    -0.05428    -0.04949    -0.00712    -0.00665    -0.02049    -0.00665    -0.02677    -0.36259
     5.20724    -0.20643    -0.07778    -0.05998    -0.08388    -0.01173    -0.00956    -0.03735    -0.00950    -0.04937    -0.54558
     5.30424    -0.32986    -0.12118    -0.14342    -0.12256    -0.04070    -0.03615    -0.26787    -0.03354    -0.21105    -1.30633
     5.40124    -0.42453    -0.18679    -0.18873    -0.19315    -0.07993    -0.08350    -0.57580    -0.07828    -0.37408    -2.18479
     5.49824    -0.44009    -0.19470    -0.20500    -0.20080    -0.05881    -0.06681    -0.30834    -0.06052    -0.30219    -1.83727
     5.59524    -0.29368    -0.19506    -0.18522    -0.19665    -0.04443    -0.04387    -0.33181    -0.04218    -0.36007    -1.69298
     5.69224    -0.41757    -0.18967    -0.20161    -0.21102    -0.06062    -0.06277    -0.24938    -0.05953    -0.15480    -1.60698
     5.79024    -0.39676    -0.18994    -0.23552    -0.17020    -0.10210    -0.07693    -0.27623    -0.07752    -0.23803    -1.76324
     5.88724    -0.61277    -0.30427    -0.27399    -0.30386    -0.15501    -0.17658    -0.31958    -0.16919    -0.32951    -2.64476
     5.98424    -0.61966    -0.29606    -0.29134    -0.29582    -0.16489    -0.17563    -0.25719    -0.17435    -0.30384    -2.57878
     6.08124    -1.08886    -0.41960    -0.63977    -0.42604    -0.29902    -0.33086    -0.35259    -0.33809    -0.23521    -4.13004
     6.17824    -0.44861    -0.24539    -0.21330    -0.23988    -0.14177    -0.12802    -0.15996    -0.12831    -0.16060    -1.86585
     6.27524    -0.47808    -0.24207    -0.19143    -0.25085    -0.20730    -0.17704    -0.11326    -0.18002    -0.17027    -2.01033
     6.37224    -0.59504    -0.36381    -0.37505    -0.40097    -0.10885    -0.11657    -0.26463    -0.10560    -0.20268    -2.53320
     6.47024    -0.14852    -0.10423    -0.12191    -0.10157    -0.04491    -0.06528    -0.10833    -0.06016    -0.12471    -0.87963
     6.56724    -0.47093    -0.31256    -0.31466    -0.32681    -0.16817    -0.22396    -0.28811    -0.19933    -0.35435    -2.65889
     6.66424    -1.11717    -0.70219    -0.85108    -0.71925    -0.51559    -0.42445    -0.89635    -0.40515    -0.87736    -6.50859
     6.76124    -0.53989    -0.40335    -0.35919    -0.39846    -0.28667    -0.30211    -0.39496    -0.28737    -0.55222    -3.52422
     6.85824    -0.37867    -0.26509    -0.20836    -0.26146    -0.17172    -0.17808    -0.23092    -0.18165    -0.23729    -2.11325
     6.95524    -0.55288    -0.36232    -0.40630    -0.35327    -0.25209    -0.24887    -0.32704    -0.27501    -0.34591    -3.12370
     7.05224    -0.33917    -0.26402    -0.27575    -0.25857    -0.22537    -0.20909    -0.28022    -0.21450    -0.27048    -2.33716
     7.15024    -0.17821    -0.16648    -0.15997    -0.15639    -0.13975    -0.15091    -0.21287    -0.14662    -0.17207    -1.48327
     7.24724    -0.30726    -0.23938    -0.22335    -0.23592    -0.25684    -0.19006    -0.19992    -0.21369    -0.26452    -2.13093
     7.34424    -0.07385    -0.05403    -0.06713    -0.04996    -0.04425    -0.05363    -0.05297    -0.06370    -0.04003    -0.49954
     7.44124     0.00000     0.00000     0.00000     0.00000     0.00000     0.00000     0.00000     0.00000     0.00000     0.00000
     7.53824     0.00000     0.00000     0.00000     0.00000     0.00000     0.00000     0.00000     0.00000     0.00000     0.00000
     7.63524     0.00000     0.00000     0.00000     0.00000     0.00000     0.00000     0.00000     0.00000     0.00000     0.00000
     7.73224     0.00000     0.00000     0.00000     0.00000     0.00000     0.00000     0.00000     0.00000     0.00000     0.00000
     7.83024     0.00000     0.00000     0.00000     0.00000     0.00000     0.00000     0.00000     0.00000     0.00000     0.00000
     7.92724     0.00000     0.00000     0.00000     0.00000     0.00000     0.00000     0.00000     0.00000     0.00000     0.00000
     8.02424     0.00000     0.00000     0.00000     0.00000     0.00000     0.00000     0.00000     0.00000     0.00000     0.00000
     8.12124     0.00000     0.00000     0.00000     0.00000     0.00000     0.00000     0.00000     0.00000     0.00000     0.00000
     8.21824     0.00000     0.00000     0.00000     0.00000     0.00000     0.00000     0.00000     0.00000     0.00000     0.00000
     8.31524     0.00000     0.00000     0.00000     0.00000     0.00000     0.00000     0.00000     0.00000     0.00000     0.00000
     8.41324     0.00000     0.00000     0.00000     0.00000     0.00000     0.00000     0.00000     0.00000     0.00000     0.00000
     8.51024     0.00000     0.00000     0.00000     0.00000     0.00000     0.00000     0.00000     0.00000     0.00000     0.00000
     8.60724     0.00000     0.00000     0.00000     0.00000     0.00000     0.00000     0.00000     0.00000     0.00000     0.00000
     8.70424     0.00000     0.00000     0.00000     0.00000     0.00000     0.00000     0.00000     0.00000     0.00000     0.00000
