     #Energy           s          py          pz          px         dxy         dyz         dz2         dxz         dx2       tot  
   -21.37234     0.00000     0.00000     0.00000     0.00000     0.00000     0.00000     0.00000     0.00000     0.00000     0.00000
   -21.24934     0.00000     0.00000     0.00000     0.00000     0.00000     0.00000     0.00000     0.00000     0.00000     0.00000
   -21.12534     0.00000     0.00000     0.00000     0.00000     0.00000     0.00000     0.00000     0.00000     0.00000     0.00000
   -21.00234     0.00000     0.00000     0.00000     0.00000     0.00000     0.00000     0.00000     0.00000     0.00000     0.00000
   -20.87934     0.00000     0.00000     0.00000     0.00000     0.00000     0.00000     0.00000     0.00000     0.00000     0.00000
   -20.75634     0.00000     0.00000     0.00000     0.00000     0.00000     0.00000     0.00000     0.00000     0.00000     0.00000
   -20.63334     0.00000     0.00000     0.00000     0.00000     0.00000     0.00000     0.00000     0.00000     0.00000     0.00000
   -20.51034     0.00000     0.00000     0.00000     0.00000     0.00000     0.00000     0.00000     0.00000     0.00000     0.00000
   -20.38734     0.00000     0.00000     0.00000     0.00000     0.00000     0.00000     0.00000     0.00000     0.00000     0.00000
   -20.26434     0.00000     0.00000     0.00000     0.00000     0.00000     0.00000     0.00000     0.00000     0.00000     0.00000
   -20.14034     0.00000     0.00000     0.00000     0.00000     0.00000     0.00000     0.00000     0.00000     0.00000     0.00000
   -20.01734     0.00000     0.00000     0.00000     0.00000     0.00000     0.00000     0.00000     0.00000     0.00000     0.00000
   -19.89434     0.00000     0.00000     0.00000     0.00000     0.00000     0.00000     0.00000     0.00000     0.00000     0.00000
   -19.77134     0.00000     0.00000     0.00000     0.00000     0.00000     0.00000     0.00000     0.00000     0.00000     0.00000
   -19.64834     0.00000     0.00000     0.00000     0.00000     0.00000     0.00000     0.00000     0.00000     0.00000     0.00000
   -19.52534     0.00000     0.00000     0.00000     0.00000     0.00000     0.00000     0.00000     0.00000     0.00000     0.00000
   -19.40234     0.00000     0.00000     0.00000     0.00000     0.00000     0.00000     0.00000     0.00000     0.00000     0.00000
   -19.27834     0.00024     0.00001     0.00001     0.00001     0.00000     0.00000     0.00000     0.00000     0.00000     0.00026
   -19.15534     0.00023     0.00001     0.00001     0.00001     0.00000     0.00000     0.00000     0.00000     0.00000     0.00025
   -19.03234     0.00026     0.00001     0.00001     0.00001     0.00000     0.00000     0.00000     0.00000     0.00000     0.00028
   -18.90934     0.00015     0.00000     0.00000     0.00000     0.00000     0.00000     0.00000     0.00000     0.00000     0.00016
   -18.78634     0.00018     0.00000     0.00000     0.00000     0.00000     0.00000     0.00000     0.00000     0.00000     0.00019
   -18.66334     0.00019     0.00000     0.00001     0.00000     0.00000     0.00000     0.00000     0.00000     0.00000     0.00020
   -18.54034     0.00008     0.00000     0.00000     0.00000     0.00000     0.00000     0.00000     0.00000     0.00000     0.00009
   -18.41734     0.00005     0.00000     0.00000     0.00000     0.00000     0.00000     0.00000     0.00000     0.00000     0.00005
   -18.29334     0.00010     0.00000     0.00000     0.00000     0.00000     0.00000     0.00000     0.00000     0.00000     0.00011
   -18.17034     0.00044     0.00001     0.00001     0.00001     0.00000     0.00000     0.00000     0.00000     0.00000     0.00047
   -18.04734     0.00024     0.00000     0.00000     0.00000     0.00000     0.00000     0.00000     0.00000     0.00000     0.00026
   -17.92434     0.00059     0.00001     0.00001     0.00001     0.00000     0.00000     0.00000     0.00000     0.00000     0.00062
   -17.80134     0.00025     0.00000     0.00000     0.00000     0.00000     0.00000     0.00000     0.00000     0.00000     0.00026
   -17.67834     0.00024     0.00000     0.00000     0.00000     0.00000     0.00000     0.00000     0.00000     0.00000     0.00025
   -17.55534     0.00027     0.00000     0.00000     0.00000     0.00000     0.00000     0.00000     0.00000     0.00000     0.00028
   -17.43134     0.00126     0.00002     0.00002     0.00002     0.00000     0.00000     0.00000     0.00000     0.00000     0.00132
   -17.30834     0.00030     0.00000     0.00000     0.00000     0.00000     0.00000     0.00000     0.00000     0.00000     0.00031
   -17.18534     0.00027     0.00000     0.00000     0.00000     0.00000     0.00000     0.00000     0.00000     0.00000     0.00028
   -17.06234     0.00069     0.00001     0.00001     0.00001     0.00000     0.00000     0.00000     0.00000     0.00000     0.00071
   -16.93934     0.00062     0.00000     0.00001     0.00000     0.00000     0.00000     0.00000     0.00000     0.00000     0.00063
   -16.81634     0.00060     0.00000     0.00001     0.00000     0.00000     0.00000     0.00000     0.00000     0.00000     0.00061
   -16.69334     0.00094     0.00000     0.00001     0.00001     0.00000     0.00000     0.00000     0.00000     0.00000     0.00097
   -16.57034     0.00075     0.00000     0.00001     0.00000     0.00000     0.00000     0.00000     0.00000     0.00000     0.00077
   -16.44634     0.00087     0.00000     0.00000     0.00000     0.00000     0.00000     0.00000     0.00000     0.00000     0.00088
   -16.32334     0.00097     0.00000     0.00000     0.00000     0.00000     0.00000     0.00000     0.00000     0.00000     0.00098
   -16.20034     0.00172     0.00000     0.00001     0.00000     0.00000     0.00000     0.00000     0.00000     0.00000     0.00174
   -16.07734     0.01369     0.00002     0.00003     0.00002     0.00000     0.00000     0.00000     0.00000     0.00000     0.01378
   -15.95434     0.17158     0.00029     0.00031     0.00029     0.00000     0.00000     0.00002     0.00000     0.00002     0.17253
   -15.83134     3.09750     0.00494     0.00562     0.00547     0.00001     0.00002     0.00037     0.00001     0.00040     3.11434
   -15.70834     4.71640     0.00766     0.00871     0.00856     0.00002     0.00004     0.00057     0.00002     0.00063     4.74260
   -15.58434     4.60950     0.00789     0.00827     0.00823     0.00003     0.00005     0.00064     0.00003     0.00056     4.63519
   -15.46134     2.26110     0.00321     0.00357     0.00387     0.00003     0.00003     0.00025     0.00003     0.00029     2.27238
   -15.33834     7.25070     0.00841     0.01054     0.00929     0.00011     0.00014     0.00066     0.00014     0.00085     7.28083
   -15.21534    24.64100     0.01430     0.01389     0.01450     0.00076     0.00088     0.00161     0.00086     0.00162    24.68940
   -15.09234     8.89830     0.00373     0.00371     0.00394     0.00016     0.00018     0.00055     0.00015     0.00057     8.91129
   -14.96934     1.99751     0.00069     0.00077     0.00080     0.00002     0.00002     0.00011     0.00002     0.00010     2.00003
   -14.84634     0.49349     0.00018     0.00019     0.00021     0.00000     0.00001     0.00003     0.00000     0.00003     0.49414
   -14.72334     0.17180     0.00007     0.00007     0.00009     0.00000     0.00000     0.00001     0.00000     0.00001     0.17205
   -14.59934     0.05652     0.00003     0.00003     0.00004     0.00000     0.00000     0.00000     0.00000     0.00000     0.05662
   -14.47634     0.02149     0.00002     0.00002     0.00002     0.00000     0.00000     0.00000     0.00000     0.00000     0.02156
   -14.35334     0.00178     0.00001     0.00002     0.00001     0.00000     0.00000     0.00000     0.00000     0.00000     0.00183
   -14.23034     0.00149     0.00001     0.00002     0.00001     0.00000     0.00000     0.00000     0.00000     0.00000     0.00154
   -14.10734     0.00071     0.00001     0.00001     0.00001     0.00000     0.00000     0.00000     0.00000     0.00000     0.00074
   -13.98434     0.00041     0.00001     0.00001     0.00001     0.00000     0.00000     0.00000     0.00000     0.00000     0.00043
   -13.86134     0.00070     0.00001     0.00001     0.00002     0.00000     0.00000     0.00000     0.00000     0.00000     0.00075
   -13.73734     0.00033     0.00001     0.00001     0.00001     0.00000     0.00000     0.00000     0.00000     0.00000     0.00035
   -13.61434     0.00025     0.00001     0.00001     0.00001     0.00000     0.00000     0.00000     0.00000     0.00000     0.00027
   -13.49134     0.00018     0.00001     0.00001     0.00001     0.00000     0.00000     0.00000     0.00000     0.00000     0.00020
   -13.36834     0.00011     0.00000     0.00000     0.00000     0.00000     0.00000     0.00000     0.00000     0.00000     0.00012
   -13.24534     0.00013     0.00001     0.00001     0.00001     0.00000     0.00000     0.00000     0.00000     0.00000     0.00015
   -13.12234     0.00008     0.00000     0.00000     0.00000     0.00000     0.00000     0.00000     0.00000     0.00000     0.00010
   -12.99934     0.00006     0.00000     0.00000     0.00000     0.00000     0.00000     0.00000     0.00000     0.00000     0.00008
   -12.87634     0.00005     0.00000     0.00000     0.00000     0.00000     0.00000     0.00000     0.00000     0.00000     0.00007
   -12.75234     0.00012     0.00001     0.00001     0.00001     0.00000     0.00000     0.00000     0.00000     0.00000     0.00015
   -12.62934     0.00015     0.00001     0.00001     0.00001     0.00000     0.00000     0.00000     0.00000     0.00000     0.00019
   -12.50634     0.00007     0.00001     0.00001     0.00001     0.00000     0.00000     0.00000     0.00000     0.00000     0.00009
   -12.38334     0.00005     0.00000     0.00000     0.00001     0.00000     0.00000     0.00000     0.00000     0.00000     0.00006
   -12.26034     0.00007     0.00001     0.00001     0.00001     0.00000     0.00000     0.00000     0.00000     0.00000     0.00010
   -12.13734     0.00006     0.00001     0.00001     0.00001     0.00000     0.00000     0.00000     0.00000     0.00000     0.00009
   -12.01434     0.00006     0.00001     0.00001     0.00001     0.00000     0.00000     0.00000     0.00000     0.00000     0.00010
   -11.89034     0.00004     0.00001     0.00001     0.00001     0.00000     0.00000     0.00000     0.00000     0.00000     0.00006
   -11.76734     0.00012     0.00002     0.00003     0.00003     0.00000     0.00000     0.00000     0.00000     0.00000     0.00021
   -11.64434     0.00001     0.00000     0.00000     0.00000     0.00000     0.00000     0.00000     0.00000     0.00000     0.00003
   -11.52134     0.00002     0.00001     0.00001     0.00001     0.00000     0.00000     0.00000     0.00000     0.00000     0.00004
   -11.39834     0.00003     0.00001     0.00001     0.00001     0.00000     0.00000     0.00000     0.00000     0.00000     0.00006
   -11.27534     0.00003     0.00001     0.00001     0.00001     0.00000     0.00000     0.00000     0.00000     0.00000     0.00007
   -11.15234     0.00002     0.00001     0.00001     0.00001     0.00000     0.00000     0.00000     0.00000     0.00000     0.00005
   -11.02934     0.00002     0.00001     0.00001     0.00001     0.00000     0.00000     0.00000     0.00000     0.00000     0.00005
   -10.90534     0.00001     0.00001     0.00001     0.00001     0.00000     0.00000     0.00000     0.00000     0.00000     0.00003
   -10.78234     0.00001     0.00000     0.00001     0.00001     0.00000     0.00000     0.00000     0.00000     0.00000     0.00003
   -10.65934     0.00001     0.00001     0.00001     0.00001     0.00000     0.00000     0.00000     0.00000     0.00000     0.00003
   -10.53634     0.00002     0.00001     0.00001     0.00001     0.00000     0.00000     0.00000     0.00000     0.00000     0.00006
   -10.41334     0.00001     0.00001     0.00001     0.00001     0.00000     0.00000     0.00000     0.00000     0.00000     0.00003
   -10.29034     0.00001     0.00000     0.00001     0.00000     0.00000     0.00000     0.00000     0.00000     0.00000     0.00002
   -10.16734     0.00001     0.00001     0.00001     0.00001     0.00000     0.00000     0.00000     0.00000     0.00000     0.00004
   -10.04334     0.00001     0.00001     0.00001     0.00001     0.00000     0.00000     0.00000     0.00000     0.00000     0.00004
    -9.92034     0.00001     0.00001     0.00001     0.00001     0.00000     0.00000     0.00000     0.00000     0.00000     0.00004
    -9.79734     0.00001     0.00001     0.00001     0.00001     0.00000     0.00000     0.00000     0.00000     0.00000     0.00005
    -9.67434     0.00001     0.00001     0.00001     0.00001     0.00000     0.00000     0.00000     0.00000     0.00000     0.00004
    -9.55134     0.00001     0.00001     0.00001     0.00001     0.00000     0.00000     0.00000     0.00000     0.00000     0.00004
    -9.42834     0.00001     0.00001     0.00001     0.00001     0.00000     0.00000     0.00000     0.00000     0.00000     0.00005
    -9.30534     0.00001     0.00001     0.00001     0.00001     0.00000     0.00000     0.00000     0.00000     0.00000     0.00004
    -9.18234     0.00001     0.00001     0.00002     0.00002     0.00000     0.00000     0.00000     0.00000     0.00000     0.00006
    -9.05834     0.00003     0.00005     0.00004     0.00005     0.00000     0.00000     0.00000     0.00000     0.00000     0.00018
    -8.93534     0.00001     0.00001     0.00002     0.00001     0.00000     0.00000     0.00000     0.00000     0.00000     0.00005
    -8.81234     0.00000     0.00001     0.00001     0.00001     0.00000     0.00000     0.00000     0.00000     0.00000     0.00002
    -8.68934     0.00000     0.00000     0.00000     0.00000     0.00000     0.00000     0.00000     0.00000     0.00000     0.00001
    -8.56634     0.00000     0.00001     0.00001     0.00002     0.00000     0.00000     0.00000     0.00000     0.00000     0.00005
    -8.44334     0.00001     0.00002     0.00002     0.00003     0.00000     0.00000     0.00000     0.00000     0.00000     0.00008
    -8.32034     0.00001     0.00002     0.00002     0.00002     0.00000     0.00000     0.00000     0.00000     0.00000     0.00006
    -8.19634     0.00001     0.00004     0.00004     0.00005     0.00000     0.00000     0.00000     0.00000     0.00000     0.00015
    -8.07334     0.00001     0.00002     0.00002     0.00003     0.00000     0.00000     0.00000     0.00000     0.00000     0.00008
    -7.95034     0.00001     0.00002     0.00003     0.00003     0.00000     0.00000     0.00000     0.00000     0.00000     0.00009
    -7.82734     0.00001     0.00002     0.00003     0.00003     0.00000     0.00000     0.00000     0.00000     0.00000     0.00008
    -7.70434     0.00005     0.00020     0.00025     0.00024     0.00000     0.00000     0.00000     0.00000     0.00000     0.00075
    -7.58134     0.00005     0.00018     0.00024     0.00022     0.00000     0.00000     0.00000     0.00000     0.00000     0.00070
    -7.45834     0.00011     0.00046     0.00055     0.00056     0.00000     0.00000     0.00000     0.00000     0.00000     0.00170
    -7.33534     0.00059     0.00222     0.00295     0.00269     0.00001     0.00001     0.00001     0.00001     0.00001     0.00851
    -7.21134     0.00120     0.00485     0.00637     0.00584     0.00002     0.00003     0.00002     0.00003     0.00001     0.01837
    -7.08834     0.00095     0.00435     0.00574     0.00518     0.00002     0.00002     0.00002     0.00002     0.00001     0.01632
    -6.96534     0.00103     0.00540     0.00705     0.00640     0.00002     0.00003     0.00003     0.00003     0.00002     0.02000
    -6.84234     0.00067     0.00396     0.00512     0.00466     0.00002     0.00002     0.00002     0.00002     0.00002     0.01450
    -6.71934     0.00056     0.00374     0.00466     0.00436     0.00002     0.00002     0.00002     0.00002     0.00002     0.01339
    -6.59634     0.00034     0.00260     0.00315     0.00302     0.00001     0.00001     0.00001     0.00001     0.00001     0.00917
    -6.47334     0.00044     0.00413     0.00472     0.00462     0.00002     0.00002     0.00002     0.00002     0.00002     0.01399
    -6.34934     0.00053     0.00554     0.00664     0.00631     0.00002     0.00002     0.00003     0.00002     0.00002     0.01913
    -6.22634     0.00036     0.00400     0.00536     0.00481     0.00001     0.00002     0.00002     0.00002     0.00002     0.01461
    -6.10334     0.00043     0.00562     0.00717     0.00640     0.00002     0.00002     0.00003     0.00002     0.00003     0.01974
    -5.98034     0.00262     0.03406     0.03770     0.03630     0.00008     0.00013     0.00028     0.00010     0.00028     0.11155
    -5.85734     0.03379     0.41634     0.38492     0.39217     0.00094     0.00092     0.00472     0.00075     0.00462     1.23916
    -5.73434     0.06538     0.64823     0.61143     0.61078     0.00176     0.00153     0.00682     0.00142     0.00670     1.95405
    -5.61134     0.04652     0.29574     0.28661     0.29930     0.00102     0.00117     0.00250     0.00099     0.00258     0.93642
    -5.48834     0.06413     0.26817     0.32318     0.32011     0.00155     0.00201     0.00150     0.00193     0.00202     0.98460
    -5.36434     0.24376     0.95636     1.17118     1.03041     0.00634     0.00571     0.00874     0.00633     0.00582     3.43466
    -5.24134     0.10804     1.22598     1.85566     1.37283     0.01321     0.02190     0.00421     0.02488     0.00436     4.63108
    -5.11834     0.02466     0.60449     0.68384     0.61691     0.00812     0.00867     0.00173     0.00907     0.00117     1.95867
    -4.99534     0.01302     0.32722     0.34042     0.29097     0.00241     0.00296     0.00055     0.00312     0.00053     0.98120
    -4.87234     0.09042     3.17410     3.27850     3.17700     0.02584     0.02227     0.01278     0.02493     0.01133     9.81717
    -4.74934     0.01519     0.63550     0.58156     0.59359     0.00442     0.00375     0.00322     0.00394     0.00345     1.84461
    -4.62634     0.00999     0.76771     0.73725     0.77378     0.00300     0.00318     0.00589     0.00318     0.00591     2.30988
    -4.50234     0.00839     0.89579     0.85483     0.78427     0.00282     0.00276     0.00881     0.00276     0.00740     2.56782
    -4.37934     0.05303     2.03938     1.77127     1.96688     0.00638     0.00728     0.01860     0.00668     0.02239     5.89189
    -4.25634     0.04260     1.07414     1.04930     0.98189     0.00306     0.00353     0.01515     0.00306     0.01433     3.18705
    -4.13334     0.02932     0.45027     0.49784     0.40621     0.00252     0.00274     0.00616     0.00229     0.00452     1.40186
    -4.01034     0.07857     0.83574     0.83553     0.82101     0.00751     0.00757     0.00891     0.00743     0.00927     2.61155
    -3.88734     0.03206     0.57459     0.56355     0.60739     0.00666     0.00493     0.00612     0.00501     0.00764     1.80794
    -3.76434     0.10548     1.29796     1.42378     1.37729     0.01243     0.01498     0.01859     0.01415     0.01826     4.28293
    -3.64134     0.13961     2.08768     2.10078     2.13158     0.00678     0.00616     0.01208     0.00589     0.01192     6.50248
    -3.51734     0.04325     0.70873     0.88379     0.75156     0.00309     0.00284     0.00467     0.00294     0.00456     2.40543
    -3.39434     0.05026     1.12416     0.92250     1.20756     0.00426     0.00365     0.00701     0.00364     0.00658     3.32962
    -3.27134     0.04831     1.32833     1.61802     1.30688     0.00414     0.00509     0.00857     0.00491     0.00818     4.33243
    -3.14834     0.01246     0.72913     0.28112     0.89484     0.00179     0.00119     0.00286     0.00115     0.00365     1.92819
    -3.02534     0.03187     2.22839     1.35538     2.50582     0.00375     0.00279     0.00692     0.00261     0.00794     6.14548
    -2.90234     0.04239     2.70260     3.00530     3.14290     0.00401     0.00383     0.00879     0.00360     0.00930     8.92273
    -2.77934     0.01296     1.21732     1.17633     1.23493     0.00191     0.00175     0.00255     0.00158     0.00243     3.65177
    -2.65534     0.02989     2.94800     3.05180     2.88520     0.00365     0.00406     0.00471     0.00418     0.00505     8.93654
    -2.53234     0.01033     0.62890     0.75530     0.60398     0.00095     0.00095     0.00104     0.00097     0.00092     2.00334
    -2.40934     0.02258     1.24188     1.45326     1.24543     0.00086     0.00118     0.00163     0.00113     0.00191     3.96986
    -2.28634     0.03708     2.43597     2.77296     2.62592     0.00238     0.00207     0.00370     0.00231     0.00351     7.88590
    -2.16334     0.02639     4.06845     3.91176     4.16930     0.00217     0.00180     0.00629     0.00196     0.00627    12.19440
    -2.04034     0.01685     1.61639     2.11981     1.56982     0.00062     0.00080     0.00201     0.00072     0.00206     5.32908
    -1.91734     0.01388     2.77803     3.83350     2.23757     0.00070     0.00067     0.00373     0.00051     0.00289     8.87148
    -1.79434     0.00133     0.33812     0.34056     0.38692     0.00009     0.00013     0.00048     0.00011     0.00058     1.06831
    -1.67034     0.00139     0.05495     0.08062     0.07270     0.00010     0.00009     0.00025     0.00010     0.00030     0.21050
    -1.54734     0.00134     0.02128     0.01965     0.02771     0.00008     0.00007     0.00018     0.00008     0.00021     0.07062
    -1.42434     0.00043     0.00675     0.00630     0.00819     0.00003     0.00003     0.00010     0.00003     0.00008     0.02194
    -1.30134     0.00019     0.00172     0.00191     0.00225     0.00002     0.00002     0.00005     0.00002     0.00004     0.00621
    -1.17834     0.00059     0.00370     0.00338     0.00414     0.00004     0.00004     0.00010     0.00004     0.00011     0.01213
    -1.05534     0.00041     0.00233     0.00195     0.00269     0.00003     0.00003     0.00008     0.00003     0.00009     0.00764
    -0.93234     0.00044     0.00212     0.00161     0.00241     0.00003     0.00003     0.00008     0.00003     0.00009     0.00686
    -0.80834     0.00043     0.00181     0.00146     0.00203     0.00003     0.00003     0.00008     0.00003     0.00010     0.00600
    -0.68534     0.00043     0.00151     0.00156     0.00157     0.00002     0.00003     0.00007     0.00003     0.00011     0.00532
    -0.56234     0.00072     0.00248     0.00298     0.00250     0.00003     0.00004     0.00013     0.00004     0.00018     0.00911
    -0.43934     0.00067     0.00229     0.00345     0.00215     0.00002     0.00003     0.00013     0.00003     0.00017     0.00894
    -0.31634     0.00101     0.00360     0.00619     0.00349     0.00002     0.00003     0.00018     0.00003     0.00023     0.01479
    -0.19334     0.00356     0.01168     0.02300     0.01376     0.00004     0.00007     0.00059     0.00006     0.00054     0.05330
    -0.07034     0.00514     0.01892     0.03425     0.02176     0.00004     0.00008     0.00070     0.00005     0.00067     0.08162
     0.05266     0.93027     7.73855     5.25950     7.29248     0.01779     0.02972     0.18625     0.01638     0.26878    21.73972
     0.17666     0.04479     0.56539     0.49467     0.55254     0.00093     0.00148     0.01981     0.00114     0.02284     1.70359
     0.29966     0.06603     2.54515     2.96441     2.42360     0.00165     0.00518     0.11339     0.00152     0.09492     8.21585
     0.42266     0.00042     0.00809     0.00580     0.00715     0.00001     0.00006     0.00010     0.00004     0.00024     0.02192
     0.54566     0.00057     0.01226     0.00782     0.01112     0.00003     0.00011     0.00015     0.00008     0.00037     0.03250
     0.66866     0.00022     0.00418     0.00284     0.00379     0.00002     0.00004     0.00007     0.00004     0.00014     0.01134
     0.79166     0.00018     0.00309     0.00217     0.00282     0.00003     0.00004     0.00006     0.00004     0.00011     0.00854
     0.91466     0.00017     0.00244     0.00180     0.00221     0.00004     0.00005     0.00007     0.00004     0.00009     0.00690
     1.03766     0.00018     0.00221     0.00155     0.00202     0.00006     0.00006     0.00008     0.00005     0.00010     0.00630
     1.16166     0.00026     0.00243     0.00138     0.00255     0.00009     0.00008     0.00009     0.00009     0.00017     0.00714
     1.28466     0.00029     0.00248     0.00123     0.00269     0.00012     0.00009     0.00010     0.00010     0.00020     0.00730
     1.40766     0.00034     0.00244     0.00173     0.00312     0.00021     0.00010     0.00011     0.00014     0.00019     0.00838
     1.53066     0.00020     0.00099     0.00117     0.00108     0.00009     0.00007     0.00008     0.00008     0.00010     0.00387
     1.65366     0.00010     0.00038     0.00075     0.00034     0.00004     0.00005     0.00005     0.00005     0.00004     0.00180
     1.77666     0.00008     0.00042     0.00059     0.00036     0.00003     0.00005     0.00005     0.00005     0.00005     0.00167
     1.89966     0.00013     0.00073     0.00112     0.00068     0.00005     0.00011     0.00008     0.00010     0.00010     0.00311
     2.02366     0.00012     0.00081     0.00089     0.00069     0.00006     0.00011     0.00009     0.00009     0.00012     0.00297
     2.14666     0.00013     0.00073     0.00079     0.00065     0.00007     0.00011     0.00009     0.00009     0.00013     0.00279
     2.26966     0.00012     0.00053     0.00057     0.00052     0.00007     0.00009     0.00008     0.00008     0.00012     0.00219
     2.39266     0.00013     0.00057     0.00058     0.00057     0.00008     0.00011     0.00008     0.00010     0.00014     0.00236
     2.51566     0.00013     0.00053     0.00048     0.00053     0.00008     0.00011     0.00008     0.00009     0.00013     0.00216
     2.63866     0.00014     0.00051     0.00045     0.00054     0.00009     0.00011     0.00009     0.00010     0.00014     0.00216
     2.76166     0.00012     0.00035     0.00035     0.00041     0.00008     0.00009     0.00007     0.00009     0.00011     0.00168
     2.88466     0.00028     0.00084     0.00065     0.00092     0.00017     0.00023     0.00017     0.00021     0.00030     0.00377
     3.00866     0.00012     0.00028     0.00027     0.00032     0.00006     0.00009     0.00006     0.00009     0.00010     0.00138
     3.13166     0.00100     0.00027     0.00025     0.00028     0.00006     0.00007     0.00006     0.00007     0.00009     0.00215
     3.25466     0.00286     0.00031     0.00030     0.00034     0.00005     0.00007     0.00006     0.00006     0.00009     0.00414
     3.37766     0.01364     0.00184     0.00143     0.00221     0.00041     0.00025     0.00065     0.00034     0.00054     0.02131
     3.50066     0.01484     0.00169     0.00137     0.00184     0.00021     0.00017     0.00043     0.00022     0.00038     0.02113
     3.62366     0.01373     0.00167     0.00137     0.00177     0.00014     0.00010     0.00034     0.00015     0.00027     0.01954
     3.74666     0.08470     0.00794     0.00797     0.00796     0.00012     0.00014     0.00081     0.00015     0.00074     0.11053
     3.87066     0.03763     0.00658     0.00565     0.00476     0.00017     0.00020     0.00062     0.00016     0.00047     0.05624
     3.99366     0.06252     0.01207     0.00934     0.01296     0.00020     0.00019     0.00079     0.00018     0.00070     0.09895
     4.11666     0.08844     0.01697     0.01934     0.01636     0.00055     0.00056     0.00150     0.00056     0.00144     0.14573
     4.23966     0.10050     0.02825     0.02105     0.02765     0.00119     0.00083     0.00260     0.00080     0.00265     0.18551
     4.36266     0.07946     0.01946     0.02536     0.01956     0.00098     0.00106     0.00334     0.00099     0.00409     0.15430
     4.48566     0.07368     0.02409     0.02428     0.02640     0.00157     0.00161     0.00684     0.00152     0.00681     0.16679
     4.60866     0.08966     0.03673     0.03380     0.03758     0.00196     0.00232     0.01404     0.00186     0.01647     0.23441
     4.73166     0.14632     0.11839     0.09777     0.11320     0.00526     0.01055     0.11736     0.00641     0.13455     0.74981
     4.85566     0.20685     0.21227     0.21026     0.18675     0.01543     0.02127     0.28077     0.01532     0.22925     1.37816
     4.97866     0.16126     0.24623     0.24378     0.24851     0.01164     0.02144     0.29720     0.01362     0.26775     1.51143
     5.10166     0.17673     0.21624     0.19908     0.20004     0.02819     0.03318     0.20785     0.02835     0.19247     1.28214
     5.22466     0.14566     0.09629     0.09506     0.09815     0.02344     0.02452     0.08363     0.02291     0.08248     0.67213
     5.34766     0.29619     0.17857     0.17862     0.18358     0.03571     0.03640     0.10380     0.03502     0.10170     1.14958
     5.47066     0.26036     0.13065     0.13112     0.13344     0.06193     0.06437     0.06554     0.06620     0.08767     1.00128
     5.59366     0.24035     0.10461     0.10469     0.10997     0.07521     0.07277     0.05129     0.07007     0.06327     0.89222
     5.71766     0.35403     0.11966     0.11218     0.12787     0.13279     0.12959     0.04605     0.12643     0.06051     1.20911
     5.84066     0.24353     0.08786     0.09331     0.08377     0.09246     0.09509     0.05902     0.09604     0.05919     0.91027
     5.96366     0.17177     0.08094     0.06885     0.07832     0.06734     0.06621     0.03574     0.06495     0.03670     0.67083
     6.08666     0.17098     0.09227     0.08560     0.09487     0.07078     0.05930     0.09555     0.05736     0.08422     0.81093
     6.20966     0.34615     0.18729     0.17676     0.18162     0.15558     0.14237     0.14657     0.14890     0.13586     1.62111
     6.33266     0.19837     0.10126     0.10981     0.10453     0.08713     0.08936     0.07660     0.08990     0.07984     0.93679
     6.45566     0.19911     0.12603     0.11325     0.11532     0.09027     0.10692     0.10606     0.10706     0.10633     1.07035
     6.57866     0.21014     0.12967     0.12297     0.13127     0.13165     0.12848     0.13391     0.12808     0.12713     1.24331
     6.70266     0.12648     0.09038     0.09927     0.09199     0.16453     0.11835     0.07742     0.11239     0.07587     0.95666
     6.82566     0.20327     0.15637     0.16559     0.15945     0.20235     0.20756     0.13064     0.24167     0.10772     1.57462
     6.94866     0.23732     0.21133     0.23017     0.21775     0.23784     0.21702     0.15755     0.22998     0.16932     1.90828
     7.07166     0.13449     0.15354     0.15776     0.16572     0.16894     0.17319     0.14557     0.16897     0.13866     1.40684
     7.19466     0.08247     0.11889     0.13129     0.12383     0.16914     0.16896     0.11325     0.17890     0.09034     1.17706
     7.31766     0.06719     0.13473     0.14531     0.13728     0.19582     0.17207     0.10706     0.17622     0.08574     1.22142
     7.44066     0.07753     0.19715     0.24139     0.19850     0.20128     0.23772     0.17361     0.25539     0.27541     1.85798
     7.56466     0.10324     0.25658     0.21337     0.25368     0.25472     0.19137     0.23753     0.20056     0.24053     1.95158
     7.68766     0.04929     0.15916     0.17473     0.16382     0.17032     0.17044     0.13761     0.18152     0.13282     1.33970
     7.81066     0.04941     0.18518     0.20434     0.18591     0.19564     0.18336     0.17587     0.19390     0.18502     1.55862
     7.93366     0.06089     0.21258     0.21087     0.20990     0.26350     0.23415     0.25653     0.22582     0.22894     1.90319
     8.05666     0.06759     0.20895     0.20662     0.20903     0.20884     0.21961     0.22847     0.21657     0.25019     1.81587
     8.17966     0.04426     0.21865     0.19723     0.20370     0.16485     0.18948     0.18317     0.17793     0.22396     1.60322
     8.30266     0.06684     0.23516     0.21149     0.25701     0.19087     0.19424     0.24450     0.18452     0.21526     1.79989
     8.42566     0.05424     0.23511     0.25091     0.23468     0.21601     0.19837     0.26808     0.20021     0.22469     1.88231
     8.54966     0.05897     0.23556     0.22036     0.22872     0.22156     0.20709     0.22839     0.21465     0.17902     1.79432
     8.67266     0.06096     0.26321     0.26149     0.26163     0.22323     0.21301     0.24243     0.21097     0.22050     1.95743
     8.79566     0.04287     0.26368     0.26431     0.24549     0.21519     0.22424     0.30294     0.22510     0.28368     2.06750
     8.91866     0.04264     0.30091     0.24772     0.32606     0.21807     0.21721     0.22248     0.22785     0.21089     2.01383
     9.04166     0.04412     0.32746     0.30497     0.32302     0.31506     0.25719     0.20690     0.27583     0.22325     2.27780
     9.16466     0.05060     0.40708     0.40064     0.38141     0.32428     0.35284     0.20451     0.37795     0.26722     2.76653
     9.28766     0.04078     0.24854     0.27946     0.23933     0.27259     0.28219     0.27620     0.31693     0.24480     2.20081
     9.41166     0.03650     0.35406     0.34801     0.34973     0.36580     0.34397     0.37701     0.33792     0.37179     2.88479
     9.53466     0.04855     0.30194     0.30939     0.29914     0.31683     0.37577     0.33918     0.37027     0.37540     2.73647
     9.65766     0.03481     0.28725     0.24776     0.28961     0.28718     0.29246     0.21923     0.31497     0.24935     2.22262
     9.78066     0.03100     0.21384     0.24419     0.20346     0.23935     0.20475     0.15219     0.19643     0.12221     1.60742
     9.90366     0.02599     0.19852     0.18114     0.20895     0.19289     0.21243     0.14318     0.25400     0.12854     1.54563
    10.02666     0.04268     0.19406     0.20663     0.19901     0.26935     0.21619     0.21084     0.21982     0.24033     1.79892
    10.14966     0.03698     0.21536     0.25611     0.23275     0.23636     0.27147     0.25345     0.28744     0.20256     1.99249
    10.27266     0.01839     0.13296     0.13884     0.14064     0.17964     0.15141     0.17812     0.14831     0.17066     1.25898
    10.39666     0.02498     0.16779     0.18197     0.17185     0.18799     0.22131     0.20966     0.23444     0.19747     1.59746
    10.51966     0.03499     0.21418     0.21299     0.22521     0.24628     0.28856     0.22363     0.27768     0.22213     1.94564
    10.64266     0.02877     0.15285     0.17700     0.16130     0.25919     0.18329     0.16735     0.18859     0.15533     1.47367
    10.76566     0.03038     0.13644     0.14119     0.14656     0.18103     0.18689     0.16772     0.19101     0.15296     1.33418
    10.88866     0.03103     0.11505     0.11372     0.11986     0.16490     0.15115     0.14609     0.14180     0.14117     1.12477
    11.01166     0.02762     0.11714     0.11927     0.12129     0.18318     0.16702     0.16938     0.15924     0.13720     1.20135
    11.13466     0.04087     0.16136     0.18438     0.16043     0.26060     0.23706     0.25448     0.23879     0.22458     1.76255
    11.25866     0.04014     0.11909     0.13296     0.13165     0.19634     0.20927     0.22578     0.21473     0.21397     1.48393
    11.38166     0.04503     0.13356     0.12557     0.13589     0.21789     0.19555     0.19730     0.20642     0.19855     1.45576
    11.50466     0.04501     0.12268     0.12407     0.12681     0.19087     0.18175     0.18660     0.18539     0.20074     1.36393
    11.62766     0.04604     0.09393     0.09964     0.09728     0.17037     0.16951     0.20936     0.17208     0.20287     1.26107
    11.75066     0.04036     0.09305     0.08830     0.09280     0.19455     0.17244     0.22191     0.17212     0.23667     1.31220
    11.87366     0.04173     0.13010     0.15968     0.14457     0.23341     0.24911     0.30660     0.24357     0.31033     1.81910
    11.99666     0.03887     0.13731     0.13690     0.13420     0.26685     0.24538     0.33027     0.23915     0.32287     1.85180
    12.11966     0.04341     0.13202     0.14431     0.12923     0.27419     0.30077     0.33057     0.26412     0.36698     1.98559
    12.24366     0.03592     0.10538     0.10814     0.10691     0.25096     0.22836     0.26559     0.22163     0.32057     1.64347
    12.36666     0.04413     0.10883     0.10472     0.11190     0.21954     0.21547     0.23991     0.20466     0.28032     1.52948
    12.48966     0.04451     0.11800     0.10280     0.11193     0.23841     0.22926     0.29210     0.23319     0.23145     1.60165
    12.61266     0.03705     0.08934     0.08219     0.09034     0.21224     0.21720     0.27830     0.20761     0.28961     1.50388
    12.73566     0.08259     0.22616     0.19882     0.19414     0.58097     0.48612     0.43781     0.49472     0.58047     3.28180
    12.85866     0.03623     0.08134     0.09131     0.08394     0.20063     0.19945     0.18488     0.19530     0.18468     1.25776
    12.98166     0.04361     0.08832     0.09359     0.09437     0.22585     0.23496     0.19699     0.23536     0.20113     1.41417
    13.10566     0.06097     0.10646     0.10984     0.11099     0.27009     0.29811     0.23418     0.29008     0.24416     1.72489
    13.22866     0.03918     0.07210     0.07360     0.07122     0.19275     0.20064     0.13556     0.19015     0.14702     1.12223
    13.35166     0.01714     0.03563     0.03959     0.03569     0.09577     0.09467     0.06663     0.09049     0.07299     0.54860
    13.47466     0.00489     0.01047     0.01103     0.00862     0.01831     0.01933     0.01460     0.01868     0.01875     0.12468
    13.59766     0.00000     0.00000     0.00000     0.00000     0.00000     0.00000     0.00000     0.00000     0.00000     0.00000
    13.72066     0.00000     0.00000     0.00000     0.00000     0.00000     0.00000     0.00000     0.00000     0.00000     0.00000
    13.84366     0.00000     0.00000     0.00000     0.00000     0.00000     0.00000     0.00000     0.00000     0.00000     0.00000
    13.96666     0.00000     0.00000     0.00000     0.00000     0.00000     0.00000     0.00000     0.00000     0.00000     0.00000
    14.09066     0.00000     0.00000     0.00000     0.00000     0.00000     0.00000     0.00000     0.00000     0.00000     0.00000
    14.21366     0.00000     0.00000     0.00000     0.00000     0.00000     0.00000     0.00000     0.00000     0.00000     0.00000
    14.33666     0.00000     0.00000     0.00000     0.00000     0.00000     0.00000     0.00000     0.00000     0.00000     0.00000
    14.45966     0.00000     0.00000     0.00000     0.00000     0.00000     0.00000     0.00000     0.00000     0.00000     0.00000
    14.58266     0.00000     0.00000     0.00000     0.00000     0.00000     0.00000     0.00000     0.00000     0.00000     0.00000
    14.70566     0.00000     0.00000     0.00000     0.00000     0.00000     0.00000     0.00000     0.00000     0.00000     0.00000
    14.82866     0.00000     0.00000     0.00000     0.00000     0.00000     0.00000     0.00000     0.00000     0.00000     0.00000
    14.95266     0.00000     0.00000     0.00000     0.00000     0.00000     0.00000     0.00000     0.00000     0.00000     0.00000
    15.07566     0.00000     0.00000     0.00000     0.00000     0.00000     0.00000     0.00000     0.00000     0.00000     0.00000
    15.19866     0.00000     0.00000     0.00000     0.00000     0.00000     0.00000     0.00000     0.00000     0.00000     0.00000
    15.32166     0.00000     0.00000     0.00000     0.00000     0.00000     0.00000     0.00000     0.00000     0.00000     0.00000
    15.44466     0.00000     0.00000     0.00000     0.00000     0.00000     0.00000     0.00000     0.00000     0.00000     0.00000
    15.56766     0.00000     0.00000     0.00000     0.00000     0.00000     0.00000     0.00000     0.00000     0.00000     0.00000
