      #Energy        TDOS-UP        TDOS-DOWN
     -21.37234       0.00000       0.00000
     -21.24934       0.00000       0.00000
     -21.12534       0.00000       0.00000
     -21.00234       0.00000       0.00000
     -20.87934       0.00000       0.00000
     -20.75634       0.00000       0.00000
     -20.63334       0.00000       0.00000
     -20.51034       0.00000       0.00000
     -20.38734       0.00000       0.00000
     -20.26434       0.00000       0.00000
     -20.14034       0.00000       0.00000
     -20.01734       0.00000       0.00000
     -19.89434       0.00000       0.00000
     -19.77134       0.00000       0.00000
     -19.64834       0.00000       0.00000
     -19.52534       0.00000       0.00000
     -19.40234       0.00000       0.00000
     -19.27834       2.70500      -2.70800
     -19.15534       2.61100      -2.61200
     -19.03234       2.94200      -2.93500
     -18.90934       1.65900      -1.66600
     -18.78634       1.98500      -1.98700
     -18.66334       2.14300      -2.14900
     -18.54034       1.01300      -1.00000
     -18.41734       0.37380      -0.37870
     -18.29334       0.82610      -0.82980
     -18.17034       3.27700      -3.23500
     -18.04734       1.81200      -1.80700
     -17.92434       4.17700      -4.16400
     -17.80134       1.78900      -1.78600
     -17.67834       1.51700      -1.52100
     -17.55534       1.58100      -1.58400
     -17.43134       6.93100      -1.72000
     -17.30834       1.52200      -1.51500
     -17.18534       1.22400      -1.22100
     -17.06234       2.79900      -2.80900
     -16.93934       2.27400      -2.27200
     -16.81634       2.02800      -2.02600
     -16.69334       3.43300      -3.41700
     -16.57034       1.97000      -1.98500
     -16.44634       2.04200      -2.03200
     -16.32334       1.93800      -1.94500
     -16.20034       2.77300      -2.76000
     -16.07734       2.70300      -2.72900
     -15.95434       1.91500      -2.31700
     -15.83134       6.08400      -6.09100
     -15.70834      10.58000      -8.11800
     -15.58434       8.31200      -6.56100
     -15.46134       6.59500     -10.93000
     -15.33834      11.17000     -10.13000
     -15.21534      32.37000     -16.64000
     -15.09234      14.31000      -7.95500
     -14.96934       4.45600      -2.71400
     -14.84634       2.54000      -2.18000
     -14.72334       2.07700      -1.97700
     -14.59934       1.72400      -1.69800
     -14.47634       2.75000      -2.75700
     -14.35334       2.58500      -2.57900
     -14.23034       3.26700      -3.25100
     -14.10734       1.55800      -1.55700
     -13.98434       1.59100      -1.60600
     -13.86134       3.75700      -3.77300
     -13.73734       2.09600      -2.08800
     -13.61434       1.83400      -1.83200
     -13.49134       1.46200      -1.45800
     -13.36834       0.71410      -0.71540
     -13.24534       1.91200      -1.90400
     -13.12234       1.15300      -1.14800
     -12.99934       1.29300      -1.29400
     -12.87634       1.34600      -1.27000
     -12.75234       2.99700      -3.03700
     -12.62934       2.94600      -2.94100
     -12.50634       2.00900      -2.00200
     -12.38334       1.62500      -1.62400
     -12.26034       2.33100      -2.32800
     -12.13734       2.37800      -2.37400
     -12.01434       2.84700      -2.84500
     -11.89034       2.30700      -2.30000
     -11.76734       6.43000      -6.28600
     -11.64434       1.27000      -1.27000
     -11.52134       1.60400      -1.60900
     -11.39834       2.63800      -2.64300
     -11.27534       2.80400      -2.76300
     -11.15234       2.25700      -2.25700
     -11.02934       2.20500      -2.20500
     -10.90534       1.59400      -1.59100
     -10.78234       1.50800      -1.50700
     -10.65934       2.01400      -2.01700
     -10.53634       3.86300      -3.85200
     -10.41334       1.83500      -1.82900
     -10.29034       1.41200      -1.41500
     -10.16734       2.43000      -2.43900
     -10.04334       2.39500      -2.39400
      -9.92034       2.09200      -2.05900
      -9.79734       2.53300      -2.52700
      -9.67434       1.85600      -1.85000
      -9.55134       2.23700      -2.33100
      -9.42834       2.51500      -2.50600
      -9.30534       1.74100      -1.75100
      -9.18234       3.08100      -3.08800
      -9.05834       7.79000      -7.82800
      -8.93534       3.05400      -3.01500
      -8.81234       0.95210      -0.94050
      -8.68934       0.57630      -0.58040
      -8.56634       2.27400      -2.28400
      -8.44334       3.26200      -3.25800
      -8.32034       2.47400      -2.46800
      -8.19634       5.66500      -5.66100
      -8.07334       2.57900      -2.57300
      -7.95034       2.65500      -2.65400
      -7.82734       2.45000      -2.44900
      -7.70434       4.51300      -4.51500
      -7.58134       3.17500      -3.23500
      -7.45834       7.42000      -7.31400
      -7.33534       3.83700      -3.76200
      -7.21134       5.93400      -5.90800
      -7.08834       4.95000      -4.94500
      -6.96534       7.81900      -7.82200
      -6.84234       5.36100      -5.34900
      -6.71934       7.37800      -7.39500
      -6.59634       5.31200      -5.30200
      -6.47334       4.48100      -4.47100
      -6.34934       5.20600      -5.20000
      -6.22634       4.30100      -4.29400
      -6.10334       4.45900      -4.44100
      -5.98034       6.89900      -6.60200
      -5.85734       6.65400      -4.93900
      -5.73434      36.73000     -43.42000
      -5.61134       4.41500      -1.61800
      -5.48834       3.40800      -7.71600
      -5.36434      18.37000      -9.00900
      -5.24134      23.95000      -5.30300
      -5.11834      12.96000      -6.48600
      -4.99534       5.32900     -34.15000
      -4.87234      39.86000     -11.18000
      -4.74934       8.56700      -9.46900
      -4.62634      10.55000     -12.51000
      -4.50234      10.07000     -17.78000
      -4.37934      20.32000     -12.62000
      -4.25634      12.73000     -18.31000
      -4.13334       8.12100     -18.32000
      -4.01034      12.73000     -19.77000
      -3.88734      13.94000     -14.44000
      -3.76434      27.29000      -5.78200
      -3.64134      27.12000     -31.18000
      -3.51734      10.96000     -10.44000
      -3.39434      15.88000     -17.49000
      -3.27134      16.79000     -11.24000
      -3.14834       7.87900     -12.45000
      -3.02534      20.38000     -17.90000
      -2.90234      22.15000     -18.38000
      -2.77934       8.09400     -12.86000
      -2.65534      21.32000     -11.81000
      -2.53234       6.94900      -6.27700
      -2.40934       9.75900     -18.52000
      -2.28634      16.05000      -6.74100
      -2.16334      22.75000     -17.53000
      -2.04034      11.84000     -10.53000
      -1.91734      18.52000      -2.99000
      -1.79434       4.09800      -2.26500
      -1.67034       4.86900      -4.95100
      -1.54734       2.93200      -2.83500
      -1.42434       1.31300      -1.29200
      -1.30134       0.66180      -0.66100
      -1.17834       1.46400      -1.45200
      -1.05534       1.13100      -1.12700
      -0.93234       1.16700      -1.16400
      -0.80834       1.04300      -1.03900
      -0.68534       0.87560      -0.86410
      -0.56234       1.39700      -1.39700
      -0.43934       0.92770      -0.91460
      -0.31634       0.83770      -0.79250
      -0.19334       1.34400      -1.04600
      -0.07034       0.72580      -0.46150
       0.05266      84.49000      -0.30790
       0.17666       5.95400      -0.16360
       0.29966      27.02000      -0.01940
       0.42266       0.91540      -1.04700
       0.54566       1.92700      -1.90400
       0.66866       1.10400      -1.10300
       0.79166       1.13100      -1.13200
       0.91466       1.36500      -1.37800
       1.03766       1.63100      -1.69000
       1.16166       2.06500      -2.18800
       1.28466       2.19600      -2.19700
       1.40766       2.96000      -2.94000
       1.53066       1.78500      -1.83600
       1.65366       0.93340      -1.46200
       1.77666       0.89090     -18.62000
       1.89966       1.76800     -16.25000
       2.02366       1.70900     -49.98000
       2.14666       1.71400     -10.92000
       2.26966       1.47400     -19.97000
       2.39266       1.64800     -60.31000
       2.51566       1.52900      -3.04400
       2.63866       1.56200      -2.62900
       2.76166       1.30800      -1.42100
       2.88466       2.83100      -5.30300
       3.00866       1.12900      -1.14000
       3.13166       0.93400      -0.93250
       3.25466       0.81090      -0.79410
       3.37766       3.10200      -3.03100
       3.50066       2.06700      -2.04500
       3.62366       1.31500      -1.34300
       3.74666       1.94200      -1.09200
       3.87066       2.03500      -1.95200
       3.99366       1.95100      -1.54800
       4.11666       4.24700      -2.74200
       4.23966       5.65900      -4.85800
       4.36266       6.07600      -6.19100
       4.48566       5.53400      -5.89300
       4.60866       4.27500      -3.62600
       4.73166       6.31100      -5.77200
       4.85566      10.10000      -5.14900
       4.97866       9.72800      -4.59900
       5.10166       9.77400      -5.90200
       5.22466       7.18400     -10.24000
       5.34766      10.72000     -13.45000
       5.47066      13.40000     -11.55000
       5.59366      10.45000     -11.25000
       5.71766      14.52000     -13.80000
       5.84066      11.67000     -29.12000
       5.96366       9.13300     -13.13000
       6.08666      12.08000     -16.80000
       6.20966      22.06000     -17.96000
       6.33266      14.79000      -9.77600
       6.45566      15.83000     -15.08000
       6.57866      15.34000     -19.15000
       6.70266      11.76000     -17.69000
       6.82566      19.90000     -21.08000
       6.94866      25.14000     -13.73000
       7.07166      18.08000     -20.18000
       7.19466      14.44000     -15.61000
       7.31766      16.86000     -19.28000
       7.44066      23.63000     -17.45000
       7.56466      21.07000     -14.36000
       7.68766      17.23000     -20.79000
       7.81066      19.90000     -22.61000
       7.93366      25.76000     -27.62000
       8.05666      22.10000     -66.16000
       8.17966      17.08000     -21.46000
       8.30266      19.94000     -23.67000
       8.42566      20.68000     -31.72000
       8.54966      20.51000     -17.23000
       8.67266      20.93000     -23.24000
       8.79566      20.12000     -28.10000
       8.91866      21.38000     -24.60000
       9.04166      27.69000     -21.97000
       9.16466      31.15000     -26.95000
       9.28766      23.61000     -31.53000
       9.41166      31.69000     -39.36000
       9.53466      27.74000     -20.76000
       9.65766      26.07000     -23.84000
       9.78066      19.67000     -24.10000
       9.90366      21.95000     -22.18000
      10.02666      24.16000     -21.91000
      10.14966      27.30000     -22.74000
      10.27266      17.33000     -17.11000
      10.39666      22.39000     -21.14000
      10.51966      28.83000     -22.92000
      10.64266      25.60000     -23.59000
      10.76566      22.84000     -23.86000
      10.88866      17.62000     -23.33000
      11.01166      19.43000     -21.52000
      11.13466      26.04000     -24.88000
      11.25866      22.15000     -22.98000
      11.38166      22.04000     -30.60000
      11.50466      25.09000     -30.81000
      11.62766      21.88000     -25.66000
      11.75066      22.24000     -23.97000
      11.87366      27.56000     -23.89000
      11.99666      25.46000     -24.63000
      12.11966      26.41000     -28.26000
      12.24366      23.55000     -24.56000
      12.36666      24.54000     -25.49000
      12.48966      25.27000     -24.19000
      12.61266      22.20000     -22.62000
      12.73566      50.71000     -24.61000
      12.85866      22.05000     -27.89000
      12.98166      24.44000     -27.67000
      13.10566      27.67000     -20.70000
      13.22866      18.05000     -28.31000
      13.35166       9.04600     -12.22000
      13.47466       2.61900      -3.96800
      13.59766       0.00000       0.00000
      13.72066       0.00000       0.00000
      13.84366       0.00000       0.00000
      13.96666       0.00000       0.00000
      14.09066       0.00000       0.00000
      14.21366       0.00000       0.00000
      14.33666       0.00000       0.00000
      14.45966       0.00000       0.00000
      14.58266       0.00000       0.00000
      14.70566       0.00000       0.00000
      14.82866       0.00000       0.00000
      14.95266       0.00000       0.00000
      15.07566       0.00000       0.00000
      15.19866       0.00000       0.00000
      15.32166       0.00000       0.00000
      15.44466       0.00000       0.00000
      15.56766       0.00000       0.00000
