1	-.86116070E+03
2	-.86113962E+03
3	-.86107586E+03
4	-.86097095E+03
5	-.86082595E+03
6	-.86064120E+03
7	-.86042089E+03
8	-.86016643E+03
9	-.85988218E+03
10	-.85957016E+03
11	-.85923216E+03
12	-.85888021E+03
13	-.85850859E+03
14	-.85812086E+03
15	-.85773085E+03
16	-.85733130E+03
17	-.85692882E+03
18	-.85652573E+03
19	-.85612296E+03
20	-.85572916E+03
21	-.85533889E+03
22	-.85495451E+03
23	-.85458201E+03
24	-.85421762E+03
25	-.85386232E+03
26	-.85351909E+03
27	-.85318643E+03
28	-.85286275E+03
29	-.85255129E+03
30	-.85224883E+03
31	-.85195432E+03
32	-.85166868E+03
33	-.85139212E+03
34	-.85112138E+03
35	-.85085705E+03
36	-.85059837E+03
37	-.85034574E+03
38	-.85009817E+03
39	-.84985878E+03
40	-.84962596E+03
41	-.84940159E+03
42	-.84918676E+03
43	-.84898463E+03
44	-.84879464E+03
45	-.84861819E+03
46	-.84845710E+03
47	-.84831350E+03
48	-.84818774E+03
49	-.84807942E+03
50	-.84798835E+03
51	-.84791984E+03
52	-.84786810E+03
53	-.84783466E+03
54	-.84781952E+03
55	-.84782608E+03
56	-.84784815E+03
57	-.84788617E+03
58	-.84794187E+03
59	-.84801159E+03
60	-.84809252E+03
61	-.84818699E+03
62	-.84828904E+03
63	-.84839558E+03
64	-.84850789E+03
65	-.84861827E+03
66	-.84872327E+03
67	-.84882044E+03
68	-.84890418E+03
69	-.84896812E+03
70	-.84901202E+03
71	-.84902800E+03
72	-.84901220E+03
73	-.84896574E+03
74	-.84888474E+03
75	-.84876861E+03
76	-.84862239E+03
77	-.84844679E+03
78	-.84824755E+03
79	-.84803046E+03
80	-.84780420E+03
81	-.84757585E+03
82	-.84735193E+03
83	-.84714074E+03
84	-.84694886E+03
85	-.84678118E+03
86	-.84664913E+03
87	-.84655000E+03
88	-.84648770E+03
89	-.84646638E+03
90	-.84648403E+03
91	-.84653855E+03
92	-.84663124E+03
93	-.84675637E+03
94	-.84691069E+03
95	-.84709032E+03
96	-.84728684E+03
97	-.84750472E+03
98	-.84772850E+03
99	-.84795543E+03
100	-.84818264E+03
101	-.84840206E+03
102	-.84860897E+03
103	-.84880242E+03
104	-.84897484E+03
105	-.84912518E+03
106	-.84924987E+03
107	-.84935143E+03
108	-.84942651E+03
109	-.84947702E+03
110	-.84950434E+03
111	-.84951472E+03
112	-.84950750E+03
113	-.84948632E+03
114	-.84945784E+03
115	-.84942479E+03
116	-.84938942E+03
117	-.84935486E+03
118	-.84932678E+03
119	-.84930512E+03
120	-.84929247E+03
121	-.84929057E+03
122	-.84930261E+03
123	-.84932767E+03
124	-.84936631E+03
125	-.84941968E+03
126	-.84948626E+03
127	-.84956698E+03
128	-.84966097E+03
129	-.84976545E+03
130	-.84988286E+03
131	-.85000729E+03
132	-.85014034E+03
133	-.85027600E+03
134	-.85041811E+03
135	-.85055859E+03
136	-.85069609E+03
137	-.85082666E+03
138	-.85095461E+03
139	-.85106861E+03
140	-.85116844E+03
141	-.85125125E+03
142	-.85131882E+03
143	-.85136497E+03
144	-.85139032E+03
145	-.85139394E+03
146	-.85138079E+03
147	-.85134697E+03
148	-.85129486E+03
149	-.85123042E+03
150	-.85115332E+03
151	-.85106877E+03
152	-.85097788E+03
153	-.85089031E+03
154	-.85080438E+03
155	-.85072532E+03
156	-.85065654E+03
157	-.85060674E+03
158	-.85057140E+03
159	-.85055496E+03
160	-.85055930E+03
161	-.85058511E+03
162	-.85063042E+03
163	-.85069334E+03
164	-.85077230E+03
165	-.85087492E+03
166	-.85098198E+03
167	-.85109167E+03
168	-.85121200E+03
169	-.85132673E+03
170	-.85143240E+03
171	-.85153376E+03
172	-.85161813E+03
173	-.85168302E+03
174	-.85173163E+03
175	-.85175600E+03
176	-.85175526E+03
177	-.85173242E+03
178	-.85168504E+03
179	-.85161374E+03
180	-.85152102E+03
181	-.85141730E+03
182	-.85129558E+03
183	-.85116408E+03
184	-.85102595E+03
185	-.85088760E+03
186	-.85075106E+03
187	-.85061963E+03
188	-.85049694E+03
189	-.85039041E+03
190	-.85029781E+03
191	-.85022153E+03
192	-.85016391E+03
193	-.85012480E+03
194	-.85010802E+03
195	-.85010997E+03
196	-.85013069E+03
197	-.85017104E+03
198	-.85022872E+03
199	-.85030200E+03
200	-.85038722E+03
201	-.85048662E+03
202	-.85059330E+03
203	-.85070445E+03
204	-.85082063E+03
205	-.85093533E+03
206	-.85104684E+03
207	-.85115003E+03
208	-.85124635E+03
209	-.85132908E+03
210	-.85139707E+03
211	-.85144961E+03
212	-.85148557E+03
213	-.85150300E+03
214	-.85150155E+03
215	-.85148791E+03
216	-.85145655E+03
217	-.85141073E+03
218	-.85135166E+03
219	-.85128095E+03
220	-.85120853E+03
221	-.85112680E+03
222	-.85104203E+03
223	-.85095508E+03
224	-.85086765E+03
225	-.85078966E+03
226	-.85071329E+03
227	-.85063993E+03
228	-.85058287E+03
229	-.85053199E+03
230	-.85049211E+03
231	-.85046353E+03
232	-.85044648E+03
233	-.85044551E+03
234	-.85045421E+03
235	-.85047261E+03
236	-.85050091E+03
237	-.85053441E+03
238	-.85057106E+03
239	-.85060575E+03
240	-.85063749E+03
241	-.85065926E+03
242	-.85066773E+03
243	-.85065865E+03
244	-.85063058E+03
245	-.85058020E+03
246	-.85050329E+03
247	-.85040226E+03
248	-.85027478E+03
249	-.85012370E+03
250	-.84994971E+03
251	-.84975896E+03
252	-.84955280E+03
253	-.84933608E+03
254	-.84911426E+03
255	-.84889279E+03
256	-.84867521E+03
257	-.84846632E+03
258	-.84827125E+03
259	-.84809202E+03
260	-.84793131E+03
261	-.84779372E+03
262	-.84767876E+03
263	-.84758785E+03
264	-.84752094E+03
265	-.84747923E+03
266	-.84746224E+03
267	-.84746439E+03
268	-.84749197E+03
269	-.84753601E+03
270	-.84759418E+03
271	-.84767038E+03
272	-.84775524E+03
273	-.84784759E+03
274	-.84794401E+03
275	-.84804099E+03
276	-.84813950E+03
277	-.84823094E+03
278	-.84831417E+03
279	-.84838396E+03
280	-.84845217E+03
281	-.84850277E+03
282	-.84854020E+03
283	-.84856546E+03
284	-.84857831E+03
285	-.84857998E+03
286	-.84857635E+03
287	-.84856632E+03
288	-.84855263E+03
289	-.84853802E+03
290	-.84852841E+03
291	-.84852281E+03
292	-.84852366E+03
293	-.84853534E+03
294	-.84855675E+03
295	-.84858900E+03
296	-.84863482E+03
297	-.84869306E+03
298	-.84876152E+03
299	-.84884500E+03
300	-.84893812E+03
301	-.84904118E+03
302	-.84915262E+03
303	-.84927229E+03
304	-.84939898E+03
305	-.84952882E+03
306	-.84966078E+03
307	-.84979436E+03
308	-.84992655E+03
309	-.85005339E+03
310	-.85017716E+03
311	-.85029165E+03
312	-.85039520E+03
313	-.85048862E+03
314	-.85056740E+03
315	-.85063192E+03
316	-.85067964E+03
317	-.85071021E+03
318	-.85072330E+03
319	-.85071915E+03
320	-.85069818E+03
321	-.85066352E+03
322	-.85061379E+03
323	-.85055202E+03
324	-.85047880E+03
325	-.85040450E+03
326	-.85032365E+03
327	-.85023944E+03
328	-.85016266E+03
329	-.85008826E+03
330	-.85002129E+03
331	-.84996352E+03
332	-.84991702E+03
333	-.84988840E+03
334	-.84987206E+03
335	-.84987224E+03
336	-.84988686E+03
337	-.84992074E+03
338	-.84996893E+03
339	-.85003117E+03
340	-.85010979E+03
341	-.85019871E+03
342	-.85029687E+03
343	-.85040417E+03
344	-.85051521E+03
345	-.85062787E+03
346	-.85073895E+03
347	-.85084640E+03
348	-.85094768E+03
349	-.85103744E+03
350	-.85111767E+03
351	-.85118342E+03
352	-.85123503E+03
353	-.85127099E+03
354	-.85129142E+03
355	-.85129727E+03
356	-.85129595E+03
357	-.85128075E+03
358	-.85125660E+03
359	-.85122866E+03
360	-.85119683E+03
361	-.85116396E+03
362	-.85113141E+03
363	-.85110881E+03
364	-.85108909E+03
365	-.85107694E+03
366	-.85107296E+03
367	-.85107779E+03
368	-.85109211E+03
369	-.85111676E+03
370	-.85114965E+03
371	-.85118855E+03
372	-.85123627E+03
373	-.85128779E+03
374	-.85134156E+03
375	-.85139954E+03
376	-.85145659E+03
377	-.85151101E+03
378	-.85156092E+03
379	-.85161063E+03
380	-.85165078E+03
381	-.85168308E+03
382	-.85170459E+03
383	-.85171195E+03
384	-.85171909E+03
385	-.85170858E+03
386	-.85168609E+03
387	-.85165133E+03
388	-.85160477E+03
389	-.85155328E+03
390	-.85149021E+03
391	-.85141894E+03
392	-.85134368E+03
393	-.85126398E+03
394	-.85118155E+03
395	-.85109822E+03
396	-.85102006E+03
397	-.85094306E+03
398	-.85087078E+03
399	-.85080636E+03
400	-.85074879E+03
401	-.85070005E+03
402	-.85066142E+03
403	-.85063384E+03
404	-.85061861E+03
405	-.85061361E+03
406	-.85062400E+03
407	-.85064514E+03
408	-.85067731E+03
409	-.85072433E+03
410	-.85078051E+03
411	-.85084669E+03
412	-.85092055E+03
413	-.85100123E+03
414	-.85108527E+03
415	-.85116979E+03
416	-.85125474E+03
417	-.85133554E+03
418	-.85140723E+03
419	-.85147296E+03
420	-.85152525E+03
421	-.85156288E+03
422	-.85158329E+03
423	-.85159202E+03
424	-.85158072E+03
425	-.85155138E+03
426	-.85150690E+03
427	-.85144643E+03
428	-.85137197E+03
429	-.85128735E+03
430	-.85119337E+03
431	-.85109298E+03
432	-.85098946E+03
433	-.85088702E+03
434	-.85078873E+03
435	-.85069477E+03
436	-.85061233E+03
437	-.85053953E+03
438	-.85047953E+03
439	-.85043358E+03
440	-.85040258E+03
441	-.85038546E+03
442	-.85038608E+03
443	-.85039688E+03
444	-.85041796E+03
445	-.85044555E+03
446	-.85048519E+03
447	-.85052502E+03
448	-.85056468E+03
449	-.85060435E+03
450	-.85063863E+03
451	-.85066599E+03
452	-.85068453E+03
453	-.85069453E+03
454	-.85069298E+03
455	-.85067961E+03
456	-.85065500E+03
457	-.85061737E+03
458	-.85057184E+03
459	-.85051607E+03
460	-.85045288E+03
461	-.85038354E+03
462	-.85031523E+03
463	-.85024484E+03
464	-.85017585E+03
465	-.85011389E+03
466	-.85005714E+03
467	-.85000924E+03
468	-.84997005E+03
469	-.84994228E+03
470	-.84992411E+03
471	-.84991563E+03
472	-.84991638E+03
473	-.84992756E+03
474	-.84994598E+03
475	-.84997086E+03
476	-.85000140E+03
477	-.85003547E+03
478	-.85007130E+03
479	-.85011480E+03
480	-.85015719E+03
481	-.85019878E+03
482	-.85024289E+03
483	-.85028439E+03
484	-.85032333E+03
485	-.85036115E+03
486	-.85039348E+03
487	-.85041930E+03
488	-.85043936E+03
489	-.85045162E+03
490	-.85045182E+03
491	-.85044438E+03
492	-.85042309E+03
493	-.85038833E+03
494	-.85034160E+03
495	-.85028160E+03
496	-.85020775E+03
497	-.85012117E+03
498	-.85002938E+03
499	-.84992641E+03
500	-.84981636E+03
501	-.84970365E+03
502	-.84958850E+03
503	-.84947371E+03
504	-.84936219E+03
505	-.84925860E+03
506	-.84916219E+03
507	-.84907349E+03
508	-.84900050E+03
509	-.84893918E+03
510	-.84889195E+03
511	-.84886136E+03
512	-.84884684E+03
513	-.84884689E+03
514	-.84886594E+03
515	-.84889892E+03
516	-.84894559E+03
517	-.84900558E+03
518	-.84907600E+03
519	-.84915266E+03
520	-.84923887E+03
521	-.84932662E+03
522	-.84941460E+03
523	-.84950236E+03
524	-.84958596E+03
525	-.84966230E+03
526	-.84973548E+03
527	-.84979900E+03
528	-.84985310E+03
529	-.84989907E+03
530	-.84993735E+03
531	-.84996889E+03
532	-.84999335E+03
533	-.85001319E+03
534	-.85002971E+03
535	-.85004473E+03
536	-.85005889E+03
537	-.85007229E+03
538	-.85009788E+03
539	-.85012448E+03
540	-.85015525E+03
541	-.85020070E+03
542	-.85025323E+03
543	-.85031461E+03
544	-.85039152E+03
545	-.85047827E+03
546	-.85057606E+03
547	-.85068596E+03
548	-.85080552E+03
549	-.85093315E+03
550	-.85107162E+03
551	-.85121426E+03
552	-.85136059E+03
553	-.85150833E+03
554	-.85165848E+03
555	-.85180542E+03
556	-.85194771E+03
557	-.85208543E+03
558	-.85221583E+03
559	-.85233771E+03
560	-.85244844E+03
561	-.85255152E+03
562	-.85264258E+03
563	-.85272221E+03
564	-.85279015E+03
565	-.85285131E+03
566	-.85290090E+03
567	-.85294139E+03
568	-.85297494E+03
569	-.85300128E+03
570	-.85302148E+03
571	-.85304054E+03
572	-.85305497E+03
573	-.85306731E+03
574	-.85307806E+03
575	-.85309216E+03
576	-.85310592E+03
577	-.85312043E+03
578	-.85314051E+03
579	-.85316321E+03
580	-.85318934E+03
581	-.85321884E+03
582	-.85325398E+03
583	-.85329222E+03
584	-.85333388E+03
585	-.85337949E+03
586	-.85342716E+03
587	-.85347566E+03
588	-.85352476E+03
589	-.85357360E+03
590	-.85362021E+03
591	-.85366251E+03
592	-.85369859E+03
593	-.85372713E+03
594	-.85374547E+03
595	-.85375267E+03
596	-.85374830E+03
597	-.85372910E+03
598	-.85369516E+03
599	-.85364801E+03
600	-.85358417E+03
601	-.85350497E+03
602	-.85341418E+03
603	-.85330973E+03
604	-.85319401E+03
605	-.85307128E+03
606	-.85294170E+03
607	-.85280803E+03
608	-.85267277E+03
609	-.85254107E+03
610	-.85241409E+03
611	-.85229246E+03
612	-.85217964E+03
613	-.85207702E+03
614	-.85198549E+03
615	-.85191275E+03
616	-.85185278E+03
617	-.85180711E+03
618	-.85178028E+03
619	-.85176870E+03
620	-.85177219E+03
621	-.85179012E+03
622	-.85182096E+03
623	-.85186306E+03
624	-.85191465E+03
625	-.85197241E+03
626	-.85203365E+03
627	-.85209579E+03
628	-.85215761E+03
629	-.85221496E+03
630	-.85226584E+03
631	-.85230845E+03
632	-.85233987E+03
633	-.85236332E+03
634	-.85237464E+03
635	-.85237495E+03
636	-.85236456E+03
637	-.85234747E+03
638	-.85232186E+03
639	-.85228879E+03
640	-.85225276E+03
641	-.85221359E+03
642	-.85217358E+03
643	-.85213315E+03
644	-.85209630E+03
645	-.85206160E+03
646	-.85203066E+03
647	-.85200399E+03
648	-.85198362E+03
649	-.85196882E+03
650	-.85196057E+03
651	-.85195658E+03
652	-.85195707E+03
653	-.85196584E+03
654	-.85197745E+03
655	-.85199227E+03
656	-.85201203E+03
657	-.85203299E+03
658	-.85205463E+03
659	-.85207914E+03
660	-.85210086E+03
661	-.85211922E+03
662	-.85213330E+03
663	-.85214510E+03
664	-.85214710E+03
665	-.85214058E+03
666	-.85212220E+03
667	-.85209378E+03
668	-.85205099E+03
669	-.85199320E+03
670	-.85192175E+03
671	-.85183505E+03
672	-.85173346E+03
673	-.85161860E+03
674	-.85149131E+03
675	-.85135335E+03
676	-.85120826E+03
677	-.85105668E+03
678	-.85090264E+03
679	-.85074822E+03
680	-.85059567E+03
681	-.85044797E+03
682	-.85031336E+03
683	-.85018784E+03
684	-.85007479E+03
685	-.84998031E+03
686	-.84990255E+03
687	-.84984321E+03
688	-.84980588E+03
689	-.84978931E+03
690	-.84979209E+03
691	-.84981758E+03
692	-.84986145E+03
693	-.84992174E+03
694	-.84999981E+03
695	-.85008895E+03
696	-.85018611E+03
697	-.85029008E+03
698	-.85039394E+03
699	-.85049397E+03
700	-.85059134E+03
701	-.85067669E+03
702	-.85074867E+03
703	-.85080529E+03
704	-.85084969E+03
705	-.85087566E+03
706	-.85088673E+03
707	-.85088267E+03
708	-.85086345E+03
709	-.85084617E+03
710	-.85081722E+03
711	-.85078590E+03
712	-.85075498E+03
713	-.85072677E+03
714	-.85070432E+03
715	-.85068948E+03
716	-.85068363E+03
717	-.85068713E+03
718	-.85070258E+03
719	-.85072962E+03
720	-.85076737E+03
721	-.85081456E+03
722	-.85087127E+03
723	-.85093651E+03
724	-.85100918E+03
725	-.85108785E+03
726	-.85117014E+03
727	-.85125705E+03
728	-.85134382E+03
729	-.85142896E+03
730	-.85151165E+03
731	-.85159013E+03
732	-.85165989E+03
733	-.85172424E+03
734	-.85177789E+03
735	-.85182015E+03
736	-.85185053E+03
737	-.85186789E+03
738	-.85187694E+03
739	-.85187094E+03
740	-.85185338E+03
741	-.85182361E+03
742	-.85178687E+03
743	-.85174047E+03
744	-.85168778E+03
745	-.85162950E+03
746	-.85156607E+03
747	-.85150760E+03
748	-.85144650E+03
749	-.85138759E+03
750	-.85133127E+03
751	-.85128274E+03
752	-.85123931E+03
753	-.85120247E+03
754	-.85117594E+03
755	-.85115752E+03
756	-.85114855E+03
757	-.85114883E+03
758	-.85116098E+03
759	-.85118196E+03
760	-.85121139E+03
761	-.85125168E+03
762	-.85129962E+03
763	-.85135383E+03
764	-.85141512E+03
765	-.85148164E+03
766	-.85155176E+03
767	-.85162392E+03
768	-.85169506E+03
769	-.85176686E+03
770	-.85183446E+03
771	-.85189644E+03
772	-.85195039E+03
773	-.85200191E+03
774	-.85204117E+03
775	-.85207023E+03
776	-.85208776E+03
777	-.85209685E+03
778	-.85209463E+03
779	-.85208258E+03
780	-.85206140E+03
781	-.85203848E+03
782	-.85200953E+03
783	-.85197684E+03
784	-.85194929E+03
785	-.85192287E+03
786	-.85190118E+03
787	-.85188778E+03
788	-.85188161E+03
789	-.85188688E+03
790	-.85190189E+03
791	-.85192687E+03
792	-.85196153E+03
793	-.85200680E+03
794	-.85206185E+03
795	-.85211953E+03
796	-.85218766E+03
797	-.85225648E+03
798	-.85232453E+03
799	-.85239485E+03
800	-.85246085E+03
801	-.85252102E+03
802	-.85257407E+03
803	-.85261730E+03
804	-.85264977E+03
805	-.85267090E+03
806	-.85267880E+03
807	-.85267362E+03
808	-.85265333E+03
809	-.85261830E+03
810	-.85257077E+03
811	-.85251035E+03
812	-.85243696E+03
813	-.85235244E+03
814	-.85226654E+03
815	-.85217045E+03
816	-.85206786E+03
817	-.85196656E+03
818	-.85186312E+03
819	-.85176122E+03
820	-.85166195E+03
821	-.85156455E+03
822	-.85147964E+03
823	-.85139841E+03
824	-.85132324E+03
825	-.85125990E+03
826	-.85120363E+03
827	-.85115492E+03
828	-.85111699E+03
829	-.85108601E+03
830	-.85106153E+03
831	-.85104465E+03
832	-.85103298E+03
833	-.85102507E+03
834	-.85101923E+03
835	-.85101564E+03
836	-.85101116E+03
837	-.85100424E+03
838	-.85099357E+03
839	-.85098220E+03
840	-.85096386E+03
841	-.85093773E+03
842	-.85090754E+03
843	-.85087007E+03
844	-.85082514E+03
845	-.85077360E+03
846	-.85071568E+03
847	-.85065276E+03
848	-.85058667E+03
849	-.85051881E+03
850	-.85044808E+03
851	-.85037777E+03
852	-.85030886E+03
853	-.85024137E+03
854	-.85018030E+03
855	-.85012321E+03
856	-.85007178E+03
857	-.85003020E+03
858	-.84999557E+03
859	-.84996924E+03
860	-.84995017E+03
861	-.84994425E+03
862	-.84994400E+03
863	-.84994895E+03
864	-.84996344E+03
865	-.84998044E+03
866	-.84999864E+03
867	-.85001961E+03
868	-.85003783E+03
869	-.85005168E+03
870	-.85006194E+03
871	-.85006430E+03
872	-.85005855E+03
873	-.85004441E+03
874	-.85002100E+03
875	-.84999163E+03
876	-.84995371E+03
877	-.84990913E+03
878	-.84986080E+03
879	-.84980933E+03
880	-.84975577E+03
881	-.84970196E+03
882	-.84965232E+03
883	-.84960350E+03
884	-.84955715E+03
885	-.84951740E+03
886	-.84948078E+03
887	-.84944853E+03
888	-.84942307E+03
889	-.84940222E+03
890	-.84938628E+03
891	-.84937575E+03
892	-.84937218E+03
893	-.84937446E+03
894	-.84938151E+03
895	-.84939548E+03
896	-.84941421E+03
897	-.84943726E+03
898	-.84946507E+03
899	-.84950022E+03
900	-.84953762E+03
901	-.84957723E+03
902	-.84962158E+03
903	-.84966694E+03
904	-.84971341E+03
905	-.84975929E+03
906	-.84980185E+03
907	-.84985077E+03
908	-.84989319E+03
909	-.84993273E+03
910	-.84996813E+03
911	-.84999900E+03
912	-.85003013E+03
913	-.85005512E+03
914	-.85007483E+03
915	-.85009393E+03
916	-.85010924E+03
917	-.85012200E+03
918	-.85013280E+03
919	-.85014252E+03
920	-.85015543E+03
921	-.85016667E+03
922	-.85017963E+03
923	-.85019378E+03
924	-.85020741E+03
925	-.85023000E+03
926	-.85025157E+03
927	-.85027393E+03
928	-.85029393E+03
929	-.85033326E+03
930	-.85036679E+03
931	-.85040351E+03
932	-.85044336E+03
933	-.85048653E+03
934	-.85053458E+03
935	-.85058799E+03
936	-.85064359E+03
937	-.85070352E+03
938	-.85076556E+03
939	-.85082793E+03
940	-.85089233E+03
941	-.85095440E+03
942	-.85101397E+03
943	-.85106676E+03
944	-.85111634E+03
945	-.85115676E+03
946	-.85118862E+03
947	-.85121270E+03
948	-.85122866E+03
949	-.85123635E+03
950	-.85123823E+03
951	-.85123346E+03
952	-.85122749E+03
953	-.85121843E+03
954	-.85120868E+03
955	-.85120125E+03
956	-.85119628E+03
957	-.85119283E+03
958	-.85119617E+03
959	-.85120188E+03
960	-.85120998E+03
961	-.85122299E+03
962	-.85123691E+03
963	-.85125332E+03
964	-.85126949E+03
965	-.85128468E+03
966	-.85129836E+03
967	-.85131081E+03
968	-.85132037E+03
969	-.85132629E+03
970	-.85132972E+03
971	-.85133136E+03
972	-.85132933E+03
973	-.85132495E+03
974	-.85131859E+03
975	-.85131203E+03
976	-.85130560E+03
977	-.85129802E+03
978	-.85128997E+03
979	-.85128176E+03
980	-.85127444E+03
981	-.85126665E+03
982	-.85125818E+03
983	-.85125259E+03
984	-.85124402E+03
985	-.85123364E+03
986	-.85122382E+03
987	-.85121109E+03
988	-.85119587E+03
989	-.85117772E+03
990	-.85115974E+03
991	-.85114014E+03
992	-.85111854E+03
993	-.85109553E+03
994	-.85107211E+03
995	-.85104917E+03
996	-.85102764E+03
997	-.85100864E+03
998	-.85099296E+03
999	-.85098139E+03
1000	-.85097438E+03
1001	-.85097311E+03
1002	-.85097974E+03
1003	-.85099128E+03
1004	-.85100806E+03
1005	-.85102951E+03
1006	-.85105721E+03
1007	-.85108699E+03
1008	-.85111919E+03
1009	-.85115127E+03
1010	-.85118180E+03
1011	-.85120952E+03
1012	-.85123323E+03
1013	-.85125213E+03
1014	-.85126446E+03
1015	-.85126961E+03
1016	-.85126829E+03
1017	-.85125875E+03
1018	-.85124152E+03
1019	-.85121643E+03
1020	-.85118683E+03
1021	-.85114934E+03
1022	-.85110534E+03
1023	-.85105498E+03
1024	-.85100030E+03
1025	-.85094050E+03
1026	-.85087714E+03
1027	-.85081082E+03
1028	-.85074403E+03
1029	-.85067871E+03
1030	-.85061410E+03
1031	-.85055442E+03
1032	-.85049774E+03
1033	-.85044459E+03
1034	-.85039892E+03
1035	-.85035752E+03
1036	-.85032059E+03
1037	-.85028674E+03
1038	-.85025660E+03
1039	-.85022724E+03
1040	-.85019729E+03
1041	-.85016503E+03
1042	-.85012941E+03
1043	-.85008972E+03
1044	-.85004526E+03
1045	-.84999654E+03
1046	-.84994140E+03
1047	-.84988009E+03
1048	-.84981328E+03
1049	-.84974139E+03
1050	-.84966574E+03
1051	-.84959045E+03
1052	-.84951153E+03
1053	-.84943142E+03
1054	-.84935435E+03
1055	-.84927840E+03
1056	-.84920475E+03
1057	-.84913737E+03
1058	-.84907495E+03
1059	-.84901871E+03
1060	-.84896882E+03
1061	-.84892476E+03
1062	-.84889214E+03
1063	-.84886430E+03
1064	-.84884258E+03
1065	-.84882973E+03
1066	-.84882226E+03
1067	-.84882062E+03
1068	-.84882290E+03
1069	-.84882758E+03
1070	-.84884283E+03
1071	-.84885750E+03
1072	-.84887427E+03
1073	-.84889175E+03
1074	-.84890910E+03
1075	-.84893360E+03
1076	-.84895502E+03
1077	-.84897738E+03
1078	-.84899816E+03
1079	-.84902242E+03
1080	-.84904560E+03
1081	-.84906985E+03
1082	-.84909367E+03
1083	-.84912039E+03
1084	-.84914692E+03
1085	-.84917318E+03
1086	-.84919857E+03
1087	-.84923048E+03
1088	-.84925886E+03
1089	-.84928750E+03
1090	-.84931439E+03
1091	-.84934245E+03
1092	-.84936807E+03
1093	-.84939125E+03
1094	-.84941263E+03
1095	-.84943126E+03
1096	-.84944529E+03
1097	-.84945529E+03
1098	-.84945898E+03
1099	-.84945582E+03
1100	-.84944493E+03
1101	-.84942763E+03
1102	-.84940378E+03
1103	-.84937251E+03
1104	-.84933418E+03
1105	-.84928808E+03
1106	-.84924554E+03
1107	-.84919787E+03
1108	-.84915025E+03
1109	-.84910405E+03
1110	-.84906438E+03
1111	-.84903039E+03
1112	-.84900410E+03
1113	-.84898864E+03
1114	-.84898319E+03
1115	-.84898829E+03
1116	-.84900350E+03
1117	-.84902781E+03
1118	-.84906026E+03
1119	-.84909850E+03
1120	-.84914047E+03
1121	-.84918198E+03
1122	-.84922303E+03
1123	-.84925947E+03
1124	-.84928856E+03
1125	-.84930938E+03
1126	-.84932309E+03
1127	-.84933014E+03
1128	-.84932431E+03
1129	-.84931312E+03
1130	-.84929154E+03
1131	-.84926216E+03
1132	-.84922808E+03
1133	-.84918895E+03
1134	-.84914575E+03
1135	-.84910407E+03
1136	-.84906098E+03
1137	-.84901900E+03
1138	-.84898008E+03
1139	-.84894748E+03
1140	-.84891978E+03
1141	-.84889776E+03
1142	-.84888354E+03
1143	-.84887530E+03
1144	-.84887779E+03
1145	-.84888733E+03
1146	-.84890496E+03
1147	-.84893070E+03
1148	-.84896573E+03
1149	-.84900811E+03
1150	-.84905689E+03
1151	-.84911064E+03
1152	-.84916840E+03
1153	-.84923347E+03
1154	-.84929866E+03
1155	-.84936353E+03
1156	-.84942419E+03
1157	-.84949329E+03
1158	-.84955299E+03
1159	-.84960767E+03
1160	-.84965566E+03
1161	-.84969697E+03
1162	-.84973092E+03
1163	-.84975575E+03
1164	-.84977353E+03
1165	-.84978275E+03
1166	-.84978449E+03
1167	-.84977895E+03
1168	-.84976999E+03
1169	-.84975970E+03
1170	-.84974668E+03
1171	-.84973153E+03
1172	-.84972116E+03
1173	-.84971232E+03
1174	-.84970689E+03
1175	-.84970613E+03
1176	-.84971431E+03
1177	-.84972767E+03
1178	-.84974722E+03
1179	-.84977448E+03
1180	-.84980965E+03
1181	-.84985116E+03
1182	-.84989742E+03
1183	-.84995767E+03
1184	-.85002002E+03
1185	-.85008737E+03
1186	-.85015734E+03
1187	-.85022754E+03
1188	-.85030552E+03
1189	-.85037737E+03
1190	-.85044527E+03
1191	-.85050673E+03
1192	-.85056028E+03
1193	-.85060897E+03
1194	-.85064519E+03
1195	-.85067097E+03
1196	-.85068597E+03
1197	-.85069256E+03
1198	-.85068939E+03
1199	-.85067787E+03
1200	-.85066212E+03
1201	-.85064165E+03
1202	-.85061918E+03
1203	-.85059622E+03
1204	-.85057330E+03
1205	-.85055820E+03
1206	-.85054539E+03
1207	-.85053769E+03
1208	-.85053940E+03
1209	-.85054776E+03
1210	-.85056384E+03
1211	-.85058882E+03
1212	-.85062129E+03
1213	-.85066276E+03
1214	-.85070986E+03
1215	-.85076646E+03
1216	-.85082779E+03
1217	-.85089392E+03
1218	-.85096358E+03
1219	-.85103786E+03
1220	-.85111518E+03
1221	-.85119182E+03
1222	-.85126854E+03
1223	-.85134220E+03
1224	-.85141565E+03
1225	-.85148369E+03
1226	-.85154629E+03
1227	-.85160222E+03
1228	-.85165438E+03
1229	-.85169785E+03
1230	-.85173289E+03
1231	-.85176114E+03
1232	-.85178142E+03
1233	-.85179319E+03
1234	-.85179655E+03
1235	-.85179286E+03
1236	-.85178892E+03
1237	-.85177637E+03
1238	-.85175884E+03
1239	-.85174229E+03
1240	-.85172390E+03
1241	-.85170608E+03
1242	-.85169249E+03
1243	-.85168345E+03
1244	-.85168031E+03
1245	-.85168384E+03
1246	-.85169640E+03
1247	-.85171643E+03
1248	-.85174360E+03
1249	-.85177709E+03
1250	-.85181763E+03
1251	-.85186403E+03
1252	-.85191138E+03
1253	-.85195950E+03
1254	-.85200562E+03
1255	-.85205102E+03
1256	-.85209142E+03
1257	-.85212658E+03
1258	-.85215543E+03
1259	-.85217955E+03
1260	-.85219747E+03
1261	-.85220803E+03
1262	-.85221326E+03
1263	-.85221180E+03
1264	-.85220666E+03
1265	-.85219517E+03
1266	-.85217753E+03
1267	-.85215511E+03
1268	-.85212520E+03
1269	-.85209045E+03
1270	-.85204772E+03
1271	-.85199737E+03
1272	-.85193905E+03
1273	-.85187409E+03
1274	-.85180340E+03
1275	-.85172193E+03
1276	-.85164152E+03
1277	-.85155372E+03
1278	-.85146163E+03
1279	-.85137082E+03
1280	-.85127874E+03
1281	-.85118742E+03
1282	-.85110023E+03
1283	-.85101714E+03
1284	-.85093911E+03
1285	-.85086719E+03
1286	-.85080174E+03
1287	-.85074494E+03
1288	-.85069691E+03
1289	-.85065694E+03
1290	-.85062491E+03
1291	-.85060159E+03
1292	-.85058559E+03
1293	-.85057862E+03
1294	-.85057759E+03
1295	-.85058221E+03
1296	-.85059129E+03
1297	-.85060890E+03
1298	-.85062822E+03
1299	-.85064896E+03
1300	-.85067564E+03
1301	-.85070250E+03
1302	-.85073137E+03
1303	-.85076072E+03
1304	-.85079032E+03
1305	-.85082010E+03
1306	-.85085014E+03
1307	-.85088114E+03
1308	-.85091696E+03
1309	-.85094925E+03
1310	-.85098014E+03
1311	-.85101524E+03
1312	-.85104919E+03
1313	-.85108233E+03
1314	-.85111335E+03
1315	-.85115628E+03
1316	-.85119462E+03
1317	-.85123475E+03
1318	-.85127598E+03
1319	-.85131848E+03
1320	-.85136830E+03
1321	-.85141808E+03
1322	-.85147149E+03
1323	-.85152542E+03
1324	-.85158563E+03
1325	-.85164595E+03
1326	-.85170733E+03
1327	-.85176935E+03
1328	-.85182970E+03
1329	-.85189008E+03
1330	-.85194542E+03
1331	-.85199517E+03
1332	-.85203712E+03
1333	-.85206841E+03
1334	-.85210154E+03
1335	-.85211850E+03
1336	-.85212528E+03
1337	-.85212124E+03
1338	-.85210669E+03
1339	-.85208610E+03
1340	-.85205417E+03
1341	-.85201435E+03
1342	-.85196690E+03
1343	-.85191129E+03
1344	-.85185509E+03
1345	-.85179225E+03
1346	-.85172514E+03
1347	-.85165861E+03
1348	-.85158993E+03
1349	-.85151970E+03
1350	-.85145316E+03
1351	-.85138742E+03
1352	-.85132285E+03
1353	-.85126472E+03
1354	-.85120961E+03
1355	-.85115887E+03
1356	-.85111287E+03
1357	-.85107436E+03
1358	-.85104323E+03
1359	-.85101704E+03
1360	-.85099630E+03
1361	-.85098447E+03
1362	-.85097796E+03
1363	-.85097714E+03
1364	-.85098320E+03
1365	-.85099445E+03
1366	-.85100992E+03
1367	-.85102856E+03
1368	-.85105470E+03
1369	-.85108179E+03
1370	-.85110997E+03
1371	-.85114206E+03
1372	-.85117442E+03
1373	-.85120720E+03
1374	-.85123843E+03
1375	-.85127167E+03
1376	-.85130273E+03
1377	-.85133229E+03
1378	-.85136266E+03
1379	-.85139171E+03
1380	-.85142030E+03
1381	-.85144995E+03
1382	-.85148079E+03
1383	-.85151293E+03
1384	-.85154695E+03
1385	-.85158742E+03
1386	-.85162978E+03
1387	-.85167556E+03
1388	-.85172369E+03
1389	-.85178880E+03
1390	-.85185510E+03
1391	-.85192861E+03
1392	-.85200849E+03
1393	-.85209909E+03
1394	-.85219646E+03
1395	-.85230100E+03
1396	-.85241494E+03
1397	-.85253472E+03
1398	-.85265995E+03
1399	-.85279027E+03
1400	-.85292285E+03
1401	-.85305534E+03
1402	-.85318547E+03
1403	-.85331117E+03
1404	-.85343078E+03
1405	-.85354043E+03
1406	-.85363494E+03
1407	-.85371810E+03
1408	-.85378245E+03
1409	-.85382708E+03
1410	-.85385421E+03
1411	-.85386017E+03
1412	-.85384550E+03
1413	-.85381266E+03
1414	-.85376177E+03
1415	-.85369375E+03
1416	-.85361078E+03
1417	-.85352129E+03
1418	-.85342020E+03
1419	-.85331214E+03
1420	-.85320275E+03
1421	-.85309176E+03
1422	-.85298144E+03
1423	-.85287531E+03
1424	-.85277559E+03
1425	-.85268059E+03
1426	-.85259429E+03
1427	-.85251458E+03
1428	-.85244175E+03
1429	-.85237449E+03
1430	-.85231719E+03
1431	-.85226262E+03
1432	-.85221006E+03
1433	-.85216330E+03
1434	-.85211581E+03
1435	-.85206635E+03
1436	-.85201716E+03
1437	-.85196422E+03
1438	-.85190645E+03
1439	-.85184357E+03
1440	-.85177419E+03
1441	-.85170116E+03
1442	-.85162080E+03
1443	-.85153396E+03
1444	-.85144356E+03
1445	-.85134931E+03
1446	-.85125180E+03
1447	-.85115367E+03
1448	-.85105714E+03
1449	-.85096331E+03
1450	-.85087364E+03
1451	-.85079153E+03
1452	-.85071597E+03
1453	-.85064902E+03
1454	-.85059114E+03
1455	-.85054845E+03
1456	-.85051504E+03
1457	-.85049443E+03
1458	-.85048422E+03
1459	-.85048867E+03
1460	-.85050289E+03
1461	-.85052713E+03
1462	-.85056149E+03
1463	-.85060430E+03
1464	-.85065316E+03
1465	-.85070822E+03
1466	-.85076799E+03
1467	-.85082924E+03
1468	-.85089038E+03
1469	-.85094892E+03
1470	-.85101295E+03
1471	-.85107016E+03
1472	-.85112375E+03
1473	-.85117307E+03
1474	-.85121467E+03
1475	-.85125578E+03
1476	-.85128813E+03
1477	-.85131214E+03
1478	-.85133167E+03
1479	-.85134217E+03
1480	-.85134292E+03
1481	-.85133719E+03
1482	-.85132110E+03
1483	-.85129614E+03
1484	-.85126041E+03
1485	-.85121738E+03
1486	-.85116427E+03
1487	-.85110298E+03
1488	-.85103470E+03
1489	-.85095975E+03
1490	-.85088024E+03
1491	-.85079841E+03
1492	-.85071540E+03
1493	-.85062892E+03
1494	-.85055054E+03
1495	-.85047248E+03
1496	-.85039704E+03
1497	-.85033175E+03
1498	-.85027132E+03
1499	-.85021709E+03
1500	-.85016607E+03
1501	-.85013739E+03
1502	-.85010909E+03
1503	-.85008853E+03
1504	-.85007495E+03
1505	-.85006755E+03
1506	-.85006573E+03
1507	-.85006947E+03
1508	-.85007710E+03
1509	-.85008759E+03
1510	-.85009979E+03
1511	-.85011305E+03
1512	-.85013021E+03
1513	-.85014637E+03
1514	-.85016274E+03
1515	-.85017887E+03
1516	-.85019672E+03
1517	-.85021530E+03
1518	-.85023320E+03
1519	-.85025334E+03
1520	-.85027383E+03
1521	-.85029692E+03
1522	-.85032097E+03
1523	-.85034499E+03
1524	-.85038015E+03
1525	-.85041371E+03
1526	-.85044991E+03
1527	-.85049168E+03
1528	-.85053587E+03
1529	-.85058331E+03
1530	-.85063390E+03
1531	-.85068928E+03
1532	-.85074750E+03
1533	-.85080728E+03
1534	-.85086893E+03
1535	-.85093295E+03
1536	-.85099629E+03
1537	-.85105911E+03
1538	-.85111958E+03
1539	-.85117792E+03
1540	-.85123315E+03
1541	-.85128278E+03
1542	-.85132662E+03
1543	-.85136421E+03
1544	-.85139364E+03
1545	-.85141402E+03
1546	-.85143106E+03
1547	-.85143743E+03
1548	-.85143491E+03
1549	-.85142689E+03
1550	-.85141124E+03
1551	-.85139019E+03
1552	-.85136300E+03
1553	-.85133347E+03
1554	-.85129980E+03
1555	-.85126350E+03
1556	-.85122510E+03
1557	-.85118686E+03
1558	-.85114923E+03
1559	-.85111064E+03
1560	-.85107480E+03
1561	-.85103952E+03
1562	-.85100605E+03
1563	-.85097752E+03
1564	-.85095204E+03
1565	-.85093104E+03
1566	-.85091569E+03
1567	-.85090717E+03
1568	-.85090466E+03
1569	-.85090937E+03
1570	-.85092274E+03
1571	-.85094228E+03
1572	-.85096834E+03
1573	-.85100094E+03
1574	-.85104320E+03
1575	-.85108806E+03
1576	-.85113603E+03
1577	-.85118826E+03
1578	-.85124048E+03
1579	-.85129126E+03
1580	-.85134153E+03
1581	-.85138719E+03
1582	-.85142768E+03
1583	-.85146183E+03
1584	-.85148896E+03
1585	-.85150870E+03
1586	-.85151988E+03
1587	-.85152238E+03
1588	-.85151653E+03
1589	-.85150188E+03
1590	-.85148348E+03
1591	-.85145653E+03
1592	-.85142343E+03
1593	-.85138475E+03
1594	-.85134504E+03
1595	-.85130092E+03
1596	-.85125445E+03
1597	-.85120732E+03
1598	-.85115976E+03
1599	-.85111140E+03
1600	-.85106290E+03
1601	-.85102131E+03
1602	-.85097803E+03
1603	-.85093620E+03
1604	-.85089831E+03
1605	-.85086122E+03
1606	-.85082649E+03
1607	-.85079322E+03
1608	-.85075955E+03
1609	-.85073166E+03
1610	-.85070161E+03
1611	-.85067110E+03
1612	-.85063890E+03
1613	-.85061193E+03
1614	-.85058039E+03
1615	-.85054763E+03
1616	-.85051313E+03
1617	-.85047770E+03
1618	-.85044102E+03
1619	-.85040376E+03
1620	-.85036610E+03
1621	-.85032841E+03
1622	-.85029391E+03
1623	-.85026088E+03
1624	-.85023019E+03
1625	-.85020304E+03
1626	-.85018112E+03
1627	-.85016442E+03
1628	-.85015261E+03
1629	-.85014463E+03
1630	-.85014346E+03
1631	-.85014601E+03
1632	-.85015144E+03
1633	-.85016170E+03
1634	-.85017486E+03
1635	-.85018920E+03
1636	-.85020341E+03
1637	-.85022910E+03
1638	-.85025298E+03
1639	-.85027931E+03
1640	-.85030949E+03
1641	-.85034219E+03
1642	-.85037815E+03
1643	-.85041725E+03
1644	-.85046046E+03
1645	-.85050463E+03
1646	-.85055081E+03
1647	-.85059651E+03
1648	-.85064069E+03
1649	-.85068205E+03
1650	-.85071943E+03
1651	-.85075185E+03
1652	-.85077927E+03
1653	-.85079695E+03
1654	-.85080807E+03
1655	-.85080863E+03
1656	-.85079944E+03
1657	-.85077896E+03
1658	-.85075255E+03
1659	-.85071482E+03
1660	-.85066674E+03
1661	-.85061391E+03
1662	-.85055246E+03
1663	-.85048367E+03
1664	-.85041310E+03
1665	-.85033763E+03
1666	-.85025866E+03
1667	-.85018113E+03
1668	-.85010281E+03
1669	-.85002496E+03
1670	-.84995097E+03
1671	-.84988059E+03
1672	-.84981275E+03
1673	-.84975244E+03
1674	-.84969658E+03
1675	-.84964620E+03
1676	-.84960171E+03
1677	-.84956520E+03
1678	-.84953647E+03
1679	-.84951253E+03
1680	-.84949417E+03
1681	-.84948264E+03
1682	-.84947612E+03
1683	-.84947232E+03
1684	-.84946823E+03
1685	-.84947854E+03
1686	-.84948445E+03
1687	-.84949177E+03
1688	-.84949862E+03
1689	-.84950388E+03
1690	-.84951637E+03
1691	-.84952496E+03
1692	-.84953037E+03
1693	-.84954312E+03
1694	-.84955346E+03
1695	-.84956502E+03
1696	-.84957789E+03
1697	-.84959272E+03
1698	-.84961597E+03
1699	-.84963976E+03
1700	-.84966731E+03
1701	-.84969779E+03
1702	-.84973088E+03
1703	-.84977446E+03
1704	-.84981710E+03
1705	-.84986248E+03
1706	-.84990791E+03
1707	-.84995233E+03
1708	-.85000479E+03
1709	-.85005172E+03
1710	-.85009624E+03
1711	-.85013641E+03
1712	-.85017640E+03
1713	-.85021028E+03
1714	-.85023862E+03
1715	-.85026481E+03
1716	-.85028515E+03
1717	-.85030040E+03
1718	-.85030938E+03
1719	-.85032023E+03
1720	-.85032428E+03
1721	-.85032478E+03
1722	-.85032087E+03
1723	-.85031486E+03
1724	-.85030451E+03
1725	-.85028940E+03
1726	-.85027029E+03
1727	-.85024783E+03
1728	-.85021953E+03
1729	-.85018733E+03
1730	-.85014923E+03
1731	-.85010677E+03
1732	-.85005778E+03
1733	-.85000731E+03
1734	-.84995160E+03
1735	-.84989276E+03
1736	-.84983106E+03
1737	-.84976962E+03
1738	-.84970863E+03
1739	-.84964828E+03
1740	-.84959040E+03
1741	-.84953574E+03
1742	-.84948527E+03
1743	-.84943976E+03
1744	-.84940350E+03
1745	-.84937239E+03
1746	-.84934999E+03
1747	-.84933421E+03
1748	-.84932921E+03
1749	-.84933135E+03
1750	-.84934144E+03
1751	-.84936006E+03
1752	-.84938623E+03
1753	-.84941754E+03
1754	-.84945726E+03
1755	-.84950033E+03
1756	-.84954588E+03
1757	-.84959731E+03
1758	-.84964828E+03
1759	-.84969811E+03
1760	-.84974991E+03
1761	-.84979840E+03
1762	-.84984507E+03
1763	-.84988698E+03
1764	-.84992841E+03
1765	-.84996508E+03
1766	-.84999830E+03
1767	-.85003020E+03
1768	-.85006030E+03
1769	-.85008915E+03
1770	-.85011758E+03
1771	-.85015006E+03
1772	-.85018393E+03
1773	-.85022190E+03
1774	-.85026279E+03
1775	-.85031156E+03
1776	-.85036413E+03
1777	-.85042177E+03
1778	-.85048600E+03
1779	-.85055398E+03
1780	-.85062514E+03
1781	-.85069861E+03
1782	-.85077436E+03
1783	-.85084897E+03
1784	-.85091956E+03
1785	-.85098999E+03
1786	-.85105345E+03
1787	-.85111012E+03
1788	-.85115988E+03
1789	-.85120198E+03
1790	-.85123568E+03
1791	-.85126135E+03
1792	-.85127725E+03
1793	-.85128864E+03
1794	-.85129178E+03
1795	-.85128783E+03
1796	-.85127557E+03
1797	-.85126988E+03
1798	-.85125515E+03
1799	-.85123801E+03
1800	-.85121903E+03
1801	-.85119851E+03
1802	-.85117707E+03
1803	-.85115542E+03
1804	-.85113368E+03
1805	-.85111191E+03
1806	-.85108915E+03
1807	-.85106553E+03
1808	-.85104468E+03
1809	-.85102242E+03
1810	-.85099986E+03
1811	-.85097965E+03
1812	-.85096016E+03
1813	-.85094025E+03
1814	-.85092473E+03
1815	-.85091021E+03
1816	-.85089648E+03
1817	-.85088741E+03
1818	-.85088051E+03
1819	-.85087489E+03
1820	-.85087394E+03
1821	-.85087465E+03
1822	-.85087752E+03
1823	-.85088213E+03
1824	-.85089032E+03
1825	-.85090027E+03
1826	-.85091133E+03
1827	-.85092347E+03
1828	-.85093644E+03
1829	-.85094835E+03
1830	-.85096375E+03
1831	-.85097718E+03
1832	-.85098994E+03
1833	-.85100317E+03
1834	-.85101490E+03
1835	-.85102528E+03
1836	-.85103430E+03
1837	-.85104426E+03
1838	-.85105217E+03
1839	-.85105856E+03
1840	-.85106286E+03
1841	-.85106712E+03
1842	-.85106990E+03
1843	-.85107094E+03
1844	-.85107047E+03
1845	-.85106977E+03
1846	-.85106922E+03
1847	-.85106634E+03
1848	-.85106208E+03
1849	-.85105610E+03
1850	-.85104849E+03
1851	-.85104254E+03
1852	-.85103258E+03
1853	-.85101964E+03
1854	-.85100169E+03
1855	-.85098690E+03
1856	-.85096561E+03
1857	-.85093856E+03
1858	-.85091290E+03
1859	-.85088176E+03
1860	-.85084602E+03
1861	-.85081111E+03
1862	-.85077255E+03
1863	-.85073160E+03
1864	-.85069218E+03
1865	-.85065156E+03
1866	-.85061149E+03
1867	-.85057509E+03
1868	-.85053981E+03
1869	-.85050667E+03
1870	-.85047626E+03
1871	-.85045223E+03
1872	-.85043063E+03
1873	-.85041302E+03
1874	-.85039909E+03
1875	-.85038801E+03
1876	-.85037951E+03
1877	-.85037352E+03
1878	-.85037531E+03
1879	-.85037524E+03
1880	-.85037508E+03
1881	-.85037897E+03
1882	-.85038158E+03
1883	-.85038299E+03
1884	-.85038065E+03
1885	-.85038776E+03
1886	-.85038905E+03
1887	-.85038987E+03
1888	-.85039050E+03
1889	-.85039127E+03
1890	-.85039299E+03
1891	-.85039969E+03
1892	-.85040640E+03
1893	-.85041584E+03
1894	-.85042722E+03
1895	-.85044545E+03
1896	-.85046618E+03
1897	-.85049165E+03
1898	-.85052046E+03
1899	-.85055411E+03
1900	-.85059057E+03
1901	-.85062983E+03
1902	-.85067069E+03
1903	-.85071218E+03
1904	-.85075622E+03
1905	-.85079783E+03
1906	-.85083782E+03
1907	-.85087426E+03
1908	-.85090975E+03
1909	-.85094065E+03
1910	-.85096592E+03
1911	-.85098890E+03
1912	-.85100742E+03
1913	-.85102084E+03
1914	-.85103375E+03
1915	-.85104385E+03
1916	-.85105260E+03
1917	-.85106126E+03
1918	-.85106774E+03
1919	-.85108323E+03
1920	-.85109779E+03
1921	-.85111442E+03
1922	-.85113655E+03
1923	-.85116116E+03
1924	-.85118831E+03
1925	-.85122130E+03
1926	-.85125520E+03
1927	-.85128965E+03
1928	-.85132615E+03
1929	-.85136405E+03
1930	-.85139827E+03
1931	-.85143337E+03
1932	-.85146446E+03
1933	-.85149149E+03
1934	-.85151438E+03
1935	-.85153626E+03
1936	-.85155192E+03
1937	-.85156321E+03
1938	-.85156939E+03
1939	-.85157581E+03
1940	-.85157751E+03
1941	-.85157614E+03
1942	-.85157599E+03
1943	-.85157448E+03
1944	-.85157353E+03
1945	-.85157335E+03
1946	-.85157862E+03
1947	-.85158634E+03
1948	-.85159696E+03
1949	-.85161208E+03
1950	-.85163138E+03
1951	-.85165414E+03
1952	-.85168021E+03
1953	-.85170833E+03
1954	-.85173883E+03
1955	-.85177129E+03
1956	-.85180423E+03
1957	-.85183458E+03
1958	-.85186542E+03
1959	-.85189250E+03
1960	-.85191540E+03
1961	-.85193301E+03
1962	-.85194525E+03
1963	-.85196336E+03
1964	-.85197046E+03
1965	-.85197342E+03
1966	-.85197222E+03
1967	-.85196712E+03
1968	-.85195849E+03
1969	-.85194699E+03
1970	-.85193510E+03
1971	-.85191934E+03
1972	-.85190131E+03
1973	-.85187940E+03
1974	-.85186206E+03
1975	-.85184051E+03
1976	-.85181667E+03
1977	-.85179430E+03
1978	-.85176939E+03
1979	-.85174302E+03
1980	-.85171363E+03
1981	-.85168583E+03
1982	-.85165442E+03
1983	-.85162078E+03
1984	-.85158461E+03
1985	-.85154670E+03
1986	-.85150565E+03
1987	-.85146166E+03
1988	-.85141481E+03
1989	-.85136974E+03
1990	-.85131713E+03
1991	-.85127099E+03
1992	-.85122069E+03
1993	-.85117037E+03
1994	-.85112037E+03
1995	-.85107090E+03
1996	-.85102523E+03
1997	-.85097966E+03
1998	-.85093526E+03
1999	-.85089400E+03
2000	-.85085502E+03
2001	-.85081675E+03
2002	-.85078056E+03
2003	-.85074505E+03
2004	-.85070922E+03
2005	-.85067613E+03
2006	-.85064138E+03
2007	-.85060514E+03
2008	-.85056786E+03
2009	-.85053223E+03
2010	-.85049355E+03
2011	-.85045465E+03
2012	-.85041447E+03
2013	-.85037314E+03
2014	-.85033139E+03
2015	-.85029305E+03
2016	-.85025222E+03
2017	-.85021745E+03
2018	-.85018289E+03
2019	-.85014989E+03
2020	-.85012285E+03
2021	-.85009854E+03
2022	-.85007758E+03
2023	-.85005875E+03
2024	-.85004993E+03
2025	-.85004219E+03
2026	-.85003629E+03
2027	-.85003791E+03
2028	-.85004072E+03
2029	-.85004505E+03
2030	-.85005340E+03
2031	-.85006232E+03
2032	-.85007170E+03
2033	-.85008236E+03
2034	-.85009281E+03
2035	-.85010132E+03
2036	-.85011062E+03
2037	-.85011803E+03
2038	-.85012361E+03
2039	-.85012772E+03
2040	-.85013370E+03
2041	-.85013948E+03
2042	-.85014586E+03
2043	-.85015315E+03
2044	-.85016552E+03
2045	-.85018052E+03
2046	-.85019900E+03
2047	-.85022523E+03
2048	-.85025592E+03
2049	-.85029417E+03
2050	-.85033821E+03
2051	-.85038838E+03
2052	-.85044425E+03
2053	-.85050596E+03
2054	-.85057262E+03
2055	-.85064356E+03
2056	-.85071750E+03
2057	-.85079296E+03
2058	-.85086921E+03
2059	-.85094475E+03
2060	-.85101745E+03
2061	-.85109099E+03
2062	-.85115884E+03
2063	-.85122098E+03
2064	-.85127402E+03
2065	-.85133247E+03
2066	-.85137837E+03
2067	-.85141775E+03
2068	-.85144982E+03
2069	-.85147440E+03
2070	-.85149538E+03
2071	-.85150904E+03
2072	-.85151554E+03
2073	-.85151926E+03
2074	-.85151839E+03
2075	-.85151362E+03
2076	-.85150664E+03
2077	-.85149861E+03
2078	-.85149341E+03
2079	-.85148734E+03
2080	-.85148337E+03
2081	-.85148043E+03
2082	-.85148286E+03
2083	-.85148711E+03
2084	-.85149439E+03
2085	-.85150442E+03
2086	-.85151779E+03
2087	-.85153366E+03
2088	-.85155159E+03
2089	-.85156965E+03
2090	-.85158677E+03
2091	-.85160829E+03
2092	-.85162646E+03
2093	-.85164162E+03
2094	-.85165829E+03
2095	-.85167111E+03
2096	-.85168044E+03
2097	-.85168910E+03
2098	-.85169549E+03
2099	-.85169814E+03
2100	-.85169918E+03
2101	-.85169864E+03
2102	-.85169722E+03
2103	-.85169527E+03
2104	-.85169146E+03
2105	-.85168814E+03
2106	-.85168500E+03
2107	-.85168036E+03
2108	-.85167961E+03
2109	-.85167871E+03
2110	-.85167806E+03
2111	-.85168078E+03
2112	-.85168401E+03
2113	-.85168737E+03
2114	-.85169331E+03
2115	-.85169954E+03
2116	-.85170455E+03
2117	-.85171209E+03
2118	-.85171780E+03
2119	-.85172124E+03
2120	-.85172545E+03
2121	-.85172679E+03
2122	-.85172533E+03
2123	-.85172150E+03
2124	-.85171177E+03
2125	-.85170390E+03
2126	-.85169025E+03
2127	-.85167229E+03
2128	-.85165342E+03
2129	-.85163128E+03
2130	-.85160632E+03
2131	-.85157969E+03
2132	-.85155062E+03
2133	-.85151942E+03
2134	-.85149195E+03
2135	-.85146183E+03
2136	-.85143148E+03
2137	-.85139857E+03
2138	-.85137535E+03
2139	-.85134924E+03
2140	-.85132213E+03
2141	-.85130278E+03
2142	-.85128317E+03
2143	-.85126484E+03
2144	-.85125188E+03
2145	-.85124023E+03
2146	-.85123025E+03
2147	-.85122376E+03
2148	-.85121992E+03
2149	-.85121773E+03
2150	-.85121739E+03
2151	-.85121932E+03
2152	-.85122225E+03
2153	-.85122674E+03
2154	-.85123242E+03
2155	-.85124050E+03
2156	-.85124900E+03
2157	-.85125855E+03
2158	-.85126914E+03
2159	-.85128166E+03
2160	-.85129451E+03
2161	-.85130768E+03
2162	-.85132157E+03
2163	-.85134031E+03
2164	-.85136516E+03
2165	-.85138869E+03
2166	-.85141112E+03
2167	-.85143507E+03
2168	-.85146011E+03
2169	-.85148431E+03
2170	-.85151012E+03
2171	-.85153304E+03
2172	-.85155408E+03
2173	-.85157409E+03
2174	-.85159099E+03
2175	-.85160417E+03
2176	-.85161508E+03
2177	-.85162215E+03
2178	-.85162501E+03
2179	-.85162454E+03
2180	-.85162095E+03
2181	-.85161385E+03
2182	-.85160220E+03
2183	-.85159288E+03
2184	-.85157911E+03
2185	-.85156274E+03
2186	-.85154875E+03
2187	-.85153345E+03
2188	-.85151785E+03
2189	-.85150292E+03
2190	-.85149188E+03
2191	-.85148131E+03
2192	-.85147276E+03
2193	-.85146590E+03
2194	-.85146209E+03
2195	-.85146012E+03
2196	-.85146009E+03
2197	-.85146094E+03
2198	-.85146536E+03
2199	-.85146989E+03
2200	-.85147407E+03
2201	-.85147940E+03
2202	-.85148538E+03
2203	-.85148956E+03
2204	-.85149223E+03
2205	-.85149291E+03
2206	-.85149103E+03
2207	-.85148593E+03
2208	-.85147946E+03
2209	-.85146849E+03
2210	-.85145443E+03
2211	-.85143681E+03
2212	-.85141655E+03
2213	-.85139615E+03
2214	-.85137242E+03
2215	-.85134724E+03
2216	-.85132050E+03
2217	-.85129638E+03
2218	-.85127193E+03
2219	-.85124853E+03
2220	-.85122609E+03
2221	-.85120721E+03
2222	-.85118956E+03
2223	-.85117366E+03
2224	-.85116098E+03
2225	-.85115016E+03
2226	-.85114056E+03
2227	-.85113178E+03
2228	-.85112525E+03
2229	-.85111781E+03
2230	-.85110853E+03
2231	-.85110490E+03
2232	-.85109684E+03
2233	-.85108562E+03
2234	-.85107664E+03
2235	-.85106360E+03
2236	-.85104725E+03
2237	-.85102537E+03
2238	-.85100829E+03
2239	-.85098318E+03
2240	-.85095392E+03
2241	-.85092144E+03
2242	-.85088383E+03
2243	-.85084483E+03
2244	-.85080215E+03
2245	-.85075748E+03
2246	-.85071158E+03
2247	-.85066748E+03
2248	-.85062485E+03
2249	-.85058539E+03
2250	-.85055033E+03
2251	-.85051972E+03
2252	-.85049499E+03
2253	-.85048392E+03
2254	-.85047787E+03
2255	-.85047956E+03
2256	-.85049362E+03
2257	-.85051558E+03
2258	-.85054581E+03
2259	-.85058315E+03
2260	-.85063304E+03
2261	-.85068724E+03
2262	-.85074729E+03
2263	-.85081076E+03
2264	-.85087872E+03
2265	-.85094770E+03
2266	-.85101522E+03
2267	-.85108503E+03
2268	-.85115085E+03
2269	-.85121211E+03
2270	-.85126765E+03
2271	-.85132160E+03
2272	-.85136684E+03
2273	-.85140479E+03
2274	-.85143648E+03
2275	-.85146087E+03
2276	-.85147832E+03
2277	-.85148897E+03
2278	-.85149456E+03
2279	-.85149521E+03
2280	-.85149200E+03
2281	-.85148542E+03
2282	-.85147551E+03
2283	-.85146800E+03
2284	-.85145802E+03
2285	-.85144802E+03
2286	-.85143970E+03
2287	-.85143238E+03
2288	-.85142744E+03
2289	-.85142525E+03
2290	-.85142364E+03
2291	-.85142732E+03
2292	-.85143165E+03
2293	-.85143730E+03
2294	-.85144289E+03
2295	-.85145374E+03
2296	-.85146226E+03
2297	-.85146940E+03
2298	-.85147562E+03
2299	-.85148037E+03
2300	-.85148082E+03
2301	-.85147756E+03
2302	-.85146912E+03
2303	-.85145523E+03
2304	-.85143618E+03
2305	-.85141222E+03
2306	-.85138207E+03
2307	-.85134628E+03
2308	-.85130829E+03
2309	-.85126501E+03
2310	-.85121842E+03
2311	-.85116850E+03
2312	-.85112185E+03
2313	-.85107310E+03
2314	-.85102493E+03
2315	-.85097749E+03
2316	-.85093361E+03
2317	-.85089150E+03
2318	-.85085167E+03
2319	-.85081457E+03
2320	-.85078337E+03
2321	-.85075602E+03
2322	-.85073210E+03
2323	-.85071167E+03
2324	-.85069518E+03
2325	-.85068277E+03
2326	-.85067476E+03
2327	-.85067170E+03
2328	-.85067229E+03
2329	-.85067519E+03
2330	-.85068387E+03
2331	-.85069365E+03
2332	-.85070467E+03
2333	-.85071796E+03
2334	-.85073328E+03
2335	-.85074815E+03
2336	-.85076389E+03
2337	-.85077747E+03
2338	-.85078917E+03
2339	-.85079996E+03
2340	-.85080810E+03
2341	-.85081348E+03
2342	-.85081629E+03
2343	-.85081801E+03
2344	-.85081752E+03
2345	-.85081488E+03
2346	-.85081034E+03
2347	-.85080564E+03
2348	-.85079992E+03
2349	-.85079335E+03
2350	-.85078640E+03
2351	-.85078100E+03
2352	-.85077481E+03
2353	-.85076846E+03
2354	-.85076242E+03
2355	-.85075423E+03
2356	-.85074763E+03
2357	-.85073923E+03
2358	-.85072905E+03
2359	-.85071790E+03
2360	-.85070552E+03
2361	-.85069182E+03
2362	-.85067750E+03
2363	-.85066186E+03
2364	-.85064261E+03
2365	-.85062629E+03
2366	-.85060726E+03
2367	-.85058605E+03
2368	-.85056733E+03
2369	-.85054656E+03
2370	-.85052532E+03
2371	-.85050264E+03
2372	-.85047824E+03
2373	-.85045737E+03
2374	-.85043280E+03
2375	-.85040517E+03
2376	-.85038016E+03
2377	-.85035208E+03
2378	-.85032246E+03
2379	-.85029219E+03
2380	-.85026022E+03
2381	-.85022597E+03
2382	-.85019601E+03
2383	-.85016315E+03
2384	-.85012974E+03
2385	-.85009230E+03
2386	-.85006797E+03
2387	-.85003859E+03
2388	-.85001070E+03
2389	-.84998396E+03
2390	-.84995857E+03
2391	-.84993656E+03
2392	-.84991751E+03
2393	-.84989914E+03
2394	-.84988269E+03
2395	-.84986811E+03
2396	-.84985952E+03
2397	-.84985111E+03
2398	-.84984459E+03
2399	-.84984196E+03
2400	-.84984143E+03
2401	-.84984351E+03
2402	-.84984574E+03
2403	-.84984596E+03
2404	-.84986100E+03
2405	-.84986961E+03
2406	-.84987911E+03
2407	-.84988694E+03
2408	-.84989837E+03
2409	-.84990741E+03
2410	-.84991494E+03
2411	-.84992291E+03
2412	-.84992912E+03
2413	-.84993372E+03
2414	-.84993592E+03
2415	-.84994094E+03
2416	-.84994351E+03
2417	-.84994444E+03
2418	-.84994677E+03
2419	-.84994877E+03
2420	-.84995055E+03
2421	-.84995180E+03
2422	-.84995189E+03
2423	-.84995431E+03
2424	-.84995464E+03
2425	-.84995381E+03
2426	-.84995292E+03
2427	-.84995023E+03
2428	-.84994578E+03
2429	-.84994021E+03
2430	-.84993409E+03
2431	-.84992662E+03
2432	-.84991803E+03
2433	-.84991013E+03
2434	-.84990349E+03
2435	-.84989825E+03
2436	-.84989364E+03
2437	-.84989388E+03
2438	-.84989723E+03
2439	-.84990466E+03
2440	-.84991565E+03
2441	-.84993205E+03
2442	-.84995167E+03
2443	-.84997388E+03
2444	-.84999799E+03
2445	-.85002383E+03
2446	-.85005197E+03
2447	-.85007707E+03
2448	-.85009972E+03
2449	-.85011807E+03
2450	-.85013025E+03
2451	-.85014756E+03
2452	-.85015483E+03
2453	-.85015774E+03
2454	-.85015649E+03
2455	-.85015146E+03
2456	-.85014384E+03
2457	-.85013545E+03
2458	-.85012709E+03
2459	-.85011897E+03
2460	-.85011161E+03
2461	-.85010740E+03
2462	-.85010530E+03
2463	-.85010624E+03
2464	-.85011059E+03
2465	-.85011984E+03
2466	-.85013300E+03
2467	-.85014958E+03
2468	-.85016850E+03
2469	-.85019048E+03
2470	-.85021627E+03
2471	-.85024357E+03
2472	-.85027169E+03
2473	-.85030088E+03
2474	-.85033012E+03
2475	-.85035869E+03
2476	-.85039094E+03
2477	-.85042089E+03
2478	-.85044915E+03
2479	-.85047846E+03
2480	-.85050665E+03
2481	-.85053200E+03
2482	-.85055963E+03
2483	-.85058482E+03
2484	-.85060751E+03
2485	-.85063174E+03
2486	-.85065357E+03
2487	-.85067331E+03
2488	-.85069039E+03
2489	-.85071063E+03
2490	-.85072726E+03
2491	-.85074260E+03
2492	-.85075621E+03
2493	-.85076920E+03
2494	-.85078054E+03
2495	-.85079085E+03
2496	-.85080026E+03
2497	-.85080945E+03
2498	-.85081904E+03
2499	-.85082851E+03
2500	-.85083822E+03
2501	-.85084996E+03
2502	-.85086273E+03
2503	-.85087563E+03
2504	-.85089144E+03
2505	-.85090736E+03
2506	-.85092366E+03
2507	-.85093865E+03
2508	-.85095495E+03
2509	-.85096852E+03
2510	-.85097987E+03
2511	-.85098823E+03
2512	-.85099529E+03
2513	-.85099904E+03
2514	-.85099760E+03
2515	-.85099079E+03
2516	-.85098471E+03
2517	-.85097142E+03
2518	-.85095169E+03
2519	-.85092303E+03
2520	-.85090373E+03
2521	-.85087271E+03
2522	-.85083824E+03
2523	-.85080056E+03
2524	-.85076032E+03
2525	-.85071985E+03
2526	-.85068035E+03
2527	-.85064103E+03
2528	-.85060496E+03
2529	-.85057168E+03
2530	-.85054297E+03
2531	-.85051843E+03
2532	-.85050182E+03
2533	-.85049058E+03
2534	-.85048569E+03
2535	-.85048713E+03
2536	-.85049662E+03
2537	-.85051248E+03
2538	-.85053089E+03
2539	-.85055684E+03
2540	-.85058388E+03
2541	-.85061116E+03
2542	-.85064055E+03
2543	-.85066723E+03
2544	-.85069017E+03
2545	-.85070772E+03
2546	-.85072375E+03
2547	-.85073201E+03
2548	-.85073450E+03
2549	-.85073044E+03
2550	-.85071933E+03
2551	-.85070553E+03
2552	-.85068658E+03
2553	-.85066403E+03
2554	-.85063806E+03
2555	-.85061623E+03
2556	-.85059232E+03
2557	-.85056792E+03
2558	-.85054972E+03
2559	-.85053252E+03
2560	-.85051728E+03
2561	-.85050836E+03
2562	-.85050156E+03
2563	-.85049700E+03
2564	-.85049672E+03
2565	-.85049851E+03
2566	-.85050130E+03
2567	-.85050387E+03
2568	-.85050394E+03
2569	-.85050810E+03
2570	-.85050668E+03
2571	-.85050148E+03
2572	-.85049130E+03
2573	-.85047881E+03
2574	-.85045913E+03
2575	-.85043276E+03
2576	-.85039903E+03
2577	-.85036102E+03
2578	-.85031800E+03
2579	-.85026886E+03
2580	-.85021206E+03
2581	-.85015118E+03
2582	-.85008491E+03
2583	-.85001391E+03
2584	-.84993916E+03
2585	-.84986319E+03
2586	-.84978612E+03
2587	-.84970761E+03
2588	-.84963014E+03
2589	-.84955428E+03
2590	-.84948397E+03
2591	-.84941769E+03
2592	-.84935828E+03
2593	-.84930643E+03
2594	-.84926184E+03
2595	-.84923215E+03
2596	-.84921043E+03
2597	-.84919901E+03
2598	-.84920036E+03
2599	-.84921164E+03
2600	-.84923277E+03
2601	-.84926475E+03
2602	-.84930462E+03
2603	-.84935152E+03
2604	-.84940647E+03
2605	-.84946550E+03
2606	-.84952930E+03
2607	-.84959528E+03
2608	-.84966303E+03
2609	-.84973174E+03
2610	-.84980094E+03
2611	-.84987030E+03
2612	-.84994098E+03
2613	-.85000991E+03
2614	-.85008027E+03
2615	-.85014907E+03
2616	-.85021742E+03
2617	-.85028419E+03
2618	-.85035485E+03
2619	-.85042367E+03
2620	-.85049140E+03
2621	-.85056314E+03
2622	-.85063440E+03
2623	-.85070570E+03
2624	-.85077515E+03
2625	-.85085730E+03
2626	-.85093567E+03
2627	-.85101662E+03
2628	-.85110005E+03
2629	-.85118612E+03
2630	-.85127531E+03
2631	-.85136802E+03
2632	-.85146537E+03
2633	-.85156357E+03
2634	-.85166343E+03
2635	-.85176681E+03
2636	-.85187059E+03
2637	-.85197412E+03
2638	-.85207873E+03
2639	-.85218126E+03
2640	-.85228091E+03
2641	-.85237705E+03
2642	-.85246929E+03
2643	-.85255467E+03
2644	-.85263422E+03
2645	-.85270540E+03
2646	-.85276816E+03
2647	-.85282066E+03
2648	-.85286525E+03
2649	-.85289920E+03
2650	-.85292302E+03
2651	-.85293672E+03
2652	-.85294171E+03
2653	-.85293890E+03
2654	-.85292692E+03
2655	-.85290715E+03
2656	-.85288118E+03
2657	-.85285064E+03
2658	-.85281458E+03
2659	-.85277463E+03
2660	-.85273266E+03
2661	-.85268853E+03
2662	-.85264499E+03
2663	-.85260059E+03
2664	-.85255638E+03
2665	-.85251317E+03
2666	-.85247167E+03
2667	-.85243279E+03
2668	-.85239544E+03
2669	-.85235846E+03
2670	-.85232111E+03
2671	-.85228846E+03
2672	-.85225348E+03
2673	-.85221649E+03
2674	-.85217509E+03
2675	-.85214380E+03
2676	-.85210460E+03
2677	-.85206394E+03
2678	-.85202158E+03
2679	-.85197766E+03
2680	-.85193367E+03
2681	-.85189075E+03
2682	-.85184771E+03
2683	-.85180592E+03
2684	-.85176532E+03
2685	-.85172705E+03
2686	-.85168955E+03
2687	-.85165644E+03
2688	-.85162415E+03
2689	-.85159356E+03
2690	-.85156407E+03
2691	-.85153734E+03
2692	-.85151087E+03
2693	-.85148415E+03
2694	-.85145698E+03
2695	-.85143182E+03
2696	-.85140488E+03
2697	-.85137720E+03
2698	-.85134903E+03
2699	-.85132063E+03
2700	-.85129282E+03
2701	-.85126508E+03
2702	-.85123729E+03
2703	-.85121152E+03
2704	-.85118945E+03
2705	-.85116478E+03
2706	-.85114914E+03
2707	-.85113294E+03
2708	-.85111765E+03
2709	-.85110021E+03
2710	-.85110032E+03
2711	-.85109402E+03
2712	-.85108927E+03
2713	-.85108503E+03
2714	-.85108029E+03
2715	-.85107602E+03
2716	-.85107171E+03
2717	-.85106376E+03
2718	-.85105361E+03
2719	-.85103925E+03
2720	-.85101929E+03
2721	-.85099804E+03
2722	-.85097082E+03
2723	-.85093789E+03
2724	-.85090449E+03
2725	-.85086618E+03
2726	-.85082432E+03
2727	-.85078081E+03
2728	-.85074061E+03
2729	-.85069808E+03
2730	-.85065752E+03
2731	-.85061995E+03
2732	-.85058648E+03
2733	-.85055746E+03
2734	-.85053351E+03
2735	-.85051606E+03
2736	-.85050990E+03
2737	-.85050939E+03
2738	-.85051597E+03
2739	-.85053247E+03
2740	-.85055556E+03
2741	-.85058546E+03
2742	-.85062104E+03
2743	-.85066079E+03
2744	-.85070305E+03
2745	-.85074920E+03
2746	-.85079292E+03
2747	-.85083380E+03
2748	-.85087079E+03
2749	-.85090740E+03
2750	-.85093547E+03
2751	-.85095732E+03
2752	-.85097192E+03
2753	-.85098156E+03
2754	-.85098425E+03
2755	-.85098211E+03
2756	-.85097551E+03
2757	-.85096382E+03
2758	-.85095501E+03
2759	-.85094358E+03
2760	-.85093192E+03
2761	-.85092466E+03
2762	-.85091957E+03
2763	-.85091805E+03
2764	-.85092169E+03
2765	-.85092961E+03
2766	-.85094252E+03
2767	-.85095988E+03
2768	-.85098018E+03
2769	-.85100247E+03
2770	-.85103133E+03
2771	-.85105955E+03
2772	-.85108753E+03
2773	-.85111742E+03
2774	-.85114632E+03
2775	-.85117183E+03
2776	-.85120000E+03
2777	-.85122450E+03
2778	-.85124626E+03
2779	-.85126746E+03
2780	-.85128566E+03
2781	-.85130153E+03
2782	-.85131486E+03
2783	-.85132814E+03
2784	-.85133898E+03
2785	-.85134840E+03
2786	-.85135571E+03
2787	-.85136116E+03
2788	-.85136474E+03
2789	-.85136805E+03
2790	-.85137094E+03
2791	-.85137048E+03
2792	-.85137365E+03
2793	-.85137486E+03
2794	-.85137579E+03
2795	-.85137545E+03
2796	-.85138326E+03
2797	-.85138941E+03
2798	-.85139603E+03
2799	-.85140970E+03
2800	-.85142502E+03
2801	-.85144302E+03
2802	-.85146727E+03
2803	-.85149577E+03
2804	-.85152838E+03
2805	-.85156501E+03
2806	-.85160616E+03
2807	-.85165049E+03
2808	-.85169781E+03
2809	-.85174775E+03
2810	-.85179998E+03
2811	-.85185463E+03
2812	-.85191085E+03
2813	-.85196742E+03
2814	-.85202618E+03
2815	-.85208378E+03
2816	-.85214317E+03
2817	-.85220160E+03
2818	-.85226196E+03
2819	-.85232098E+03
2820	-.85237916E+03
2821	-.85243530E+03
2822	-.85249092E+03
2823	-.85254281E+03
2824	-.85259034E+03
2825	-.85263261E+03
2826	-.85266694E+03
2827	-.85269641E+03
2828	-.85271649E+03
2829	-.85272769E+03
2830	-.85272967E+03
2831	-.85272471E+03
2832	-.85271190E+03
2833	-.85269007E+03
2834	-.85266139E+03
2835	-.85262580E+03
2836	-.85258777E+03
2837	-.85254371E+03
2838	-.85249551E+03
2839	-.85244625E+03
2840	-.85239457E+03
2841	-.85234153E+03
2842	-.85228784E+03
2843	-.85223540E+03
2844	-.85218369E+03
2845	-.85213105E+03
2846	-.85207525E+03
2847	-.85203330E+03
2848	-.85198646E+03
2849	-.85193716E+03
2850	-.85189768E+03
2851	-.85185634E+03
2852	-.85181364E+03
2853	-.85178055E+03
2854	-.85174658E+03
2855	-.85171492E+03
2856	-.85168517E+03
2857	-.85165719E+03
2858	-.85163593E+03
2859	-.85161441E+03
2860	-.85159406E+03
2861	-.85157308E+03
2862	-.85156045E+03
2863	-.85154490E+03
2864	-.85152982E+03
2865	-.85151446E+03
2866	-.85149856E+03
2867	-.85148710E+03
2868	-.85147275E+03
2869	-.85145686E+03
2870	-.85144282E+03
2871	-.85142745E+03
2872	-.85141116E+03
2873	-.85139527E+03
2874	-.85138029E+03
2875	-.85136497E+03
2876	-.85134997E+03
2877	-.85133497E+03
2878	-.85132254E+03
2879	-.85131028E+03
2880	-.85129880E+03
2881	-.85128834E+03
2882	-.85128003E+03
2883	-.85127354E+03
2884	-.85126848E+03
2885	-.85126737E+03
2886	-.85126791E+03
2887	-.85127109E+03
2888	-.85127648E+03
2889	-.85129091E+03
2890	-.85130701E+03
2891	-.85132613E+03
2892	-.85135269E+03
2893	-.85138167E+03
2894	-.85141296E+03
2895	-.85144843E+03
2896	-.85148494E+03
2897	-.85151931E+03
2898	-.85155176E+03
2899	-.85158434E+03
2900	-.85161644E+03
2901	-.85164016E+03
2902	-.85165819E+03
2903	-.85166874E+03
2904	-.85167732E+03
2905	-.85167845E+03
2906	-.85167399E+03
2907	-.85166256E+03
2908	-.85165546E+03
2909	-.85164181E+03
2910	-.85162492E+03
2911	-.85160955E+03
2912	-.85159253E+03
2913	-.85157564E+03
2914	-.85156027E+03
2915	-.85154539E+03
2916	-.85153191E+03
2917	-.85151934E+03
2918	-.85150871E+03
2919	-.85150024E+03
2920	-.85149237E+03
2921	-.85148554E+03
2922	-.85148028E+03
2923	-.85147616E+03
2924	-.85147226E+03
2925	-.85146997E+03
2926	-.85146698E+03
2927	-.85146413E+03
2928	-.85146056E+03
2929	-.85145587E+03
2930	-.85145261E+03
2931	-.85144637E+03
2932	-.85143705E+03
2933	-.85142674E+03
2934	-.85141325E+03
2935	-.85139567E+03
2936	-.85137380E+03
2937	-.85134892E+03
2938	-.85131911E+03
2939	-.85128496E+03
2940	-.85124677E+03
2941	-.85120504E+03
2942	-.85116013E+03
2943	-.85111239E+03
2944	-.85106484E+03
2945	-.85101613E+03
2946	-.85096649E+03
2947	-.85091952E+03
2948	-.85087472E+03
2949	-.85083299E+03
2950	-.85079487E+03
2951	-.85076082E+03
2952	-.85073108E+03
2953	-.85070581E+03
2954	-.85068498E+03
2955	-.85067139E+03
2956	-.85065990E+03
2957	-.85065070E+03
2958	-.85064602E+03
2959	-.85064190E+03
2960	-.85063804E+03
2961	-.85063352E+03
2962	-.85063023E+03
2963	-.85062309E+03
2964	-.85061283E+03
2965	-.85059709E+03
2966	-.85058158E+03
2967	-.85055912E+03
2968	-.85053032E+03
2969	-.85049967E+03
2970	-.85046335E+03
2971	-.85042280E+03
2972	-.85037992E+03
2973	-.85033641E+03
2974	-.85028969E+03
2975	-.85024771E+03
2976	-.85020590E+03
2977	-.85016634E+03
2978	-.85013210E+03
2979	-.85010206E+03
2980	-.85007527E+03
2981	-.85005196E+03
2982	-.85003722E+03
2983	-.85002329E+03
2984	-.85001041E+03
2985	-.85000348E+03
2986	-.84999655E+03
2987	-.84998973E+03
2988	-.84998594E+03
2989	-.84998146E+03
2990	-.84997638E+03
2991	-.84997202E+03
2992	-.84996753E+03
2993	-.84996112E+03
2994	-.84995182E+03
2995	-.84994787E+03
2996	-.84993976E+03
2997	-.84992973E+03
2998	-.84991943E+03
2999	-.84990782E+03
3000	-.84989469E+03
3001	-.84988039E+03
3002	-.84986670E+03
3003	-.84985412E+03
3004	-.84983977E+03
3005	-.84982512E+03
3006	-.84980980E+03
3007	-.84979832E+03
3008	-.84978544E+03
3009	-.84977211E+03
3010	-.84976135E+03
3011	-.84975160E+03
3012	-.84974231E+03
3013	-.84973501E+03
3014	-.84972791E+03
3015	-.84972650E+03
3016	-.84972562E+03
3017	-.84972643E+03
3018	-.84973367E+03
3019	-.84974338E+03
3020	-.84975642E+03
3021	-.84977441E+03
3022	-.84979661E+03
3023	-.84982192E+03
3024	-.84985343E+03
3025	-.84988789E+03
3026	-.84992591E+03
3027	-.84996610E+03
3028	-.85000780E+03
3029	-.85005019E+03
3030	-.85009219E+03
3031	-.85013570E+03
3032	-.85017252E+03
3033	-.85021324E+03
3034	-.85024717E+03
3035	-.85027474E+03
3036	-.85030253E+03
3037	-.85032315E+03
3038	-.85033693E+03
3039	-.85034088E+03
3040	-.85035455E+03
3041	-.85035512E+03
3042	-.85035125E+03
3043	-.85034269E+03
3044	-.85033217E+03
3045	-.85031812E+03
3046	-.85030120E+03
3047	-.85028184E+03
3048	-.85026725E+03
3049	-.85025024E+03
3050	-.85023367E+03
3051	-.85022112E+03
3052	-.85021017E+03
3053	-.85020161E+03
3054	-.85019571E+03
3055	-.85019649E+03
3056	-.85019752E+03
3057	-.85020022E+03
3058	-.85020583E+03
3059	-.85021173E+03
3060	-.85021689E+03
3061	-.85022518E+03
3062	-.85023237E+03
3063	-.85023965E+03
3064	-.85024836E+03
3065	-.85025888E+03
3066	-.85027099E+03
3067	-.85028620E+03
3068	-.85030481E+03
3069	-.85032375E+03
3070	-.85035159E+03
3071	-.85038070E+03
3072	-.85041157E+03
3073	-.85044988E+03
3074	-.85048986E+03
3075	-.85053166E+03
3076	-.85057937E+03
3077	-.85062893E+03
3078	-.85068122E+03
3079	-.85073586E+03
3080	-.85079128E+03
3081	-.85085232E+03
3082	-.85091317E+03
3083	-.85097501E+03
3084	-.85103906E+03
3085	-.85110324E+03
3086	-.85116736E+03
3087	-.85123249E+03
3088	-.85129649E+03
3089	-.85136036E+03
3090	-.85142223E+03
3091	-.85148224E+03
3092	-.85153991E+03
3093	-.85159499E+03
3094	-.85164718E+03
3095	-.85169665E+03
3096	-.85174253E+03
3097	-.85178145E+03
3098	-.85182178E+03
3099	-.85185519E+03
3100	-.85188263E+03
3101	-.85190761E+03
3102	-.85192617E+03
3103	-.85193858E+03
3104	-.85194624E+03
3105	-.85194789E+03
3106	-.85194304E+03
3107	-.85193161E+03
3108	-.85191256E+03
3109	-.85188972E+03
3110	-.85185887E+03
3111	-.85182096E+03
3112	-.85177694E+03
3113	-.85172706E+03
3114	-.85167051E+03
3115	-.85161026E+03
3116	-.85154252E+03
3117	-.85147366E+03
3118	-.85139951E+03
3119	-.85132119E+03
3120	-.85124185E+03
3121	-.85115974E+03
3122	-.85107671E+03
3123	-.85099089E+03
3124	-.85090674E+03
3125	-.85082075E+03
3126	-.85073399E+03
3127	-.85064841E+03
3128	-.85056373E+03
3129	-.85047805E+03
3130	-.85039249E+03
3131	-.85031297E+03
3132	-.85023253E+03
3133	-.85015240E+03
3134	-.85007935E+03
3135	-.85000797E+03
3136	-.84993956E+03
3137	-.84987362E+03
3138	-.84982203E+03
3139	-.84977128E+03
3140	-.84972640E+03
3141	-.84968645E+03
3142	-.84965699E+03
3143	-.84963092E+03
3144	-.84960940E+03
3145	-.84959245E+03
3146	-.84957855E+03
3147	-.84956468E+03
3148	-.84955391E+03
3149	-.84954183E+03
3150	-.84952788E+03
3151	-.84951158E+03
3152	-.84949352E+03
3153	-.84947538E+03
3154	-.84945272E+03
3155	-.84942806E+03
3156	-.84940199E+03
3157	-.84937593E+03
3158	-.84934707E+03
3159	-.84932196E+03
3160	-.84929586E+03
3161	-.84926987E+03
3162	-.84924832E+03
3163	-.84922738E+03
3164	-.84920971E+03
3165	-.84919267E+03
3166	-.84918143E+03
3167	-.84917142E+03
3168	-.84916415E+03
3169	-.84915859E+03
3170	-.84915741E+03
3171	-.84915793E+03
3172	-.84915950E+03
3173	-.84916236E+03
3174	-.84916816E+03
3175	-.84917442E+03
3176	-.84918079E+03
3177	-.84918819E+03
3178	-.84919614E+03
3179	-.84920349E+03
3180	-.84920798E+03
3181	-.84922068E+03
3182	-.84922999E+03
3183	-.84923866E+03
3184	-.84924967E+03
3185	-.84926165E+03
3186	-.84927328E+03
3187	-.84928835E+03
3188	-.84930428E+03
3189	-.84932217E+03
3190	-.84934119E+03
3191	-.84936374E+03
3192	-.84938767E+03
3193	-.84941344E+03
3194	-.84944126E+03
3195	-.84947142E+03
3196	-.84950634E+03
3197	-.84954159E+03
3198	-.84957751E+03
3199	-.84961468E+03
3200	-.84965789E+03
3201	-.84970013E+03
3202	-.84974350E+03
3203	-.84978579E+03
3204	-.84983573E+03
3205	-.84988360E+03
3206	-.84993178E+03
3207	-.84998335E+03
3208	-.85003573E+03
3209	-.85008934E+03
3210	-.85014515E+03
3211	-.85020621E+03
3212	-.85026840E+03
3213	-.85033325E+03
3214	-.85040317E+03
3215	-.85047631E+03
3216	-.85055352E+03
3217	-.85063443E+03
3218	-.85071697E+03
3219	-.85080653E+03
3220	-.85089608E+03
3221	-.85098623E+03
3222	-.85107771E+03
3223	-.85116566E+03
3224	-.85125453E+03
3225	-.85133892E+03
3226	-.85141909E+03
3227	-.85149734E+03
3228	-.85157249E+03
3229	-.85164204E+03
3230	-.85171409E+03
3231	-.85178281E+03
3232	-.85184974E+03
3233	-.85191983E+03
3234	-.85199015E+03
3235	-.85206055E+03
3236	-.85213566E+03
3237	-.85221189E+03
3238	-.85229007E+03
3239	-.85237144E+03
3240	-.85245444E+03
3241	-.85253830E+03
3242	-.85262282E+03
3243	-.85270637E+03
3244	-.85279005E+03
3245	-.85287033E+03
3246	-.85294516E+03
3247	-.85301763E+03
3248	-.85308209E+03
3249	-.85313812E+03
3250	-.85318724E+03
3251	-.85322506E+03
3252	-.85325119E+03
3253	-.85326627E+03
3254	-.85327313E+03
3255	-.85326578E+03
3256	-.85324703E+03
3257	-.85321846E+03
3258	-.85317908E+03
3259	-.85313068E+03
3260	-.85307442E+03
3261	-.85301240E+03
3262	-.85294469E+03
3263	-.85287240E+03
3264	-.85279859E+03
3265	-.85272423E+03
3266	-.85264625E+03
3267	-.85257300E+03
3268	-.85249842E+03
3269	-.85242407E+03
3270	-.85235240E+03
3271	-.85228154E+03
3272	-.85221007E+03
3273	-.85213823E+03
3274	-.85207387E+03
3275	-.85200663E+03
3276	-.85193944E+03
3277	-.85187209E+03
3278	-.85180383E+03
3279	-.85174320E+03
3280	-.85168009E+03
3281	-.85161854E+03
3282	-.85155834E+03
3283	-.85149917E+03
3284	-.85144092E+03
3285	-.85138658E+03
3286	-.85133059E+03
3287	-.85127416E+03
3288	-.85121645E+03
3289	-.85115890E+03
3290	-.85109757E+03
3291	-.85103314E+03
3292	-.85096454E+03
3293	-.85089253E+03
3294	-.85082051E+03
3295	-.85074427E+03
3296	-.85066724E+03
3297	-.85058967E+03
3298	-.85052157E+03
3299	-.85045695E+03
3300	-.85039949E+03
3301	-.85035774E+03
3302	-.85032779E+03
3303	-.85031452E+03
3304	-.85031717E+03
3305	-.85033809E+03
3306	-.85037437E+03
3307	-.85042496E+03
3308	-.85048787E+03
3309	-.85056301E+03
3310	-.85064585E+03
3311	-.85073255E+03
3312	-.85082156E+03
3313	-.85090888E+03
3314	-.85099237E+03
3315	-.85107598E+03
3316	-.85115073E+03
3317	-.85121792E+03
3318	-.85127819E+03
3319	-.85132957E+03
3320	-.85137130E+03
3321	-.85140547E+03
3322	-.85143072E+03
3323	-.85144683E+03
3324	-.85145757E+03
3325	-.85146035E+03
3326	-.85145672E+03
3327	-.85144800E+03
3328	-.85143626E+03
3329	-.85142276E+03
3330	-.85140632E+03
3331	-.85138975E+03
3332	-.85137132E+03
3333	-.85135642E+03
3334	-.85134154E+03
3335	-.85132789E+03
3336	-.85131656E+03
3337	-.85130740E+03
3338	-.85129981E+03
3339	-.85129235E+03
3340	-.85128870E+03
3341	-.85128347E+03
3342	-.85127776E+03
3343	-.85127000E+03
3344	-.85126397E+03
3345	-.85125400E+03
3346	-.85124009E+03
3347	-.85121995E+03
3348	-.85119229E+03
3349	-.85118513E+03
3350	-.85116013E+03
3351	-.85113247E+03
3352	-.85110220E+03
3353	-.85106965E+03
3354	-.85103544E+03
3355	-.85100032E+03
3356	-.85096464E+03
3357	-.85092940E+03
3358	-.85089415E+03
3359	-.85085922E+03
3360	-.85082844E+03
3361	-.85079783E+03
3362	-.85076958E+03
3363	-.85074554E+03
3364	-.85072390E+03
3365	-.85070531E+03
3366	-.85069033E+03
3367	-.85068021E+03
3368	-.85067382E+03
3369	-.85067107E+03
3370	-.85067166E+03
3371	-.85067608E+03
3372	-.85068332E+03
3373	-.85069555E+03
3374	-.85071059E+03
3375	-.85072887E+03
3376	-.85075203E+03
3377	-.85077881E+03
3378	-.85080894E+03
3379	-.85084372E+03
3380	-.85088262E+03
3381	-.85092493E+03
3382	-.85097112E+03
3383	-.85101979E+03
3384	-.85107047E+03
3385	-.85112368E+03
3386	-.85117705E+03
3387	-.85122866E+03
3388	-.85128159E+03
3389	-.85133144E+03
3390	-.85137806E+03
3391	-.85142088E+03
3392	-.85146681E+03
3393	-.85150648E+03
3394	-.85154108E+03
3395	-.85157894E+03
3396	-.85161192E+03
3397	-.85164357E+03
3398	-.85167251E+03
3399	-.85170229E+03
3400	-.85173005E+03
3401	-.85175679E+03
3402	-.85178221E+03
3403	-.85180774E+03
3404	-.85183644E+03
3405	-.85186313E+03
3406	-.85188983E+03
3407	-.85191555E+03
3408	-.85194599E+03
3409	-.85197502E+03
3410	-.85200399E+03
3411	-.85203445E+03
3412	-.85206514E+03
3413	-.85209457E+03
3414	-.85212370E+03
3415	-.85215171E+03
3416	-.85217661E+03
3417	-.85220034E+03
3418	-.85221929E+03
3419	-.85223327E+03
3420	-.85224250E+03
3421	-.85224465E+03
3422	-.85223836E+03
3423	-.85223214E+03
3424	-.85221489E+03
3425	-.85218852E+03
3426	-.85215830E+03
3427	-.85211938E+03
3428	-.85207265E+03
3429	-.85202084E+03
3430	-.85196332E+03
3431	-.85189832E+03
3432	-.85183268E+03
3433	-.85176213E+03
3434	-.85168780E+03
3435	-.85161152E+03
3436	-.85153993E+03
3437	-.85146539E+03
3438	-.85139121E+03
3439	-.85132185E+03
3440	-.85125453E+03
3441	-.85119101E+03
3442	-.85113127E+03
3443	-.85107944E+03
3444	-.85103165E+03
3445	-.85099043E+03
3446	-.85095343E+03
3447	-.85092524E+03
3448	-.85090144E+03
3449	-.85088356E+03
3450	-.85087059E+03
3451	-.85086528E+03
3452	-.85086470E+03
3453	-.85086894E+03
3454	-.85087944E+03
3455	-.85089625E+03
3456	-.85091802E+03
3457	-.85094692E+03
3458	-.85098226E+03
3459	-.85102399E+03
3460	-.85107155E+03
3461	-.85112783E+03
3462	-.85118863E+03
3463	-.85125356E+03
3464	-.85132189E+03
3465	-.85139457E+03
3466	-.85146899E+03
3467	-.85154290E+03
3468	-.85161523E+03
3469	-.85168719E+03
3470	-.85175642E+03
3471	-.85182121E+03
3472	-.85188207E+03
3473	-.85194273E+03
3474	-.85199808E+03
3475	-.85204844E+03
3476	-.85209538E+03
3477	-.85214094E+03
3478	-.85218145E+03
3479	-.85221884E+03
3480	-.85225564E+03
3481	-.85228881E+03
3482	-.85231894E+03
3483	-.85234669E+03
3484	-.85237457E+03
3485	-.85239773E+03
3486	-.85241912E+03
3487	-.85243622E+03
3488	-.85244806E+03
3489	-.85245396E+03
3490	-.85245996E+03
3491	-.85245602E+03
3492	-.85244295E+03
3493	-.85242639E+03
3494	-.85239293E+03
3495	-.85236297E+03
3496	-.85231758E+03
3497	-.85226259E+03
3498	-.85219820E+03
3499	-.85212479E+03
3500	-.85204311E+03
3501	-.85195408E+03
3502	-.85185913E+03
3503	-.85175990E+03
3504	-.85165764E+03
3505	-.85155324E+03
3506	-.85145144E+03
3507	-.85135121E+03
3508	-.85125524E+03
3509	-.85116644E+03
3510	-.85108525E+03
3511	-.85101382E+03
3512	-.85095153E+03
3513	-.85089873E+03
3514	-.85085608E+03
3515	-.85082749E+03
3516	-.85080747E+03
3517	-.85079625E+03
3518	-.85079526E+03
3519	-.85080263E+03
3520	-.85081661E+03
3521	-.85083658E+03
3522	-.85085993E+03
3523	-.85089111E+03
3524	-.85092306E+03
3525	-.85095678E+03
3526	-.85099221E+03
3527	-.85102879E+03
3528	-.85106513E+03
3529	-.85110186E+03
3530	-.85113647E+03
3531	-.85117262E+03
3532	-.85120594E+03
3533	-.85123613E+03
3534	-.85126571E+03
3535	-.85129029E+03
3536	-.85131017E+03
3537	-.85132751E+03
3538	-.85133763E+03
3539	-.85134066E+03
3540	-.85133622E+03
3541	-.85132627E+03
3542	-.85131028E+03
3543	-.85128640E+03
3544	-.85125729E+03
3545	-.85122259E+03
3546	-.85118380E+03
3547	-.85114209E+03
3548	-.85109997E+03
3549	-.85105786E+03
3550	-.85101628E+03
3551	-.85097882E+03
3552	-.85094469E+03
3553	-.85091495E+03
3554	-.85089063E+03
3555	-.85087123E+03
3556	-.85086188E+03
3557	-.85085585E+03
3558	-.85085456E+03
3559	-.85085926E+03
3560	-.85086648E+03
3561	-.85087676E+03
3562	-.85088718E+03
3563	-.85089524E+03
3564	-.85090781E+03
3565	-.85091382E+03
3566	-.85091593E+03
3567	-.85091237E+03
3568	-.85089899E+03
3569	-.85088800E+03
3570	-.85086593E+03
3571	-.85083552E+03
3572	-.85080435E+03
3573	-.85076615E+03
3574	-.85072340E+03
3575	-.85067536E+03
3576	-.85063547E+03
3577	-.85059134E+03
3578	-.85054903E+03
3579	-.85050951E+03
3580	-.85047431E+03
3581	-.85045230E+03
3582	-.85043412E+03
3583	-.85042235E+03
3584	-.85042482E+03
3585	-.85043530E+03
3586	-.85045452E+03
3587	-.85048705E+03
3588	-.85052735E+03
3589	-.85057751E+03
3590	-.85063419E+03
3591	-.85069961E+03
3592	-.85076891E+03
3593	-.85084155E+03
3594	-.85091546E+03
3595	-.85098898E+03
3596	-.85106016E+03
3597	-.85112587E+03
3598	-.85118675E+03
3599	-.85123655E+03
3600	-.85127632E+03
3601	-.85130988E+03
3602	-.85132875E+03
3603	-.85133516E+03
3604	-.85133106E+03
3605	-.85131507E+03
3606	-.85128878E+03
3607	-.85125320E+03
3608	-.85121001E+03
3609	-.85116137E+03
3610	-.85110791E+03
3611	-.85105176E+03
3612	-.85099299E+03
3613	-.85093321E+03
3614	-.85087598E+03
3615	-.85081880E+03
3616	-.85076331E+03
3617	-.85071025E+03
3618	-.85066020E+03
3619	-.85061341E+03
3620	-.85057623E+03
3621	-.85054050E+03
3622	-.85050826E+03
3623	-.85047486E+03
3624	-.85046748E+03
3625	-.85045536E+03
3626	-.85044961E+03
3627	-.85044978E+03
3628	-.85045542E+03
3629	-.85046622E+03
3630	-.85048251E+03
3631	-.85050344E+03
3632	-.85052603E+03
3633	-.85055179E+03
3634	-.85057719E+03
3635	-.85060286E+03
3636	-.85062596E+03
3637	-.85064843E+03
3638	-.85066725E+03
3639	-.85068207E+03
3640	-.85069320E+03
3641	-.85070176E+03
3642	-.85070926E+03
3643	-.85071220E+03
3644	-.85071282E+03
3645	-.85071248E+03
3646	-.85071266E+03
3647	-.85071197E+03
3648	-.85071543E+03
3649	-.85071982E+03
3650	-.85072743E+03
3651	-.85073891E+03
3652	-.85075587E+03
3653	-.85077741E+03
3654	-.85080301E+03
3655	-.85083356E+03
3656	-.85086745E+03
3657	-.85090407E+03
3658	-.85094165E+03
3659	-.85098319E+03
3660	-.85102366E+03
3661	-.85106121E+03
3662	-.85109555E+03
3663	-.85112759E+03
3664	-.85114894E+03
3665	-.85115558E+03
3666	-.85117964E+03
3667	-.85118004E+03
3668	-.85117105E+03
3669	-.85115191E+03
3670	-.85112289E+03
3671	-.85108462E+03
3672	-.85103793E+03
3673	-.85098422E+03
3674	-.85092306E+03
3675	-.85085445E+03
3676	-.85079110E+03
3677	-.85072290E+03
3678	-.85065407E+03
3679	-.85059160E+03
3680	-.85053233E+03
3681	-.85047882E+03
3682	-.85043426E+03
3683	-.85039835E+03
3684	-.85036974E+03
3685	-.85035405E+03
3686	-.85034667E+03
3687	-.85034736E+03
3688	-.85035643E+03
3689	-.85037665E+03
3690	-.85040137E+03
3691	-.85042962E+03
3692	-.85046089E+03
3693	-.85049788E+03
3694	-.85053389E+03
3695	-.85056999E+03
3696	-.85060442E+03
3697	-.85063367E+03
3698	-.85066310E+03
3699	-.85068565E+03
3700	-.85070131E+03
3701	-.85071341E+03
3702	-.85071758E+03
3703	-.85071368E+03
3704	-.85070343E+03
3705	-.85068565E+03
3706	-.85066002E+03
3707	-.85062588E+03
3708	-.85058214E+03
3709	-.85053857E+03
3710	-.85048437E+03
3711	-.85042062E+03
3712	-.85035901E+03
3713	-.85028951E+03
3714	-.85021654E+03
3715	-.85014254E+03
3716	-.85006715E+03
3717	-.84999084E+03
3718	-.84992304E+03
3719	-.84985638E+03
3720	-.84979546E+03
3721	-.84974096E+03
3722	-.84969396E+03
3723	-.84966450E+03
3724	-.84964123E+03
3725	-.84962861E+03
3726	-.84962592E+03
3727	-.84963603E+03
3728	-.84965421E+03
3729	-.84967971E+03
3730	-.84971358E+03
3731	-.84975092E+03
3732	-.84979008E+03
3733	-.84982967E+03
3734	-.84987034E+03
3735	-.84990975E+03
3736	-.84994335E+03
3737	-.84997232E+03
3738	-.84999607E+03
3739	-.85001419E+03
3740	-.85002604E+03
3741	-.85003207E+03
3742	-.85003570E+03
3743	-.85003606E+03
3744	-.85003207E+03
3745	-.85002561E+03
3746	-.85001637E+03
3747	-.85000477E+03
3748	-.84999788E+03
3749	-.84998804E+03
3750	-.84997707E+03
3751	-.84996949E+03
3752	-.84996090E+03
3753	-.84995319E+03
3754	-.84994697E+03
3755	-.84994045E+03
3756	-.84993402E+03
3757	-.84993143E+03
3758	-.84992674E+03
3759	-.84992133E+03
3760	-.84991666E+03
3761	-.84991110E+03
3762	-.84990411E+03
3763	-.84989594E+03
3764	-.84989111E+03
3765	-.84988341E+03
3766	-.84987544E+03
3767	-.84986714E+03
3768	-.84985997E+03
3769	-.84985247E+03
3770	-.84984483E+03
3771	-.84983708E+03
3772	-.84983391E+03
3773	-.84982869E+03
3774	-.84982323E+03
3775	-.84981857E+03
3776	-.84981295E+03
3777	-.84980831E+03
3778	-.84980328E+03
3779	-.84979860E+03
3780	-.84979467E+03
3781	-.84979404E+03
3782	-.84979637E+03
3783	-.84980349E+03
3784	-.84981534E+03
3785	-.84983445E+03
3786	-.84986150E+03
3787	-.84989699E+03
3788	-.84994168E+03
3789	-.84999821E+03
3790	-.85006366E+03
3791	-.85013852E+03
3792	-.85022190E+03
3793	-.85031877E+03
3794	-.85042087E+03
3795	-.85052956E+03
3796	-.85064497E+03
3797	-.85076385E+03
3798	-.85088527E+03
3799	-.85100721E+03
3800	-.85112945E+03
3801	-.85124988E+03
3802	-.85136596E+03
3803	-.85147839E+03
3804	-.85158510E+03
3805	-.85168437E+03
3806	-.85177675E+03
3807	-.85186183E+03
3808	-.85193877E+03
3809	-.85200663E+03
3810	-.85206762E+03
3811	-.85211877E+03
3812	-.85216154E+03
3813	-.85219521E+03
3814	-.85222241E+03
3815	-.85224097E+03
3816	-.85225165E+03
3817	-.85225499E+03
3818	-.85225493E+03
3819	-.85224690E+03
3820	-.85223248E+03
3821	-.85221430E+03
3822	-.85219081E+03
3823	-.85216232E+03
3824	-.85212871E+03
3825	-.85209426E+03
3826	-.85205433E+03
3827	-.85201035E+03
3828	-.85196299E+03
3829	-.85191204E+03
3830	-.85185722E+03
3831	-.85179798E+03
3832	-.85173464E+03
3833	-.85166655E+03
3834	-.85159568E+03
3835	-.85152003E+03
3836	-.85143772E+03
3837	-.85135340E+03
3838	-.85126409E+03
3839	-.85117134E+03
3840	-.85107563E+03
3841	-.85097683E+03
3842	-.85088301E+03
3843	-.85078844E+03
3844	-.85069701E+03
3845	-.85061207E+03
3846	-.85053402E+03
3847	-.85046407E+03
3848	-.85040304E+03
3849	-.85035548E+03
3850	-.85031645E+03
3851	-.85028630E+03
3852	-.85026678E+03
3853	-.85025540E+03
3854	-.85024858E+03
3855	-.85025208E+03
3856	-.85025812E+03
3857	-.85026640E+03
3858	-.85027515E+03
3859	-.85029021E+03
3860	-.85030262E+03
3861	-.85031331E+03
3862	-.85032453E+03
3863	-.85033328E+03
3864	-.85034045E+03
3865	-.85034484E+03
3866	-.85034674E+03
3867	-.85034612E+03
3868	-.85034294E+03
3869	-.85033971E+03
3870	-.85033338E+03
3871	-.85032507E+03
3872	-.85031396E+03
3873	-.85030668E+03
3874	-.85029683E+03
3875	-.85028653E+03
3876	-.85027728E+03
3877	-.85026888E+03
3878	-.85026119E+03
3879	-.85025424E+03
3880	-.85025131E+03
3881	-.85024901E+03
3882	-.85024751E+03
3883	-.85025081E+03
3884	-.85025453E+03
3885	-.85025853E+03
3886	-.85026710E+03
3887	-.85027512E+03
3888	-.85028294E+03
3889	-.85029273E+03
3890	-.85030144E+03
3891	-.85030875E+03
3892	-.85031525E+03
3893	-.85032010E+03
3894	-.85032372E+03
3895	-.85032476E+03
3896	-.85032112E+03
3897	-.85032154E+03
3898	-.85031712E+03
3899	-.85030962E+03
3900	-.85030386E+03
3901	-.85029580E+03
3902	-.85028710E+03
3903	-.85028012E+03
3904	-.85027338E+03
3905	-.85026689E+03
3906	-.85026255E+03
3907	-.85026112E+03
3908	-.85026277E+03
3909	-.85026601E+03
3910	-.85027279E+03
3911	-.85028155E+03
3912	-.85029264E+03
3913	-.85030549E+03
3914	-.85032079E+03
3915	-.85033853E+03
3916	-.85035737E+03
3917	-.85037829E+03
3918	-.85039960E+03
3919	-.85041992E+03
3920	-.85044321E+03
3921	-.85046601E+03
3922	-.85048928E+03
3923	-.85051229E+03
3924	-.85053308E+03
3925	-.85056391E+03
3926	-.85059160E+03
3927	-.85062150E+03
3928	-.85065226E+03
3929	-.85068909E+03
3930	-.85072697E+03
3931	-.85076689E+03
3932	-.85080804E+03
3933	-.85085517E+03
3934	-.85090191E+03
3935	-.85094897E+03
3936	-.85099869E+03
3937	-.85104796E+03
3938	-.85109584E+03
3939	-.85114641E+03
3940	-.85119471E+03
3941	-.85124243E+03
3942	-.85128828E+03
3943	-.85133313E+03
3944	-.85137519E+03
3945	-.85141397E+03
3946	-.85145229E+03
3947	-.85148626E+03
3948	-.85151590E+03
3949	-.85154462E+03
3950	-.85156819E+03
3951	-.85158861E+03
3952	-.85160376E+03
3953	-.85161754E+03
3954	-.85162624E+03
3955	-.85163027E+03
3956	-.85163126E+03
3957	-.85162827E+03
3958	-.85162036E+03
3959	-.85160983E+03
3960	-.85159495E+03
3961	-.85157468E+03
3962	-.85155391E+03
3963	-.85152783E+03
3964	-.85149714E+03
3965	-.85146287E+03
3966	-.85142674E+03
3967	-.85138621E+03
3968	-.85134230E+03
3969	-.85129463E+03
3970	-.85124711E+03
3971	-.85119659E+03
3972	-.85114386E+03
3973	-.85109167E+03
3974	-.85103951E+03
3975	-.85098767E+03
3976	-.85093557E+03
3977	-.85089045E+03
3978	-.85084602E+03
3979	-.85080397E+03
3980	-.85076814E+03
3981	-.85073669E+03
3982	-.85070862E+03
3983	-.85068892E+03
3984	-.85067341E+03
3985	-.85066247E+03
3986	-.85065789E+03
3987	-.85065893E+03
3988	-.85066403E+03
3989	-.85067471E+03
3990	-.85068872E+03
3991	-.85070573E+03
3992	-.85072612E+03
3993	-.85074844E+03
3994	-.85077178E+03
3995	-.85079595E+03
3996	-.85082036E+03
3997	-.85084549E+03
3998	-.85086946E+03
3999	-.85089225E+03
4000	-.85091500E+03
4001	-.85093660E+03
4002	-.85095850E+03
4003	-.85098003E+03
4004	-.85100171E+03
4005	-.85102322E+03
4006	-.85104485E+03
4007	-.85107043E+03
4008	-.85109503E+03
4009	-.85112005E+03
4010	-.85114686E+03
4011	-.85117581E+03
4012	-.85120393E+03
4013	-.85123023E+03
4014	-.85126738E+03
4015	-.85129998E+03
4016	-.85133297E+03
4017	-.85136535E+03
4018	-.85139660E+03
4019	-.85143351E+03
4020	-.85146579E+03
4021	-.85149523E+03
4022	-.85152470E+03
4023	-.85155024E+03
4024	-.85157192E+03
4025	-.85159060E+03
4026	-.85160451E+03
4027	-.85161346E+03
4028	-.85161679E+03
4029	-.85161526E+03
4030	-.85160863E+03
4031	-.85159611E+03
4032	-.85157925E+03
4033	-.85155710E+03
4034	-.85152932E+03
4035	-.85149443E+03
4036	-.85146206E+03
4037	-.85142256E+03
4038	-.85138034E+03
4039	-.85133439E+03
4040	-.85129007E+03
4041	-.85124312E+03
4042	-.85119643E+03
4043	-.85114983E+03
4044	-.85110269E+03
4045	-.85106335E+03
4046	-.85102446E+03
4047	-.85098738E+03
4048	-.85095846E+03
4049	-.85093302E+03
4050	-.85091382E+03
4051	-.85090055E+03
4052	-.85089201E+03
4053	-.85089545E+03
4054	-.85090282E+03
4055	-.85091596E+03
4056	-.85093676E+03
4057	-.85096198E+03
4058	-.85099110E+03
4059	-.85102428E+03
4060	-.85105945E+03
4061	-.85109532E+03
4062	-.85113178E+03
4063	-.85116665E+03
4064	-.85119896E+03
4065	-.85123312E+03
4066	-.85126277E+03
4067	-.85128858E+03
4068	-.85131404E+03
4069	-.85133677E+03
4070	-.85135638E+03
4071	-.85137832E+03
4072	-.85139855E+03
4073	-.85141789E+03
4074	-.85144175E+03
4075	-.85146653E+03
4076	-.85149286E+03
4077	-.85152414E+03
4078	-.85155787E+03
4079	-.85159490E+03
4080	-.85163469E+03
4081	-.85167828E+03
4082	-.85172426E+03
4083	-.85177177E+03
4084	-.85182086E+03
4085	-.85187035E+03
4086	-.85191963E+03
4087	-.85196788E+03
4088	-.85201594E+03
4089	-.85206240E+03
4090	-.85210551E+03
4091	-.85214569E+03
4092	-.85218221E+03
4093	-.85221455E+03
4094	-.85224282E+03
4095	-.85226719E+03
4096	-.85228673E+03
4097	-.85230088E+03
4098	-.85231202E+03
4099	-.85231726E+03
4100	-.85231776E+03
4101	-.85231606E+03
4102	-.85231030E+03
4103	-.85230150E+03
4104	-.85229084E+03
4105	-.85227887E+03
4106	-.85226575E+03
4107	-.85225359E+03
4108	-.85224247E+03
4109	-.85223130E+03
4110	-.85222398E+03
4111	-.85221893E+03
4112	-.85221630E+03
4113	-.85221671E+03
4114	-.85221933E+03
4115	-.85222900E+03
4116	-.85224041E+03
4117	-.85225540E+03
4118	-.85227391E+03
4119	-.85229460E+03
4120	-.85232053E+03
4121	-.85234682E+03
4122	-.85237390E+03
4123	-.85240428E+03
4124	-.85243322E+03
4125	-.85246074E+03
4126	-.85248864E+03
4127	-.85251318E+03
4128	-.85253386E+03
4129	-.85255231E+03
4130	-.85256575E+03
4131	-.85257444E+03
4132	-.85257835E+03
4133	-.85257738E+03
4134	-.85257190E+03
4135	-.85256332E+03
4136	-.85255117E+03
4137	-.85253775E+03
4138	-.85252169E+03
4139	-.85250387E+03
4140	-.85248536E+03
4141	-.85246822E+03
4142	-.85245000E+03
4143	-.85243098E+03
4144	-.85241069E+03
4145	-.85238762E+03
4146	-.85236137E+03
4147	-.85233724E+03
4148	-.85230681E+03
4149	-.85227102E+03
4150	-.85223482E+03
4151	-.85219362E+03
4152	-.85214829E+03
4153	-.85210193E+03
4154	-.85205344E+03
4155	-.85200344E+03
4156	-.85195258E+03
4157	-.85190000E+03
4158	-.85185341E+03
4159	-.85180518E+03
4160	-.85175810E+03
4161	-.85171403E+03
4162	-.85167090E+03
4163	-.85162894E+03
4164	-.85158791E+03
4165	-.85154901E+03
4166	-.85151032E+03
4167	-.85147079E+03
4168	-.85143046E+03
4169	-.85138754E+03
4170	-.85134423E+03
4171	-.85129749E+03
4172	-.85124770E+03
4173	-.85119457E+03
4174	-.85113983E+03
4175	-.85108249E+03
4176	-.85102294E+03
4177	-.85096344E+03
4178	-.85090344E+03
4179	-.85084571E+03
4180	-.85078989E+03
4181	-.85074037E+03
4182	-.85069579E+03
4183	-.85065825E+03
4184	-.85062868E+03
4185	-.85060987E+03
4186	-.85060079E+03
4187	-.85060113E+03
4188	-.85061137E+03
4189	-.85063568E+03
4190	-.85066734E+03
4191	-.85070735E+03
4192	-.85075801E+03
4193	-.85081403E+03
4194	-.85087512E+03
4195	-.85094209E+03
4196	-.85101066E+03
4197	-.85107999E+03
4198	-.85114912E+03
4199	-.85121666E+03
4200	-.85128077E+03
4201	-.85134012E+03
4202	-.85139538E+03
4203	-.85144314E+03
4204	-.85148335E+03
4205	-.85151585E+03
4206	-.85154189E+03
4207	-.85156026E+03
4208	-.85157056E+03
4209	-.85157420E+03
4210	-.85156982E+03
4211	-.85156106E+03
4212	-.85154562E+03
4213	-.85152427E+03
4214	-.85149772E+03
4215	-.85146812E+03
4216	-.85143456E+03
4217	-.85139418E+03
4218	-.85135374E+03
4219	-.85130818E+03
4220	-.85125978E+03
4221	-.85120793E+03
4222	-.85115440E+03
4223	-.85109812E+03
4224	-.85103978E+03
4225	-.85097980E+03
4226	-.85091999E+03
4227	-.85085940E+03
4228	-.85079839E+03
4229	-.85073749E+03
4230	-.85067658E+03
4231	-.85061538E+03
4232	-.85055819E+03
4233	-.85050013E+03
4234	-.85044277E+03
4235	-.85038801E+03
4236	-.85033379E+03
4237	-.85028074E+03
4238	-.85022839E+03
4239	-.85017788E+03
4240	-.85012882E+03
4241	-.85007941E+03
4242	-.85003257E+03
4243	-.84998568E+03
4244	-.84994040E+03
4245	-.84989539E+03
4246	-.84985326E+03
4247	-.84981192E+03
4248	-.84977196E+03
4249	-.84973392E+03
4250	-.84970186E+03
4251	-.84967143E+03
4252	-.84964402E+03
4253	-.84962294E+03
4254	-.84960602E+03
4255	-.84959456E+03
4256	-.84958969E+03
4257	-.84959336E+03
4258	-.84960446E+03
4259	-.84962310E+03
4260	-.84965001E+03
4261	-.84968505E+03
4262	-.84972829E+03
4263	-.84977860E+03
4264	-.84983668E+03
4265	-.84990303E+03
4266	-.84997554E+03
4267	-.85005103E+03
4268	-.85013248E+03
4269	-.85021496E+03
4270	-.85029833E+03
4271	-.85038165E+03
4272	-.85046321E+03
4273	-.85054087E+03
4274	-.85061297E+03
4275	-.85068257E+03
4276	-.85074412E+03
4277	-.85079752E+03
4278	-.85084571E+03
4279	-.85088540E+03
4280	-.85091676E+03
4281	-.85094398E+03
4282	-.85096384E+03
4283	-.85097810E+03
4284	-.85098781E+03
4285	-.85099534E+03
4286	-.85100015E+03
4287	-.85100195E+03
4288	-.85100256E+03
4289	-.85100034E+03
4290	-.85099915E+03
4291	-.85099544E+03
4292	-.85099015E+03
4293	-.85098293E+03
4294	-.85097743E+03
4295	-.85096957E+03
4296	-.85096063E+03
4297	-.85095052E+03
4298	-.85093920E+03
4299	-.85092803E+03
4300	-.85091788E+03
4301	-.85090550E+03
4302	-.85089438E+03
4303	-.85088176E+03
4304	-.85086842E+03
4305	-.85085670E+03
4306	-.85084368E+03
4307	-.85082916E+03
4308	-.85081361E+03
4309	-.85080161E+03
4310	-.85078634E+03
4311	-.85076889E+03
4312	-.85075152E+03
4313	-.85073059E+03
4314	-.85070916E+03
4315	-.85068461E+03
4316	-.85065801E+03
4317	-.85062825E+03
4318	-.85059798E+03
4319	-.85056483E+03
4320	-.85052918E+03
4321	-.85049191E+03
4322	-.85045737E+03
4323	-.85042036E+03
4324	-.85038269E+03
4325	-.85034551E+03
4326	-.85030584E+03
4327	-.85027323E+03
4328	-.85023851E+03
4329	-.85020353E+03
4330	-.85017351E+03
4331	-.85014386E+03
4332	-.85011574E+03
4333	-.85009124E+03
4334	-.85006915E+03
4335	-.85004781E+03
4336	-.85003178E+03
4337	-.85001726E+03
4338	-.85000404E+03
4339	-.84999661E+03
4340	-.84999097E+03
4341	-.84998707E+03
4342	-.84998751E+03
4343	-.84998979E+03
4344	-.84999421E+03
4345	-.85000133E+03
4346	-.85001038E+03
4347	-.85002063E+03
4348	-.85003233E+03
4349	-.85004537E+03
4350	-.85005887E+03
4351	-.85007384E+03
4352	-.85008829E+03
4353	-.85010197E+03
4354	-.85011519E+03
4355	-.85012943E+03
4356	-.85014311E+03
4357	-.85015581E+03
4358	-.85016777E+03
4359	-.85017797E+03
4360	-.85018688E+03
4361	-.85019864E+03
4362	-.85020720E+03
4363	-.85021354E+03
4364	-.85021695E+03
4365	-.85022559E+03
4366	-.85023027E+03
4367	-.85023384E+03
4368	-.85023740E+03
4369	-.85023800E+03
4370	-.85024251E+03
4371	-.85024468E+03
4372	-.85024547E+03
4373	-.85024894E+03
4374	-.85025094E+03
4375	-.85025345E+03
4376	-.85025676E+03
4377	-.85025970E+03
4378	-.85026499E+03
4379	-.85026942E+03
4380	-.85027353E+03
4381	-.85027993E+03
4382	-.85028531E+03
4383	-.85028989E+03
4384	-.85029354E+03
4385	-.85029820E+03
4386	-.85030105E+03
4387	-.85029997E+03
4388	-.85030048E+03
4389	-.85029636E+03
4390	-.85028983E+03
4391	-.85027864E+03
4392	-.85026626E+03
4393	-.85024892E+03
4394	-.85022714E+03
4395	-.85020237E+03
4396	-.85017430E+03
4397	-.85014326E+03
4398	-.85010966E+03
4399	-.85007292E+03
4400	-.85003575E+03
4401	-.84999606E+03
4402	-.84995516E+03
4403	-.84991492E+03
4404	-.84987635E+03
4405	-.84983724E+03
4406	-.84980105E+03
4407	-.84976645E+03
4408	-.84973436E+03
4409	-.84970561E+03
4410	-.84968143E+03
4411	-.84966158E+03
4412	-.84964502E+03
4413	-.84963486E+03
4414	-.84962828E+03
4415	-.84962507E+03
4416	-.84963015E+03
4417	-.84963767E+03
4418	-.84964874E+03
4419	-.84966131E+03
4420	-.84968327E+03
4421	-.84970441E+03
4422	-.84972624E+03
4423	-.84975010E+03
4424	-.84977304E+03
4425	-.84979566E+03
4426	-.84981486E+03
4427	-.84983436E+03
4428	-.84984941E+03
4429	-.84986050E+03
4430	-.84986571E+03
4431	-.84987286E+03
4432	-.84987311E+03
4433	-.84986808E+03
4434	-.84986319E+03
4435	-.84985424E+03
4436	-.84984270E+03
4437	-.84983186E+03
4438	-.84982077E+03
4439	-.84980894E+03
4440	-.84980099E+03
4441	-.84979486E+03
4442	-.84979137E+03
4443	-.84979120E+03
4444	-.84979665E+03
4445	-.84980885E+03
4446	-.84982365E+03
4447	-.84984207E+03
4448	-.84986150E+03
4449	-.84989276E+03
4450	-.84992203E+03
4451	-.84995261E+03
4452	-.84998336E+03
4453	-.85001336E+03
4454	-.85004864E+03
4455	-.85007888E+03
4456	-.85010579E+03
4457	-.85013219E+03
4458	-.85015557E+03
4459	-.85017532E+03
4460	-.85019157E+03
4461	-.85020241E+03
4462	-.85021390E+03
4463	-.85022001E+03
4464	-.85022221E+03
4465	-.85022275E+03
4466	-.85022089E+03
4467	-.85021550E+03
4468	-.85021072E+03
4469	-.85020430E+03
4470	-.85019537E+03
4471	-.85018990E+03
4472	-.85018279E+03
4473	-.85017510E+03
4474	-.85017039E+03
4475	-.85016575E+03
4476	-.85016216E+03
4477	-.85016088E+03
4478	-.85016124E+03
4479	-.85016299E+03
4480	-.85016492E+03
4481	-.85017208E+03
4482	-.85017833E+03
4483	-.85018521E+03
4484	-.85019431E+03
4485	-.85020292E+03
4486	-.85021158E+03
4487	-.85021837E+03
4488	-.85022097E+03
4489	-.85023113E+03
4490	-.85023391E+03
4491	-.85023393E+03
4492	-.85022965E+03
4493	-.85022371E+03
4494	-.85021280E+03
4495	-.85019858E+03
4496	-.85017846E+03
4497	-.85015676E+03
4498	-.85013004E+03
4499	-.85009987E+03
4500	-.85006785E+03
4501	-.85003412E+03
4502	-.84999928E+03
4503	-.84996480E+03
4504	-.84993298E+03
4505	-.84990353E+03
4506	-.84987857E+03
4507	-.84985820E+03
4508	-.84984384E+03
4509	-.84983648E+03
4510	-.84983802E+03
4511	-.84984781E+03
4512	-.84986629E+03
4513	-.84989379E+03
4514	-.84992986E+03
4515	-.84997262E+03
4516	-.85002784E+03
4517	-.85008773E+03
4518	-.85015280E+03
4519	-.85022477E+03
4520	-.85029980E+03
4521	-.85037642E+03
4522	-.85045503E+03
4523	-.85053446E+03
4524	-.85061022E+03
4525	-.85068738E+03
4526	-.85075966E+03
4527	-.85082724E+03
4528	-.85089188E+03
4529	-.85095163E+03
4530	-.85100647E+03
4531	-.85105711E+03
4532	-.85110222E+03
4533	-.85114678E+03
4534	-.85118703E+03
4535	-.85122473E+03
4536	-.85126162E+03
4537	-.85129839E+03
4538	-.85133445E+03
4539	-.85137146E+03
4540	-.85141051E+03
4541	-.85144788E+03
4542	-.85149052E+03
4543	-.85153242E+03
4544	-.85157373E+03
4545	-.85161825E+03
4546	-.85166148E+03
4547	-.85170297E+03
4548	-.85174449E+03
4549	-.85178331E+03
4550	-.85181766E+03
4551	-.85185042E+03
4552	-.85187784E+03
4553	-.85189941E+03
4554	-.85191639E+03
4555	-.85192794E+03
4556	-.85193287E+03
4557	-.85193005E+03
4558	-.85192325E+03
4559	-.85190910E+03
4560	-.85188877E+03
4561	-.85186344E+03
4562	-.85183326E+03
4563	-.85179749E+03
4564	-.85175693E+03
4565	-.85171795E+03
4566	-.85167352E+03
4567	-.85162506E+03
4568	-.85157984E+03
4569	-.85153182E+03
4570	-.85148210E+03
4571	-.85143602E+03
4572	-.85138892E+03
4573	-.85134187E+03
4574	-.85129742E+03
4575	-.85125428E+03
4576	-.85120971E+03
4577	-.85117043E+03
4578	-.85113051E+03
4579	-.85108969E+03
4580	-.85105314E+03
4581	-.85101497E+03
4582	-.85097598E+03
4583	-.85093430E+03
4584	-.85089973E+03
4585	-.85086004E+03
4586	-.85081900E+03
4587	-.85077568E+03
4588	-.85073481E+03
4589	-.85069106E+03
4590	-.85064605E+03
4591	-.85060146E+03
4592	-.85055660E+03
4593	-.85051061E+03
4594	-.85046771E+03
4595	-.85042504E+03
4596	-.85038281E+03
4597	-.85034464E+03
4598	-.85030820E+03
4599	-.85027469E+03
4600	-.85024407E+03
4601	-.85021774E+03
4602	-.85019477E+03
4603	-.85017587E+03
4604	-.85016104E+03
4605	-.85015123E+03
4606	-.85014741E+03
4607	-.85014778E+03
4608	-.85014987E+03
4609	-.85016510E+03
4610	-.85018127E+03
4611	-.85019905E+03
4612	-.85022844E+03
4613	-.85025894E+03
4614	-.85029106E+03
4615	-.85033162E+03
4616	-.85037310E+03
4617	-.85041567E+03
4618	-.85045682E+03
4619	-.85051094E+03
4620	-.85056011E+03
4621	-.85061045E+03
4622	-.85066146E+03
4623	-.85071271E+03
4624	-.85076523E+03
4625	-.85081990E+03
4626	-.85087464E+03
4627	-.85093095E+03
4628	-.85098799E+03
4629	-.85104615E+03
4630	-.85110504E+03
4631	-.85116625E+03
4632	-.85122812E+03
4633	-.85129085E+03
4634	-.85135417E+03
4635	-.85141826E+03
4636	-.85148324E+03
4637	-.85154974E+03
4638	-.85161418E+03
4639	-.85167735E+03
4640	-.85173862E+03
4641	-.85179951E+03
4642	-.85185768E+03
4643	-.85191156E+03
4644	-.85196202E+03
4645	-.85200809E+03
4646	-.85204914E+03
4647	-.85208459E+03
4648	-.85211333E+03
4649	-.85213545E+03
4650	-.85215257E+03
4651	-.85216165E+03
4652	-.85216186E+03
4653	-.85215398E+03
4654	-.85214115E+03
4655	-.85212210E+03
4656	-.85209245E+03
4657	-.85206147E+03
4658	-.85202264E+03
4659	-.85197833E+03
4660	-.85193129E+03
4661	-.85188117E+03
4662	-.85182785E+03
4663	-.85177259E+03
4664	-.85172210E+03
4665	-.85166906E+03
4666	-.85161632E+03
4667	-.85156746E+03
4668	-.85151907E+03
4669	-.85147240E+03
4670	-.85142840E+03
4671	-.85138653E+03
4672	-.85134606E+03
4673	-.85131115E+03
4674	-.85127581E+03
4675	-.85124126E+03
4676	-.85121254E+03
4677	-.85118408E+03
4678	-.85115787E+03
4679	-.85113440E+03
4680	-.85111361E+03
4681	-.85109506E+03
4682	-.85107910E+03
4683	-.85106593E+03
4684	-.85105603E+03
4685	-.85105014E+03
4686	-.85104823E+03
4687	-.85104955E+03
4688	-.85105425E+03
4689	-.85106202E+03
4690	-.85107174E+03
4691	-.85109134E+03
4692	-.85111142E+03
4693	-.85113364E+03
4694	-.85116390E+03
4695	-.85119549E+03
4696	-.85123134E+03
4697	-.85126959E+03
4698	-.85131280E+03
4699	-.85135819E+03
4700	-.85140569E+03
4701	-.85145481E+03
4702	-.85150877E+03
4703	-.85156371E+03
4704	-.85161989E+03
4705	-.85167646E+03
4706	-.85173285E+03
4707	-.85178842E+03
4708	-.85184260E+03
4709	-.85189508E+03
4710	-.85194905E+03
4711	-.85199642E+03
4712	-.85203804E+03
4713	-.85207905E+03
4714	-.85211356E+03
4715	-.85214194E+03
4716	-.85216193E+03
4717	-.85218627E+03
4718	-.85220038E+03
4719	-.85220915E+03
4720	-.85221366E+03
4721	-.85221258E+03
4722	-.85220897E+03
4723	-.85220049E+03
4724	-.85218784E+03
4725	-.85217101E+03
4726	-.85215460E+03
4727	-.85213438E+03
4728	-.85211177E+03
4729	-.85208656E+03
4730	-.85205809E+03
4731	-.85203452E+03
4732	-.85200683E+03
4733	-.85197877E+03
4734	-.85194985E+03
4735	-.85192011E+03
4736	-.85189707E+03
4737	-.85186507E+03
4738	-.85184902E+03
4739	-.85182834E+03
4740	-.85181029E+03
4741	-.85179529E+03
4742	-.85178349E+03
4743	-.85177516E+03
4744	-.85177042E+03
4745	-.85176907E+03
4746	-.85177114E+03
4747	-.85177544E+03
4748	-.85178120E+03
4749	-.85179037E+03
4750	-.85179857E+03
4751	-.85180572E+03
4752	-.85181503E+03
4753	-.85182156E+03
4754	-.85182605E+03
4755	-.85182749E+03
4756	-.85183100E+03
4757	-.85183017E+03
4758	-.85182718E+03
4759	-.85182378E+03
4760	-.85181814E+03
4761	-.85181159E+03
4762	-.85180410E+03
4763	-.85179622E+03
4764	-.85178898E+03
4765	-.85178220E+03
4766	-.85177546E+03
4767	-.85176991E+03
4768	-.85176539E+03
4769	-.85176050E+03
4770	-.85175747E+03
4771	-.85175423E+03
4772	-.85175211E+03
4773	-.85174984E+03
4774	-.85174707E+03
4775	-.85174359E+03
4776	-.85173938E+03
4777	-.85174023E+03
4778	-.85173707E+03
4779	-.85173102E+03
4780	-.85171688E+03
4781	-.85172129E+03
4782	-.85171316E+03
4783	-.85170308E+03
4784	-.85169033E+03
4785	-.85167458E+03
4786	-.85165565E+03
4787	-.85163337E+03
4788	-.85160700E+03
4789	-.85157606E+03
4790	-.85154018E+03
4791	-.85149931E+03
4792	-.85145507E+03
4793	-.85140465E+03
4794	-.85134856E+03
4795	-.85129144E+03
4796	-.85122898E+03
4797	-.85116290E+03
4798	-.85109526E+03
4799	-.85102565E+03
4800	-.85095511E+03
4801	-.85088354E+03
4802	-.85081055E+03
4803	-.85074612E+03
4804	-.85068012E+03
4805	-.85061698E+03
4806	-.85055629E+03
4807	-.85049815E+03
4808	-.85045248E+03
4809	-.85040735E+03
4810	-.85036775E+03
4811	-.85033369E+03
4812	-.85030508E+03
4813	-.85028078E+03
4814	-.85026470E+03
4815	-.85025228E+03
4816	-.85024297E+03
4817	-.85024083E+03
4818	-.85024079E+03
4819	-.85024259E+03
4820	-.85024891E+03
4821	-.85025572E+03
4822	-.85026217E+03
4823	-.85027097E+03
4824	-.85027885E+03
4825	-.85028540E+03
4826	-.85029078E+03
4827	-.85029256E+03
4828	-.85029565E+03
4829	-.85029465E+03
4830	-.85029003E+03
4831	-.85028471E+03
4832	-.85027600E+03
4833	-.85026409E+03
4834	-.85025100E+03
4835	-.85023550E+03
4836	-.85021772E+03
4837	-.85019897E+03
4838	-.85018011E+03
4839	-.85016076E+03
4840	-.85013993E+03
4841	-.85012266E+03
4842	-.85010490E+03
4843	-.85008833E+03
4844	-.85007470E+03
4845	-.85006395E+03
4846	-.85005573E+03
4847	-.85005320E+03
4848	-.85005463E+03
4849	-.85006059E+03
4850	-.85007208E+03
4851	-.85009285E+03
4852	-.85011871E+03
4853	-.85015027E+03
4854	-.85018931E+03
4855	-.85023555E+03
4856	-.85028655E+03
4857	-.85034441E+03
4858	-.85040588E+03
4859	-.85047054E+03
4860	-.85053740E+03
4861	-.85060671E+03
4862	-.85067550E+03
4863	-.85074279E+03
4864	-.85080789E+03
4865	-.85086926E+03
4866	-.85092737E+03
4867	-.85098041E+03
4868	-.85102853E+03
4869	-.85107163E+03
4870	-.85111122E+03
4871	-.85114609E+03
4872	-.85117707E+03
4873	-.85120454E+03
4874	-.85122882E+03
4875	-.85124964E+03
4876	-.85127155E+03
4877	-.85129040E+03
4878	-.85130814E+03
4879	-.85132621E+03
4880	-.85134428E+03
4881	-.85136328E+03
4882	-.85138322E+03
4883	-.85140383E+03
4884	-.85142363E+03
4885	-.85144736E+03
4886	-.85147020E+03
4887	-.85149252E+03
4888	-.85151591E+03
4889	-.85153794E+03
4890	-.85155756E+03
4891	-.85157495E+03
4892	-.85158863E+03
4893	-.85159826E+03
4894	-.85160170E+03
4895	-.85159967E+03
4896	-.85158993E+03
4897	-.85157139E+03
4898	-.85154443E+03
4899	-.85151254E+03
4900	-.85147047E+03
4901	-.85141995E+03
4902	-.85136314E+03
4903	-.85130044E+03
4904	-.85123048E+03
4905	-.85116027E+03
4906	-.85108614E+03
4907	-.85101016E+03
4908	-.85093672E+03
4909	-.85086408E+03
4910	-.85079366E+03
4911	-.85072834E+03
4912	-.85066828E+03
4913	-.85061221E+03
4914	-.85056424E+03
4915	-.85052081E+03
4916	-.85048323E+03
4917	-.85045130E+03
4918	-.85042658E+03
4919	-.85040613E+03
4920	-.85039039E+03
4921	-.85037838E+03
4922	-.85037208E+03
4923	-.85036751E+03
4924	-.85036522E+03
4925	-.85036507E+03
4926	-.85036633E+03
4927	-.85036797E+03
4928	-.85036888E+03
4929	-.85037229E+03
4930	-.85037345E+03
4931	-.85037282E+03
4932	-.85037089E+03
4933	-.85037074E+03
4934	-.85036613E+03
4935	-.85036022E+03
4936	-.85035137E+03
4937	-.85034231E+03
4938	-.85033050E+03
4939	-.85031654E+03
4940	-.85030069E+03
4941	-.85028493E+03
4942	-.85027057E+03
4943	-.85025586E+03
4944	-.85024185E+03
4945	-.85023177E+03
4946	-.85022429E+03
4947	-.85022010E+03
4948	-.85022029E+03
4949	-.85022686E+03
4950	-.85023975E+03
4951	-.85025714E+03
4952	-.85027976E+03
4953	-.85030652E+03
4954	-.85033424E+03
4955	-.85037282E+03
4956	-.85040949E+03
4957	-.85044450E+03
4958	-.85048451E+03
4959	-.85052047E+03
4960	-.85055327E+03
4961	-.85058342E+03
4962	-.85060763E+03
4963	-.85062729E+03
4964	-.85064131E+03
4965	-.85064614E+03
4966	-.85064773E+03
4967	-.85064067E+03
4968	-.85062625E+03
4969	-.85060658E+03
4970	-.85058067E+03
4971	-.85054766E+03
4972	-.85051310E+03
4973	-.85047333E+03
4974	-.85042958E+03
4975	-.85038597E+03
4976	-.85033988E+03
4977	-.85029411E+03
4978	-.85024755E+03
4979	-.85020539E+03
4980	-.85016471E+03
4981	-.85012698E+03
4982	-.85009304E+03
4983	-.85006745E+03
4984	-.85004641E+03
4985	-.85003057E+03
4986	-.85002298E+03
4987	-.85002147E+03
4988	-.85002658E+03
4989	-.85003684E+03
4990	-.85005199E+03
4991	-.85007099E+03
4992	-.85009322E+03
4993	-.85011789E+03
4994	-.85014194E+03
4995	-.85016701E+03
4996	-.85019026E+03
4997	-.85021027E+03
4998	-.85022704E+03
4999	-.85024653E+03
5000	-.85025997E+03
