1	-.12006759E+04
2	-.12007433E+04
3	-.12007140E+04
4	-.12005840E+04
5	-.12003517E+04
6	-.12000192E+04
7	-.11995955E+04
8	-.11990952E+04
9	-.11985357E+04
10	-.11979408E+04
11	-.11973363E+04
12	-.11967494E+04
13	-.11962044E+04
14	-.11957232E+04
15	-.11953218E+04
16	-.11950090E+04
17	-.11947852E+04
18	-.11946430E+04
19	-.11945671E+04
20	-.11945355E+04
21	-.11945213E+04
22	-.11944956E+04
23	-.11944291E+04
24	-.11942961E+04
25	-.11940790E+04
26	-.11937653E+04
27	-.11933562E+04
28	-.11928624E+04
29	-.11923040E+04
30	-.11917072E+04
31	-.11910993E+04
32	-.11905053E+04
33	-.11899449E+04
34	-.11894296E+04
35	-.11889646E+04
36	-.11885509E+04
37	-.11881851E+04
38	-.11878653E+04
39	-.11875912E+04
40	-.11873648E+04
41	-.11871903E+04
42	-.11870733E+04
43	-.11870198E+04
44	-.11870346E+04
45	-.11871208E+04
46	-.11872787E+04
47	-.11875052E+04
48	-.11877931E+04
49	-.11881318E+04
50	-.11885064E+04
51	-.11888992E+04
52	-.11892908E+04
53	-.11896610E+04
54	-.11899916E+04
55	-.11902672E+04
56	-.11904775E+04
57	-.11906167E+04
58	-.11906869E+04
59	-.11906919E+04
60	-.11906432E+04
61	-.11905521E+04
62	-.11904335E+04
63	-.11903026E+04
64	-.11901753E+04
65	-.11900655E+04
66	-.11899853E+04
67	-.11899441E+04
68	-.11899485E+04
69	-.11899995E+04
70	-.11900947E+04
71	-.11902280E+04
72	-.11903906E+04
73	-.11905722E+04
74	-.11907636E+04
75	-.11909541E+04
76	-.11911371E+04
77	-.11913053E+04
78	-.11914542E+04
79	-.11915804E+04
80	-.11916801E+04
81	-.11917511E+04
82	-.11917899E+04
83	-.11917944E+04
84	-.11917638E+04
85	-.11916988E+04
86	-.11916025E+04
87	-.11914803E+04
88	-.11913399E+04
89	-.11911900E+04
90	-.11910407E+04
91	-.11909014E+04
92	-.11907792E+04
93	-.11906810E+04
94	-.11906125E+04
95	-.11905763E+04
96	-.11905749E+04
97	-.11906096E+04
98	-.11906807E+04
99	-.11907876E+04
100	-.11909284E+04
101	-.11910986E+04
102	-.11912920E+04
103	-.11914997E+04
104	-.11917105E+04
105	-.11919108E+04
106	-.11920874E+04
107	-.11922281E+04
108	-.11923227E+04
109	-.11923651E+04
110	-.11923545E+04
111	-.11922950E+04
112	-.11921960E+04
113	-.11920698E+04
114	-.11919320E+04
115	-.11917978E+04
116	-.11916830E+04
117	-.11915995E+04
118	-.11915578E+04
119	-.11915645E+04
120	-.11916242E+04
121	-.11917366E+04
122	-.11919003E+04
123	-.11921114E+04
124	-.11923637E+04
125	-.11926476E+04
126	-.11929558E+04
127	-.11932750E+04
128	-.11935944E+04
129	-.11939026E+04
130	-.11941891E+04
131	-.11944451E+04
132	-.11946622E+04
133	-.11948336E+04
134	-.11949544E+04
135	-.11950189E+04
136	-.11950252E+04
137	-.11949704E+04
138	-.11948555E+04
139	-.11946857E+04
140	-.11944669E+04
141	-.11942102E+04
142	-.11939286E+04
143	-.11936369E+04
144	-.11933510E+04
145	-.11930850E+04
146	-.11928516E+04
147	-.11926604E+04
148	-.11925174E+04
149	-.11924248E+04
150	-.11923811E+04
151	-.11923806E+04
152	-.11924151E+04
153	-.11924748E+04
154	-.11925490E+04
155	-.11926254E+04
156	-.11926934E+04
157	-.11927440E+04
158	-.11927695E+04
159	-.11927641E+04
160	-.11927259E+04
161	-.11926524E+04
162	-.11925467E+04
163	-.11924116E+04
164	-.11922531E+04
165	-.11920781E+04
166	-.11918980E+04
167	-.11917207E+04
168	-.11915567E+04
169	-.11914158E+04
170	-.11913056E+04
171	-.11912327E+04
172	-.11912019E+04
173	-.11912146E+04
174	-.11912713E+04
175	-.11913706E+04
176	-.11915080E+04
177	-.11916788E+04
178	-.11918748E+04
179	-.11920871E+04
180	-.11923051E+04
181	-.11925178E+04
182	-.11927145E+04
183	-.11928861E+04
184	-.11930246E+04
185	-.11931253E+04
186	-.11931871E+04
187	-.11932114E+04
188	-.11932026E+04
189	-.11931679E+04
190	-.11931155E+04
191	-.11930538E+04
192	-.11929907E+04
193	-.11929325E+04
194	-.11928832E+04
195	-.11928451E+04
196	-.11928158E+04
197	-.11927935E+04
198	-.11927717E+04
199	-.11927447E+04
200	-.11927052E+04
201	-.11926466E+04
202	-.11925630E+04
203	-.11924497E+04
204	-.11923041E+04
205	-.11921263E+04
206	-.11919183E+04
207	-.11916860E+04
208	-.11914391E+04
209	-.11911879E+04
210	-.11909452E+04
211	-.11907238E+04
212	-.11905317E+04
213	-.11903755E+04
214	-.11902571E+04
215	-.11901753E+04
216	-.11901264E+04
217	-.11901047E+04
218	-.11901046E+04
219	-.11901215E+04
220	-.11901522E+04
221	-.11901958E+04
222	-.11902513E+04
223	-.11903193E+04
224	-.11904000E+04
225	-.11904940E+04
226	-.11906000E+04
227	-.11907174E+04
228	-.11908439E+04
229	-.11909776E+04
230	-.11911182E+04
231	-.11912653E+04
232	-.11914206E+04
233	-.11915872E+04
234	-.11917683E+04
235	-.11919675E+04
236	-.11921862E+04
237	-.11924245E+04
238	-.11926791E+04
239	-.11929441E+04
240	-.11932114E+04
241	-.11934708E+04
242	-.11937126E+04
243	-.11939284E+04
244	-.11941118E+04
245	-.11942577E+04
246	-.11943664E+04
247	-.11944390E+04
248	-.11944799E+04
249	-.11944965E+04
250	-.11944957E+04
251	-.11944855E+04
252	-.11944738E+04
253	-.11944672E+04
254	-.11944700E+04
255	-.11944854E+04
256	-.11945150E+04
257	-.11945580E+04
258	-.11946124E+04
259	-.11946741E+04
260	-.11947386E+04
261	-.11947997E+04
262	-.11948514E+04
263	-.11948873E+04
264	-.11949021E+04
265	-.11948925E+04
266	-.11948553E+04
267	-.11947915E+04
268	-.11947024E+04
269	-.11945924E+04
270	-.11944668E+04
271	-.11943317E+04
272	-.11941940E+04
273	-.11940606E+04
274	-.11939359E+04
275	-.11938241E+04
276	-.11937281E+04
277	-.11936490E+04
278	-.11935845E+04
279	-.11935329E+04
280	-.11934910E+04
281	-.11934566E+04
282	-.11934289E+04
283	-.11934082E+04
284	-.11933962E+04
285	-.11933942E+04
286	-.11934038E+04
287	-.11934245E+04
288	-.11934552E+04
289	-.11934930E+04
290	-.11935337E+04
291	-.11935735E+04
292	-.11936069E+04
293	-.11936308E+04
294	-.11936411E+04
295	-.11936358E+04
296	-.11936136E+04
297	-.11935753E+04
298	-.11935212E+04
299	-.11934567E+04
300	-.11933842E+04
301	-.11933096E+04
302	-.11932383E+04
303	-.11931756E+04
304	-.11931274E+04
305	-.11930944E+04
306	-.11930770E+04
307	-.11930722E+04
308	-.11930743E+04
309	-.11930759E+04
310	-.11930693E+04
311	-.11930464E+04
312	-.11930027E+04
313	-.11929341E+04
314	-.11928400E+04
315	-.11927225E+04
316	-.11925844E+04
317	-.11924313E+04
318	-.11922672E+04
319	-.11920970E+04
320	-.11919243E+04
321	-.11917510E+04
322	-.11915777E+04
323	-.11914035E+04
324	-.11912275E+04
325	-.11910488E+04
326	-.11908666E+04
327	-.11906820E+04
328	-.11904974E+04
329	-.11903161E+04
330	-.11901426E+04
331	-.11899815E+04
332	-.11898369E+04
333	-.11897125E+04
334	-.11896116E+04
335	-.11895343E+04
336	-.11894816E+04
337	-.11894497E+04
338	-.11894345E+04
339	-.11894306E+04
340	-.11894296E+04
341	-.11894239E+04
342	-.11894062E+04
343	-.11893705E+04
344	-.11893133E+04
345	-.11892345E+04
346	-.11891380E+04
347	-.11890299E+04
348	-.11889201E+04
349	-.11888208E+04
350	-.11887406E+04
351	-.11886887E+04
352	-.11886737E+04
353	-.11886968E+04
354	-.11887602E+04
355	-.11888624E+04
356	-.11890030E+04
357	-.11891782E+04
358	-.11893854E+04
359	-.11896220E+04
360	-.11898838E+04
361	-.11901656E+04
362	-.11904620E+04
363	-.11907670E+04
364	-.11910738E+04
365	-.11913765E+04
366	-.11916685E+04
367	-.11919445E+04
368	-.11921995E+04
369	-.11924305E+04
370	-.11926347E+04
371	-.11928103E+04
372	-.11929585E+04
373	-.11930792E+04
374	-.11931772E+04
375	-.11932550E+04
376	-.11933187E+04
377	-.11933743E+04
378	-.11934289E+04
379	-.11934895E+04
380	-.11935630E+04
381	-.11936546E+04
382	-.11937689E+04
383	-.11939067E+04
384	-.11940670E+04
385	-.11942451E+04
386	-.11944345E+04
387	-.11946263E+04
388	-.11948100E+04
389	-.11949767E+04
390	-.11951177E+04
391	-.11952251E+04
392	-.11952948E+04
393	-.11953251E+04
394	-.11953172E+04
395	-.11952743E+04
396	-.11952022E+04
397	-.11951076E+04
398	-.11949982E+04
399	-.11948810E+04
400	-.11947633E+04
401	-.11946490E+04
402	-.11945421E+04
403	-.11944438E+04
404	-.11943547E+04
405	-.11942739E+04
406	-.11942019E+04
407	-.11941373E+04
408	-.11940796E+04
409	-.11940287E+04
410	-.11939854E+04
411	-.11939504E+04
412	-.11939235E+04
413	-.11939050E+04
414	-.11938935E+04
415	-.11938867E+04
416	-.11938820E+04
417	-.11938757E+04
418	-.11938645E+04
419	-.11938455E+04
420	-.11938174E+04
421	-.11937802E+04
422	-.11937353E+04
423	-.11936859E+04
424	-.11936363E+04
425	-.11935916E+04
426	-.11935569E+04
427	-.11935363E+04
428	-.11935336E+04
429	-.11935490E+04
430	-.11935833E+04
431	-.11936321E+04
432	-.11936916E+04
433	-.11937559E+04
434	-.11938193E+04
435	-.11938762E+04
436	-.11939219E+04
437	-.11939537E+04
438	-.11939700E+04
439	-.11939702E+04
440	-.11939551E+04
441	-.11939259E+04
442	-.11938839E+04
443	-.11938303E+04
444	-.11937655E+04
445	-.11936908E+04
446	-.11936060E+04
447	-.11935123E+04
448	-.11934119E+04
449	-.11933077E+04
450	-.11932033E+04
451	-.11931023E+04
452	-.11930080E+04
453	-.11929222E+04
454	-.11928460E+04
455	-.11927785E+04
456	-.11927178E+04
457	-.11926635E+04
458	-.11926107E+04
459	-.11925626E+04
460	-.11925129E+04
461	-.11924614E+04
462	-.11924061E+04
463	-.11923447E+04
464	-.11922748E+04
465	-.11921938E+04
466	-.11920989E+04
467	-.11919883E+04
468	-.11918609E+04
469	-.11917167E+04
470	-.11915577E+04
471	-.11913870E+04
472	-.11912096E+04
473	-.11910334E+04
474	-.11908673E+04
475	-.11907197E+04
476	-.11905999E+04
477	-.11905145E+04
478	-.11904679E+04
479	-.11904622E+04
480	-.11904965E+04
481	-.11905683E+04
482	-.11906739E+04
483	-.11908086E+04
484	-.11909690E+04
485	-.11911490E+04
486	-.11913432E+04
487	-.11915447E+04
488	-.11917465E+04
489	-.11919415E+04
490	-.11921217E+04
491	-.11922838E+04
492	-.11924233E+04
493	-.11925399E+04
494	-.11926345E+04
495	-.11927100E+04
496	-.11927716E+04
497	-.11928211E+04
498	-.11928646E+04
499	-.11929027E+04
500	-.11929370E+04
501	-.11929696E+04
502	-.11929975E+04
503	-.11930202E+04
504	-.11930361E+04
505	-.11930442E+04
506	-.11930446E+04
507	-.11930380E+04
508	-.11930257E+04
509	-.11930089E+04
510	-.11929920E+04
511	-.11929752E+04
512	-.11929608E+04
513	-.11929497E+04
514	-.11929423E+04
515	-.11929380E+04
516	-.11929348E+04
517	-.11929301E+04
518	-.11929195E+04
519	-.11929008E+04
520	-.11928667E+04
521	-.11928126E+04
522	-.11927331E+04
523	-.11926237E+04
524	-.11924799E+04
525	-.11923000E+04
526	-.11920840E+04
527	-.11918340E+04
528	-.11915552E+04
529	-.11912544E+04
530	-.11909408E+04
531	-.11906263E+04
532	-.11903232E+04
533	-.11900454E+04
534	-.11898053E+04
535	-.11896171E+04
536	-.11894893E+04
537	-.11894294E+04
538	-.11894398E+04
539	-.11895187E+04
540	-.11896599E+04
541	-.11898523E+04
542	-.11900844E+04
543	-.11903441E+04
544	-.11906168E+04
545	-.11908897E+04
546	-.11911514E+04
547	-.11913917E+04
548	-.11916025E+04
549	-.11917774E+04
550	-.11919133E+04
551	-.11920099E+04
552	-.11920699E+04
553	-.11921006E+04
554	-.11921092E+04
555	-.11921084E+04
556	-.11921100E+04
557	-.11921266E+04
558	-.11921702E+04
559	-.11922494E+04
560	-.11923709E+04
561	-.11925378E+04
562	-.11927486E+04
563	-.11929983E+04
564	-.11932783E+04
565	-.11935770E+04
566	-.11938823E+04
567	-.11941797E+04
568	-.11944567E+04
569	-.11947007E+04
570	-.11949021E+04
571	-.11950540E+04
572	-.11951516E+04
573	-.11951940E+04
574	-.11951823E+04
575	-.11951206E+04
576	-.11950149E+04
577	-.11948738E+04
578	-.11947058E+04
579	-.11945199E+04
580	-.11943247E+04
581	-.11941286E+04
582	-.11939375E+04
583	-.11937568E+04
584	-.11935900E+04
585	-.11934393E+04
586	-.11933044E+04
587	-.11931839E+04
588	-.11930763E+04
589	-.11929781E+04
590	-.11928862E+04
591	-.11927975E+04
592	-.11927097E+04
593	-.11926211E+04
594	-.11925322E+04
595	-.11924425E+04
596	-.11923544E+04
597	-.11922689E+04
598	-.11921869E+04
599	-.11921087E+04
600	-.11920333E+04
601	-.11919582E+04
602	-.11918819E+04
603	-.11918020E+04
604	-.11917164E+04
605	-.11916242E+04
606	-.11915253E+04
607	-.11914216E+04
608	-.11913155E+04
609	-.11912110E+04
610	-.11911131E+04
611	-.11910273E+04
612	-.11909589E+04
613	-.11909131E+04
614	-.11908935E+04
615	-.11909034E+04
616	-.11909440E+04
617	-.11910157E+04
618	-.11911172E+04
619	-.11912454E+04
620	-.11913963E+04
621	-.11915647E+04
622	-.11917433E+04
623	-.11919256E+04
624	-.11921038E+04
625	-.11922692E+04
626	-.11924148E+04
627	-.11925341E+04
628	-.11926226E+04
629	-.11926785E+04
630	-.11927025E+04
631	-.11926974E+04
632	-.11926688E+04
633	-.11926226E+04
634	-.11925660E+04
635	-.11925047E+04
636	-.11924448E+04
637	-.11923893E+04
638	-.11923410E+04
639	-.11923011E+04
640	-.11922707E+04
641	-.11922499E+04
642	-.11922394E+04
643	-.11922396E+04
644	-.11922505E+04
645	-.11922718E+04
646	-.11923021E+04
647	-.11923376E+04
648	-.11923746E+04
649	-.11924071E+04
650	-.11924289E+04
651	-.11924341E+04
652	-.11924181E+04
653	-.11923778E+04
654	-.11923131E+04
655	-.11922258E+04
656	-.11921214E+04
657	-.11920055E+04
658	-.11918862E+04
659	-.11917712E+04
660	-.11916677E+04
661	-.11915822E+04
662	-.11915185E+04
663	-.11914798E+04
664	-.11914675E+04
665	-.11914811E+04
666	-.11915183E+04
667	-.11915752E+04
668	-.11916491E+04
669	-.11917322E+04
670	-.11918189E+04
671	-.11919024E+04
672	-.11919771E+04
673	-.11920389E+04
674	-.11920845E+04
675	-.11921137E+04
676	-.11921280E+04
677	-.11921318E+04
678	-.11921298E+04
679	-.11921282E+04
680	-.11921325E+04
681	-.11921468E+04
682	-.11921738E+04
683	-.11922145E+04
684	-.11922673E+04
685	-.11923303E+04
686	-.11924000E+04
687	-.11924731E+04
688	-.11925460E+04
689	-.11926168E+04
690	-.11926866E+04
691	-.11927541E+04
692	-.11928219E+04
693	-.11928916E+04
694	-.11929657E+04
695	-.11930465E+04
696	-.11931321E+04
697	-.11932240E+04
698	-.11933173E+04
699	-.11934087E+04
700	-.11934929E+04
701	-.11935658E+04
702	-.11936219E+04
703	-.11936576E+04
704	-.11936708E+04
705	-.11936606E+04
706	-.11936278E+04
707	-.11935745E+04
708	-.11935047E+04
709	-.11934225E+04
710	-.11933334E+04
711	-.11932418E+04
712	-.11931528E+04
713	-.11930712E+04
714	-.11930006E+04
715	-.11929446E+04
716	-.11929062E+04
717	-.11928881E+04
718	-.11928908E+04
719	-.11929145E+04
720	-.11929582E+04
721	-.11930181E+04
722	-.11930895E+04
723	-.11931674E+04
724	-.11932432E+04
725	-.11933108E+04
726	-.11933638E+04
727	-.11933977E+04
728	-.11934094E+04
729	-.11933984E+04
730	-.11933661E+04
731	-.11933157E+04
732	-.11932516E+04
733	-.11931779E+04
734	-.11930986E+04
735	-.11930175E+04
736	-.11929376E+04
737	-.11928609E+04
738	-.11927893E+04
739	-.11927246E+04
740	-.11926692E+04
741	-.11926239E+04
742	-.11925900E+04
743	-.11925690E+04
744	-.11925601E+04
745	-.11925632E+04
746	-.11925774E+04
747	-.11926012E+04
748	-.11926321E+04
749	-.11926678E+04
750	-.11927049E+04
751	-.11927399E+04
752	-.11927684E+04
753	-.11927858E+04
754	-.11927890E+04
755	-.11927734E+04
756	-.11927370E+04
757	-.11926790E+04
758	-.11926008E+04
759	-.11925062E+04
760	-.11923993E+04
761	-.11922870E+04
762	-.11921761E+04
763	-.11920740E+04
764	-.11919855E+04
765	-.11919147E+04
766	-.11918635E+04
767	-.11918310E+04
768	-.11918160E+04
769	-.11918139E+04
770	-.11918207E+04
771	-.11918318E+04
772	-.11918434E+04
773	-.11918527E+04
774	-.11918580E+04
775	-.11918589E+04
776	-.11918578E+04
777	-.11918552E+04
778	-.11918540E+04
779	-.11918572E+04
780	-.11918648E+04
781	-.11918772E+04
782	-.11918932E+04
783	-.11919115E+04
784	-.11919304E+04
785	-.11919494E+04
786	-.11919686E+04
787	-.11919895E+04
788	-.11920149E+04
789	-.11920449E+04
790	-.11920839E+04
791	-.11921304E+04
792	-.11921853E+04
793	-.11922478E+04
794	-.11923183E+04
795	-.11923953E+04
796	-.11924780E+04
797	-.11925660E+04
798	-.11926577E+04
799	-.11927520E+04
800	-.11928477E+04
801	-.11929450E+04
802	-.11930427E+04
803	-.11931418E+04
804	-.11932426E+04
805	-.11933459E+04
806	-.11934509E+04
807	-.11935568E+04
808	-.11936610E+04
809	-.11937615E+04
810	-.11938538E+04
811	-.11939367E+04
812	-.11940057E+04
813	-.11940593E+04
814	-.11940960E+04
815	-.11941158E+04
816	-.11941189E+04
817	-.11941066E+04
818	-.11940809E+04
819	-.11940448E+04
820	-.11940016E+04
821	-.11939544E+04
822	-.11939066E+04
823	-.11938611E+04
824	-.11938208E+04
825	-.11937879E+04
826	-.11937637E+04
827	-.11937493E+04
828	-.11937442E+04
829	-.11937471E+04
830	-.11937564E+04
831	-.11937688E+04
832	-.11937809E+04
833	-.11937883E+04
834	-.11937869E+04
835	-.11937709E+04
836	-.11937356E+04
837	-.11936762E+04
838	-.11935879E+04
839	-.11934678E+04
840	-.11933139E+04
841	-.11931259E+04
842	-.11929066E+04
843	-.11926601E+04
844	-.11923935E+04
845	-.11921170E+04
846	-.11918431E+04
847	-.11915865E+04
848	-.11913629E+04
849	-.11911876E+04
850	-.11910749E+04
851	-.11910318E+04
852	-.11910598E+04
853	-.11911525E+04
854	-.11912983E+04
855	-.11914770E+04
856	-.11916695E+04
857	-.11918570E+04
858	-.11920243E+04
859	-.11921610E+04
860	-.11922614E+04
861	-.11923247E+04
862	-.11923553E+04
863	-.11923595E+04
864	-.11923464E+04
865	-.11923263E+04
866	-.11923091E+04
867	-.11923041E+04
868	-.11923186E+04
869	-.11923564E+04
870	-.11924196E+04
871	-.11925074E+04
872	-.11926165E+04
873	-.11927416E+04
874	-.11928768E+04
875	-.11930151E+04
876	-.11931502E+04
877	-.11932763E+04
878	-.11933892E+04
879	-.11934854E+04
880	-.11935641E+04
881	-.11936249E+04
882	-.11936693E+04
883	-.11936992E+04
884	-.11937173E+04
885	-.11937249E+04
886	-.11937235E+04
887	-.11937126E+04
888	-.11936918E+04
889	-.11936599E+04
890	-.11936148E+04
891	-.11935553E+04
892	-.11934804E+04
893	-.11933924E+04
894	-.11932918E+04
895	-.11931820E+04
896	-.11930663E+04
897	-.11929474E+04
898	-.11928290E+04
899	-.11927121E+04
900	-.11925975E+04
901	-.11924847E+04
902	-.11923731E+04
903	-.11922605E+04
904	-.11921440E+04
905	-.11920227E+04
906	-.11918940E+04
907	-.11917585E+04
908	-.11916158E+04
909	-.11914678E+04
910	-.11913171E+04
911	-.11911655E+04
912	-.11910164E+04
913	-.11908703E+04
914	-.11907281E+04
915	-.11905898E+04
916	-.11904552E+04
917	-.11903236E+04
918	-.11901939E+04
919	-.11900656E+04
920	-.11899379E+04
921	-.11898108E+04
922	-.11896851E+04
923	-.11895636E+04
924	-.11894534E+04
925	-.11893615E+04
926	-.11892973E+04
927	-.11892709E+04
928	-.11892887E+04
929	-.11893530E+04
930	-.11894593E+04
931	-.11895969E+04
932	-.11897500E+04
933	-.11899006E+04
934	-.11900315E+04
935	-.11901274E+04
936	-.11901785E+04
937	-.11901799E+04
938	-.11901331E+04
939	-.11900474E+04
940	-.11899306E+04
941	-.11897982E+04
942	-.11896652E+04
943	-.11895456E+04
944	-.11894510E+04
945	-.11893889E+04
946	-.11893631E+04
947	-.11893737E+04
948	-.11894180E+04
949	-.11894915E+04
950	-.11895874E+04
951	-.11897000E+04
952	-.11898227E+04
953	-.11899488E+04
954	-.11900740E+04
955	-.11901926E+04
956	-.11903012E+04
957	-.11903983E+04
958	-.11904818E+04
959	-.11905518E+04
960	-.11906086E+04
961	-.11906529E+04
962	-.11906854E+04
963	-.11907068E+04
964	-.11907172E+04
965	-.11907168E+04
966	-.11907077E+04
967	-.11906918E+04
968	-.11906730E+04
969	-.11906565E+04
970	-.11906499E+04
971	-.11906582E+04
972	-.11906882E+04
973	-.11907445E+04
974	-.11908303E+04
975	-.11909467E+04
976	-.11910908E+04
977	-.11912590E+04
978	-.11914456E+04
979	-.11916439E+04
980	-.11918478E+04
981	-.11920486E+04
982	-.11922423E+04
983	-.11924228E+04
984	-.11925878E+04
985	-.11927360E+04
986	-.11928677E+04
987	-.11929849E+04
988	-.11930899E+04
989	-.11931856E+04
990	-.11932757E+04
991	-.11933621E+04
992	-.11934466E+04
993	-.11935304E+04
994	-.11936139E+04
995	-.11936974E+04
996	-.11937810E+04
997	-.11938654E+04
998	-.11939521E+04
999	-.11940430E+04
1000	-.11941404E+04
1001	-.11942473E+04
1002	-.11943653E+04
1003	-.11944949E+04
1004	-.11946350E+04
1005	-.11947815E+04
1006	-.11949287E+04
1007	-.11950684E+04
1008	-.11951927E+04
1009	-.11952940E+04
1010	-.11953666E+04
1011	-.11954075E+04
1012	-.11954162E+04
1013	-.11953944E+04
1014	-.11953465E+04
1015	-.11952776E+04
1016	-.11951942E+04
1017	-.11951016E+04
1018	-.11950059E+04
1019	-.11949126E+04
1020	-.11948246E+04
1021	-.11947449E+04
1022	-.11946753E+04
1023	-.11946160E+04
1024	-.11945664E+04
1025	-.11945261E+04
1026	-.11944923E+04
1027	-.11944630E+04
1028	-.11944350E+04
1029	-.11944054E+04
1030	-.11943710E+04
1031	-.11943288E+04
1032	-.11942758E+04
1033	-.11942089E+04
1034	-.11941253E+04
1035	-.11940229E+04
1036	-.11938994E+04
1037	-.11937543E+04
1038	-.11935865E+04
1039	-.11933999E+04
1040	-.11931953E+04
1041	-.11929777E+04
1042	-.11927540E+04
1043	-.11925294E+04
1044	-.11923153E+04
1045	-.11921167E+04
1046	-.11919422E+04
1047	-.11917974E+04
1048	-.11916874E+04
1049	-.11916133E+04
1050	-.11915744E+04
1051	-.11915687E+04
1052	-.11915901E+04
1053	-.11916338E+04
1054	-.11916919E+04
1055	-.11917581E+04
1056	-.11918265E+04
1057	-.11918923E+04
1058	-.11919516E+04
1059	-.11920012E+04
1060	-.11920389E+04
1061	-.11920632E+04
1062	-.11920730E+04
1063	-.11920698E+04
1064	-.11920545E+04
1065	-.11920309E+04
1066	-.11920040E+04
1067	-.11919789E+04
1068	-.11919597E+04
1069	-.11919491E+04
1070	-.11919463E+04
1071	-.11919485E+04
1072	-.11919521E+04
1073	-.11919521E+04
1074	-.11919461E+04
1075	-.11919323E+04
1076	-.11919122E+04
1077	-.11918888E+04
1078	-.11918665E+04
1079	-.11918506E+04
1080	-.11918450E+04
1081	-.11918530E+04
1082	-.11918759E+04
1083	-.11919126E+04
1084	-.11919603E+04
1085	-.11920141E+04
1086	-.11920681E+04
1087	-.11921158E+04
1088	-.11921515E+04
1089	-.11921697E+04
1090	-.11921673E+04
1091	-.11921423E+04
1092	-.11920953E+04
1093	-.11920278E+04
1094	-.11919425E+04
1095	-.11918441E+04
1096	-.11917360E+04
1097	-.11916232E+04
1098	-.11915102E+04
1099	-.11914014E+04
1100	-.11913020E+04
1101	-.11912166E+04
1102	-.11911494E+04
1103	-.11911050E+04
1104	-.11910868E+04
1105	-.11910972E+04
1106	-.11911370E+04
1107	-.11912048E+04
1108	-.11912981E+04
1109	-.11914117E+04
1110	-.11915394E+04
1111	-.11916746E+04
1112	-.11918110E+04
1113	-.11919436E+04
1114	-.11920681E+04
1115	-.11921822E+04
1116	-.11922860E+04
1117	-.11923797E+04
1118	-.11924653E+04
1119	-.11925454E+04
1120	-.11926228E+04
1121	-.11927002E+04
1122	-.11927786E+04
1123	-.11928591E+04
1124	-.11929414E+04
1125	-.11930240E+04
1126	-.11931041E+04
1127	-.11931784E+04
1128	-.11932438E+04
1129	-.11932964E+04
1130	-.11933338E+04
1131	-.11933550E+04
1132	-.11933611E+04
1133	-.11933540E+04
1134	-.11933382E+04
1135	-.11933186E+04
1136	-.11933008E+04
1137	-.11932892E+04
1138	-.11932873E+04
1139	-.11932963E+04
1140	-.11933153E+04
1141	-.11933414E+04
1142	-.11933710E+04
1143	-.11933989E+04
1144	-.11934207E+04
1145	-.11934316E+04
1146	-.11934284E+04
1147	-.11934080E+04
1148	-.11933682E+04
1149	-.11933070E+04
1150	-.11932247E+04
1151	-.11931217E+04
1152	-.11930004E+04
1153	-.11928651E+04
1154	-.11927211E+04
1155	-.11925729E+04
1156	-.11924277E+04
1157	-.11922894E+04
1158	-.11921627E+04
1159	-.11920508E+04
1160	-.11919564E+04
1161	-.11918786E+04
1162	-.11918176E+04
1163	-.11917697E+04
1164	-.11917317E+04
1165	-.11917001E+04
1166	-.11916712E+04
1167	-.11916424E+04
1168	-.11916124E+04
1169	-.11915815E+04
1170	-.11915510E+04
1171	-.11915222E+04
1172	-.11914972E+04
1173	-.11914780E+04
1174	-.11914655E+04
1175	-.11914610E+04
1176	-.11914644E+04
1177	-.11914742E+04
1178	-.11914891E+04
1179	-.11915066E+04
1180	-.11915245E+04
1181	-.11915403E+04
1182	-.11915530E+04
1183	-.11915606E+04
1184	-.11915621E+04
1185	-.11915571E+04
1186	-.11915444E+04
1187	-.11915228E+04
1188	-.11914914E+04
1189	-.11914483E+04
1190	-.11913937E+04
1191	-.11913283E+04
1192	-.11912555E+04
1193	-.11911797E+04
1194	-.11911075E+04
1195	-.11910467E+04
1196	-.11910055E+04
1197	-.11909902E+04
1198	-.11910061E+04
1199	-.11910558E+04
1200	-.11911378E+04
1201	-.11912483E+04
1202	-.11913812E+04
1203	-.11915275E+04
1204	-.11916788E+04
1205	-.11918263E+04
1206	-.11919637E+04
1207	-.11920844E+04
1208	-.11921851E+04
1209	-.11922643E+04
1210	-.11923218E+04
1211	-.11923580E+04
1212	-.11923747E+04
1213	-.11923741E+04
1214	-.11923588E+04
1215	-.11923322E+04
1216	-.11922985E+04
1217	-.11922617E+04
1218	-.11922273E+04
1219	-.11922013E+04
1220	-.11921881E+04
1221	-.11921913E+04
1222	-.11922131E+04
1223	-.11922527E+04
1224	-.11923089E+04
1225	-.11923769E+04
1226	-.11924517E+04
1227	-.11925310E+04
1228	-.11926089E+04
1229	-.11926835E+04
1230	-.11927535E+04
1231	-.11928200E+04
1232	-.11928817E+04
1233	-.11929395E+04
1234	-.11929935E+04
1235	-.11930416E+04
1236	-.11930839E+04
1237	-.11931162E+04
1238	-.11931361E+04
1239	-.11931413E+04
1240	-.11931282E+04
1241	-.11930977E+04
1242	-.11930482E+04
1243	-.11929825E+04
1244	-.11929051E+04
1245	-.11928224E+04
1246	-.11927415E+04
1247	-.11926699E+04
1248	-.11926139E+04
1249	-.11925783E+04
1250	-.11925647E+04
1251	-.11925739E+04
1252	-.11926040E+04
1253	-.11926523E+04
1254	-.11927165E+04
1255	-.11927947E+04
1256	-.11928859E+04
1257	-.11929898E+04
1258	-.11931060E+04
1259	-.11932342E+04
1260	-.11933724E+04
1261	-.11935189E+04
1262	-.11936694E+04
1263	-.11938195E+04
1264	-.11939646E+04
1265	-.11940999E+04
1266	-.11942203E+04
1267	-.11943224E+04
1268	-.11944028E+04
1269	-.11944589E+04
1270	-.11944887E+04
1271	-.11944929E+04
1272	-.11944721E+04
1273	-.11944288E+04
1274	-.11943661E+04
1275	-.11942882E+04
1276	-.11941992E+04
1277	-.11941037E+04
1278	-.11940062E+04
1279	-.11939111E+04
1280	-.11938230E+04
1281	-.11937467E+04
1282	-.11936859E+04
1283	-.11936447E+04
1284	-.11936259E+04
1285	-.11936314E+04
1286	-.11936615E+04
1287	-.11937143E+04
1288	-.11937860E+04
1289	-.11938711E+04
1290	-.11939625E+04
1291	-.11940508E+04
1292	-.11941277E+04
1293	-.11941822E+04
1294	-.11942057E+04
1295	-.11941908E+04
1296	-.11941329E+04
1297	-.11940307E+04
1298	-.11938864E+04
1299	-.11937054E+04
1300	-.11934968E+04
1301	-.11932724E+04
1302	-.11930437E+04
1303	-.11928232E+04
1304	-.11926226E+04
1305	-.11924505E+04
1306	-.11923160E+04
1307	-.11922222E+04
1308	-.11921716E+04
1309	-.11921634E+04
1310	-.11921935E+04
1311	-.11922556E+04
1312	-.11923420E+04
1313	-.11924445E+04
1314	-.11925535E+04
1315	-.11926615E+04
1316	-.11927618E+04
1317	-.11928485E+04
1318	-.11929163E+04
1319	-.11929608E+04
1320	-.11929765E+04
1321	-.11929594E+04
1322	-.11929051E+04
1323	-.11928117E+04
1324	-.11926786E+04
1325	-.11925075E+04
1326	-.11923032E+04
1327	-.11920717E+04
1328	-.11918211E+04
1329	-.11915601E+04
1330	-.11912977E+04
1331	-.11910431E+04
1332	-.11908040E+04
1333	-.11905880E+04
1334	-.11904010E+04
1335	-.11902471E+04
1336	-.11901275E+04
1337	-.11900404E+04
1338	-.11899813E+04
1339	-.11899426E+04
1340	-.11899149E+04
1341	-.11898889E+04
1342	-.11898546E+04
1343	-.11898040E+04
1344	-.11897309E+04
1345	-.11896316E+04
1346	-.11895046E+04
1347	-.11893510E+04
1348	-.11891744E+04
1349	-.11889801E+04
1350	-.11887754E+04
1351	-.11885690E+04
1352	-.11883699E+04
1353	-.11881888E+04
1354	-.11880361E+04
1355	-.11879206E+04
1356	-.11878494E+04
1357	-.11878277E+04
1358	-.11878548E+04
1359	-.11879289E+04
1360	-.11880457E+04
1361	-.11881972E+04
1362	-.11883778E+04
1363	-.11885778E+04
1364	-.11887896E+04
1365	-.11890070E+04
1366	-.11892226E+04
1367	-.11894314E+04
1368	-.11896292E+04
1369	-.11898122E+04
1370	-.11899787E+04
1371	-.11901298E+04
1372	-.11902651E+04
1373	-.11903876E+04
1374	-.11905018E+04
1375	-.11906112E+04
1376	-.11907203E+04
1377	-.11908335E+04
1378	-.11909542E+04
1379	-.11910856E+04
1380	-.11912297E+04
1381	-.11913879E+04
1382	-.11915608E+04
1383	-.11917476E+04
1384	-.11919477E+04
1385	-.11921587E+04
1386	-.11923766E+04
1387	-.11925970E+04
1388	-.11928142E+04
1389	-.11930218E+04
1390	-.11932133E+04
1391	-.11933828E+04
1392	-.11935258E+04
1393	-.11936403E+04
1394	-.11937256E+04
1395	-.11937852E+04
1396	-.11938225E+04
1397	-.11938426E+04
1398	-.11938528E+04
1399	-.11938571E+04
1400	-.11938603E+04
1401	-.11938662E+04
1402	-.11938763E+04
1403	-.11938922E+04
1404	-.11939137E+04
1405	-.11939407E+04
1406	-.11939707E+04
1407	-.11940033E+04
1408	-.11940343E+04
1409	-.11940608E+04
1410	-.11940795E+04
1411	-.11940868E+04
1412	-.11940810E+04
1413	-.11940595E+04
1414	-.11940221E+04
1415	-.11939698E+04
1416	-.11939046E+04
1417	-.11938294E+04
1418	-.11937473E+04
1419	-.11936615E+04
1420	-.11935747E+04
1421	-.11934881E+04
1422	-.11934031E+04
1423	-.11933200E+04
1424	-.11932384E+04
1425	-.11931582E+04
1426	-.11930793E+04
1427	-.11930030E+04
1428	-.11929305E+04
1429	-.11928635E+04
1430	-.11928043E+04
1431	-.11927539E+04
1432	-.11927126E+04
1433	-.11926791E+04
1434	-.11926500E+04
1435	-.11926212E+04
1436	-.11925880E+04
1437	-.11925455E+04
1438	-.11924915E+04
1439	-.11924256E+04
1440	-.11923511E+04
1441	-.11922740E+04
1442	-.11922036E+04
1443	-.11921494E+04
1444	-.11921202E+04
1445	-.11921230E+04
1446	-.11921601E+04
1447	-.11922289E+04
1448	-.11923246E+04
1449	-.11924361E+04
1450	-.11925526E+04
1451	-.11926634E+04
1452	-.11927582E+04
1453	-.11928299E+04
1454	-.11928748E+04
1455	-.11928923E+04
1456	-.11928839E+04
1457	-.11928539E+04
1458	-.11928076E+04
1459	-.11927512E+04
1460	-.11926906E+04
1461	-.11926319E+04
1462	-.11925801E+04
1463	-.11925391E+04
1464	-.11925122E+04
1465	-.11924992E+04
1466	-.11924997E+04
1467	-.11925109E+04
1468	-.11925290E+04
1469	-.11925495E+04
1470	-.11925670E+04
1471	-.11925758E+04
1472	-.11925729E+04
1473	-.11925536E+04
1474	-.11925191E+04
1475	-.11924670E+04
1476	-.11923988E+04
1477	-.11923184E+04
1478	-.11922278E+04
1479	-.11921315E+04
1480	-.11920346E+04
1481	-.11919405E+04
1482	-.11918533E+04
1483	-.11917755E+04
1484	-.11917098E+04
1485	-.11916547E+04
1486	-.11916118E+04
1487	-.11915773E+04
1488	-.11915488E+04
1489	-.11915248E+04
1490	-.11915022E+04
1491	-.11914804E+04
1492	-.11914598E+04
1493	-.11914437E+04
1494	-.11914352E+04
1495	-.11914396E+04
1496	-.11914620E+04
1497	-.11915067E+04
1498	-.11915755E+04
1499	-.11916672E+04
1500	-.11917784E+04
1501	-.11919016E+04
1502	-.11920284E+04
1503	-.11921500E+04
1504	-.11922577E+04
1505	-.11923463E+04
1506	-.11924123E+04
1507	-.11924550E+04
1508	-.11924770E+04
1509	-.11924827E+04
1510	-.11924776E+04
1511	-.11924687E+04
1512	-.11924619E+04
1513	-.11924656E+04
1514	-.11924835E+04
1515	-.11925202E+04
1516	-.11925780E+04
1517	-.11926580E+04
1518	-.11927587E+04
1519	-.11928767E+04
1520	-.11930064E+04
1521	-.11931417E+04
1522	-.11932756E+04
1523	-.11933998E+04
1524	-.11935072E+04
1525	-.11935911E+04
1526	-.11936465E+04
1527	-.11936699E+04
1528	-.11936599E+04
1529	-.11936177E+04
1530	-.11935470E+04
1531	-.11934545E+04
1532	-.11933487E+04
1533	-.11932408E+04
1534	-.11931430E+04
1535	-.11930667E+04
1536	-.11930210E+04
1537	-.11930108E+04
1538	-.11930343E+04
1539	-.11930846E+04
1540	-.11931515E+04
1541	-.11932215E+04
1542	-.11932817E+04
1543	-.11933222E+04
1544	-.11933383E+04
1545	-.11933281E+04
1546	-.11932958E+04
1547	-.11932460E+04
1548	-.11931863E+04
1549	-.11931248E+04
1550	-.11930673E+04
1551	-.11930180E+04
1552	-.11929789E+04
1553	-.11929493E+04
1554	-.11929263E+04
1555	-.11929067E+04
1556	-.11928870E+04
1557	-.11928660E+04
1558	-.11928432E+04
1559	-.11928205E+04
1560	-.11928009E+04
1561	-.11927881E+04
1562	-.11927841E+04
1563	-.11927892E+04
1564	-.11928015E+04
1565	-.11928171E+04
1566	-.11928310E+04
1567	-.11928374E+04
1568	-.11928321E+04
1569	-.11928140E+04
1570	-.11927827E+04
1571	-.11927416E+04
1572	-.11926964E+04
1573	-.11926520E+04
1574	-.11926138E+04
1575	-.11925859E+04
1576	-.11925699E+04
1577	-.11925649E+04
1578	-.11925685E+04
1579	-.11925758E+04
1580	-.11925817E+04
1581	-.11925813E+04
1582	-.11925701E+04
1583	-.11925455E+04
1584	-.11925068E+04
1585	-.11924535E+04
1586	-.11923882E+04
1587	-.11923133E+04
1588	-.11922334E+04
1589	-.11921515E+04
1590	-.11920717E+04
1591	-.11919970E+04
1592	-.11919296E+04
1593	-.11918702E+04
1594	-.11918184E+04
1595	-.11917727E+04
1596	-.11917305E+04
1597	-.11916890E+04
1598	-.11916453E+04
1599	-.11915981E+04
1600	-.11915461E+04
1601	-.11914904E+04
1602	-.11914334E+04
1603	-.11913789E+04
1604	-.11913312E+04
1605	-.11912952E+04
1606	-.11912743E+04
1607	-.11912718E+04
1608	-.11912892E+04
1609	-.11913249E+04
1610	-.11913757E+04
1611	-.11914366E+04
1612	-.11915011E+04
1613	-.11915615E+04
1614	-.11916110E+04
1615	-.11916438E+04
1616	-.11916557E+04
1617	-.11916445E+04
1618	-.11916102E+04
1619	-.11915551E+04
1620	-.11914833E+04
1621	-.11914005E+04
1622	-.11913136E+04
1623	-.11912305E+04
1624	-.11911595E+04
1625	-.11911079E+04
1626	-.11910829E+04
1627	-.11910887E+04
1628	-.11911280E+04
1629	-.11912010E+04
1630	-.11913052E+04
1631	-.11914363E+04
1632	-.11915876E+04
1633	-.11917517E+04
1634	-.11919204E+04
1635	-.11920851E+04
1636	-.11922381E+04
1637	-.11923716E+04
1638	-.11924795E+04
1639	-.11925567E+04
1640	-.11926034E+04
1641	-.11926166E+04
1642	-.11925999E+04
1643	-.11925579E+04
1644	-.11924974E+04
1645	-.11924271E+04
1646	-.11923559E+04
1647	-.11922933E+04
1648	-.11922480E+04
1649	-.11922281E+04
1650	-.11922383E+04
1651	-.11922825E+04
1652	-.11923600E+04
1653	-.11924687E+04
1654	-.11926016E+04
1655	-.11927501E+04
1656	-.11929047E+04
1657	-.11930526E+04
1658	-.11931833E+04
1659	-.11932875E+04
1660	-.11933582E+04
1661	-.11933907E+04
1662	-.11933853E+04
1663	-.11933443E+04
1664	-.11932720E+04
1665	-.11931751E+04
1666	-.11930614E+04
1667	-.11929394E+04
1668	-.11928172E+04
1669	-.11927039E+04
1670	-.11926061E+04
1671	-.11925293E+04
1672	-.11924778E+04
1673	-.11924539E+04
1674	-.11924568E+04
1675	-.11924841E+04
1676	-.11925305E+04
1677	-.11925898E+04
1678	-.11926566E+04
1679	-.11927233E+04
1680	-.11927850E+04
1681	-.11928376E+04
1682	-.11928787E+04
1683	-.11929066E+04
1684	-.11929210E+04
1685	-.11929234E+04
1686	-.11929141E+04
1687	-.11928947E+04
1688	-.11928661E+04
1689	-.11928301E+04
1690	-.11927874E+04
1691	-.11927395E+04
1692	-.11926884E+04
1693	-.11926358E+04
1694	-.11925860E+04
1695	-.11925403E+04
1696	-.11925054E+04
1697	-.11924824E+04
1698	-.11924755E+04
1699	-.11924870E+04
1700	-.11925182E+04
1701	-.11925692E+04
1702	-.11926388E+04
1703	-.11927242E+04
1704	-.11928217E+04
1705	-.11929263E+04
1706	-.11930331E+04
1707	-.11931361E+04
1708	-.11932298E+04
1709	-.11933095E+04
1710	-.11933718E+04
1711	-.11934132E+04
1712	-.11934323E+04
1713	-.11934299E+04
1714	-.11934063E+04
1715	-.11933646E+04
1716	-.11933088E+04
1717	-.11932441E+04
1718	-.11931761E+04
1719	-.11931109E+04
1720	-.11930529E+04
1721	-.11930059E+04
1722	-.11929720E+04
1723	-.11929490E+04
1724	-.11929367E+04
1725	-.11929296E+04
1726	-.11929237E+04
1727	-.11929171E+04
1728	-.11929044E+04
1729	-.11928833E+04
1730	-.11928504E+04
1731	-.11928039E+04
1732	-.11927399E+04
1733	-.11926558E+04
1734	-.11925494E+04
1735	-.11924193E+04
1736	-.11922658E+04
1737	-.11920915E+04
1738	-.11919007E+04
1739	-.11917000E+04
1740	-.11914959E+04
1741	-.11912948E+04
1742	-.11911022E+04
1743	-.11909211E+04
1744	-.11907537E+04
1745	-.11905990E+04
1746	-.11904536E+04
1747	-.11903147E+04
1748	-.11901785E+04
1749	-.11900434E+04
1750	-.11899069E+04
1751	-.11897701E+04
1752	-.11896356E+04
1753	-.11895076E+04
1754	-.11893911E+04
1755	-.11892916E+04
1756	-.11892129E+04
1757	-.11891577E+04
1758	-.11891263E+04
1759	-.11891166E+04
1760	-.11891244E+04
1761	-.11891449E+04
1762	-.11891732E+04
1763	-.11892054E+04
1764	-.11892383E+04
1765	-.11892702E+04
1766	-.11893002E+04
1767	-.11893284E+04
1768	-.11893552E+04
1769	-.11893818E+04
1770	-.11894103E+04
1771	-.11894443E+04
1772	-.11894885E+04
1773	-.11895449E+04
1774	-.11896195E+04
1775	-.11897131E+04
1776	-.11898269E+04
1777	-.11899614E+04
1778	-.11901130E+04
1779	-.11902785E+04
1780	-.11904546E+04
1781	-.11906361E+04
1782	-.11908194E+04
1783	-.11910005E+04
1784	-.11911762E+04
1785	-.11913434E+04
1786	-.11914999E+04
1787	-.11916430E+04
1788	-.11917718E+04
1789	-.11918847E+04
1790	-.11919822E+04
1791	-.11920633E+04
1792	-.11921285E+04
1793	-.11921780E+04
1794	-.11922128E+04
1795	-.11922346E+04
1796	-.11922456E+04
1797	-.11922490E+04
1798	-.11922502E+04
1799	-.11922548E+04
1800	-.11922691E+04
1801	-.11922986E+04
1802	-.11923487E+04
1803	-.11924243E+04
1804	-.11925264E+04
1805	-.11926548E+04
1806	-.11928064E+04
1807	-.11929766E+04
1808	-.11931563E+04
1809	-.11933362E+04
1810	-.11935062E+04
1811	-.11936557E+04
1812	-.11937761E+04
1813	-.11938612E+04
1814	-.11939091E+04
1815	-.11939213E+04
1816	-.11939034E+04
1817	-.11938639E+04
1818	-.11938127E+04
1819	-.11937599E+04
1820	-.11937142E+04
1821	-.11936812E+04
1822	-.11936659E+04
1823	-.11936680E+04
1824	-.11936868E+04
1825	-.11937195E+04
1826	-.11937626E+04
1827	-.11938129E+04
1828	-.11938669E+04
1829	-.11939213E+04
1830	-.11939747E+04
1831	-.11940245E+04
1832	-.11940689E+04
1833	-.11941065E+04
1834	-.11941346E+04
1835	-.11941509E+04
1836	-.11941534E+04
1837	-.11941400E+04
1838	-.11941092E+04
1839	-.11940601E+04
1840	-.11939928E+04
1841	-.11939087E+04
1842	-.11938103E+04
1843	-.11937016E+04
1844	-.11935866E+04
1845	-.11934707E+04
1846	-.11933595E+04
1847	-.11932585E+04
1848	-.11931724E+04
1849	-.11931050E+04
1850	-.11930581E+04
1851	-.11930314E+04
1852	-.11930227E+04
1853	-.11930265E+04
1854	-.11930388E+04
1855	-.11930509E+04
1856	-.11930565E+04
1857	-.11930514E+04
1858	-.11930310E+04
1859	-.11929940E+04
1860	-.11929430E+04
1861	-.11928799E+04
1862	-.11928097E+04
1863	-.11927372E+04
1864	-.11926675E+04
1865	-.11926041E+04
1866	-.11925500E+04
1867	-.11925055E+04
1868	-.11924712E+04
1869	-.11924447E+04
1870	-.11924236E+04
1871	-.11924057E+04
1872	-.11923897E+04
1873	-.11923746E+04
1874	-.11923608E+04
1875	-.11923496E+04
1876	-.11923431E+04
1877	-.11923425E+04
1878	-.11923493E+04
1879	-.11923652E+04
1880	-.11923886E+04
1881	-.11924180E+04
1882	-.11924527E+04
1883	-.11924887E+04
1884	-.11925249E+04
1885	-.11925574E+04
1886	-.11925841E+04
1887	-.11926045E+04
1888	-.11926164E+04
1889	-.11926200E+04
1890	-.11926154E+04
1891	-.11926033E+04
1892	-.11925845E+04
1893	-.11925602E+04
1894	-.11925320E+04
1895	-.11925027E+04
1896	-.11924744E+04
1897	-.11924527E+04
1898	-.11924400E+04
1899	-.11924407E+04
1900	-.11924596E+04
1901	-.11924979E+04
1902	-.11925599E+04
1903	-.11926432E+04
1904	-.11927462E+04
1905	-.11928644E+04
1906	-.11929913E+04
1907	-.11931188E+04
1908	-.11932376E+04
1909	-.11933391E+04
1910	-.11934162E+04
1911	-.11934632E+04
1912	-.11934765E+04
1913	-.11934563E+04
1914	-.11934040E+04
1915	-.11933239E+04
1916	-.11932209E+04
1917	-.11931017E+04
1918	-.11929731E+04
1919	-.11928419E+04
1920	-.11927143E+04
1921	-.11925958E+04
1922	-.11924900E+04
1923	-.11924001E+04
1924	-.11923265E+04
1925	-.11922687E+04
1926	-.11922252E+04
1927	-.11921921E+04
1928	-.11921653E+04
1929	-.11921406E+04
1930	-.11921135E+04
1931	-.11920805E+04
1932	-.11920388E+04
1933	-.11919877E+04
1934	-.11919277E+04
1935	-.11918613E+04
1936	-.11917928E+04
1937	-.11917263E+04
1938	-.11916668E+04
1939	-.11916179E+04
1940	-.11915821E+04
1941	-.11915601E+04
1942	-.11915502E+04
1943	-.11915493E+04
1944	-.11915520E+04
1945	-.11915534E+04
1946	-.11915479E+04
1947	-.11915319E+04
1948	-.11915023E+04
1949	-.11914588E+04
1950	-.11914024E+04
1951	-.11913370E+04
1952	-.11912672E+04
1953	-.11911996E+04
1954	-.11911413E+04
1955	-.11911000E+04
1956	-.11910824E+04
1957	-.11910942E+04
1958	-.11911397E+04
1959	-.11912215E+04
1960	-.11913404E+04
1961	-.11914945E+04
1962	-.11916796E+04
1963	-.11918896E+04
1964	-.11921170E+04
1965	-.11923528E+04
1966	-.11925875E+04
1967	-.11928112E+04
1968	-.11930145E+04
1969	-.11931881E+04
1970	-.11933241E+04
1971	-.11934162E+04
1972	-.11934595E+04
1973	-.11934521E+04
1974	-.11933949E+04
1975	-.11932924E+04
1976	-.11931523E+04
1977	-.11929859E+04
1978	-.11928054E+04
1979	-.11926239E+04
1980	-.11924540E+04
1981	-.11923045E+04
1982	-.11921844E+04
1983	-.11920951E+04
1984	-.11920371E+04
1985	-.11920093E+04
1986	-.11920059E+04
1987	-.11920225E+04
1988	-.11920536E+04
1989	-.11920929E+04
1990	-.11921342E+04
1991	-.11921721E+04
1992	-.11921997E+04
1993	-.11922105E+04
1994	-.11921984E+04
1995	-.11921592E+04
1996	-.11920903E+04
1997	-.11919924E+04
1998	-.11918698E+04
1999	-.11917284E+04
2000	-.11915771E+04
2001	-.11914262E+04
2002	-.11912849E+04
2003	-.11911618E+04
2004	-.11910633E+04
2005	-.11909935E+04
2006	-.11909549E+04
2007	-.11909483E+04
2008	-.11909739E+04
2009	-.11910304E+04
2010	-.11911160E+04
2011	-.11912276E+04
2012	-.11913605E+04
2013	-.11915086E+04
2014	-.11916639E+04
2015	-.11918184E+04
2016	-.11919650E+04
2017	-.11920949E+04
2018	-.11922030E+04
2019	-.11922869E+04
2020	-.11923453E+04
2021	-.11923800E+04
2022	-.11923945E+04
2023	-.11923928E+04
2024	-.11923795E+04
2025	-.11923591E+04
2026	-.11923356E+04
2027	-.11923126E+04
2028	-.11922934E+04
2029	-.11922812E+04
2030	-.11922793E+04
2031	-.11922909E+04
2032	-.11923192E+04
2033	-.11923663E+04
2034	-.11924334E+04
2035	-.11925200E+04
2036	-.11926235E+04
2037	-.11927386E+04
2038	-.11928574E+04
2039	-.11929711E+04
2040	-.11930682E+04
2041	-.11931383E+04
2042	-.11931720E+04
2043	-.11931630E+04
2044	-.11931088E+04
2045	-.11930122E+04
2046	-.11928806E+04
2047	-.11927266E+04
2048	-.11925655E+04
2049	-.11924138E+04
2050	-.11922862E+04
2051	-.11921950E+04
2052	-.11921470E+04
2053	-.11921442E+04
2054	-.11921826E+04
2055	-.11922540E+04
2056	-.11923465E+04
2057	-.11924474E+04
2058	-.11925435E+04
2059	-.11926235E+04
2060	-.11926794E+04
2061	-.11927076E+04
2062	-.11927079E+04
2063	-.11926834E+04
2064	-.11926388E+04
2065	-.11925804E+04
2066	-.11925155E+04
2067	-.11924506E+04
2068	-.11923916E+04
2069	-.11923444E+04
2070	-.11923127E+04
2071	-.11922999E+04
2072	-.11923083E+04
2073	-.11923374E+04
2074	-.11923858E+04
2075	-.11924527E+04
2076	-.11925306E+04
2077	-.11926156E+04
2078	-.11927016E+04
2079	-.11927832E+04
2080	-.11928565E+04
2081	-.11929164E+04
2082	-.11929604E+04
2083	-.11929888E+04
2084	-.11929997E+04
2085	-.11929981E+04
2086	-.11929835E+04
2087	-.11929602E+04
2088	-.11929318E+04
2089	-.11929030E+04
2090	-.11928778E+04
2091	-.11928613E+04
2092	-.11928582E+04
2093	-.11928729E+04
2094	-.11929085E+04
2095	-.11929664E+04
2096	-.11930462E+04
2097	-.11931446E+04
2098	-.11932564E+04
2099	-.11933747E+04
2100	-.11934914E+04
2101	-.11935986E+04
2102	-.11936879E+04
2103	-.11937526E+04
2104	-.11937882E+04
2105	-.11937919E+04
2106	-.11937640E+04
2107	-.11937071E+04
2108	-.11936260E+04
2109	-.11935272E+04
2110	-.11934182E+04
2111	-.11933066E+04
2112	-.11932020E+04
2113	-.11931090E+04
2114	-.11930336E+04
2115	-.11929792E+04
2116	-.11929475E+04
2117	-.11929388E+04
2118	-.11929515E+04
2119	-.11929824E+04
2120	-.11930283E+04
2121	-.11930846E+04
2122	-.11931467E+04
2123	-.11932094E+04
2124	-.11932676E+04
2125	-.11933157E+04
2126	-.11933473E+04
2127	-.11933566E+04
2128	-.11933380E+04
2129	-.11932865E+04
2130	-.11931995E+04
2131	-.11930761E+04
2132	-.11929184E+04
2133	-.11927326E+04
2134	-.11925275E+04
2135	-.11923156E+04
2136	-.11921113E+04
2137	-.11919292E+04
2138	-.11917823E+04
2139	-.11916805E+04
2140	-.11916286E+04
2141	-.11916261E+04
2142	-.11916667E+04
2143	-.11917401E+04
2144	-.11918342E+04
2145	-.11919352E+04
2146	-.11920332E+04
2147	-.11921192E+04
2148	-.11921871E+04
2149	-.11922348E+04
2150	-.11922606E+04
2151	-.11922656E+04
2152	-.11922517E+04
2153	-.11922209E+04
2154	-.11921744E+04
2155	-.11921158E+04
2156	-.11920448E+04
2157	-.11919640E+04
2158	-.11918754E+04
2159	-.11917806E+04
2160	-.11916814E+04
2161	-.11915793E+04
2162	-.11914753E+04
2163	-.11913698E+04
2164	-.11912624E+04
2165	-.11911530E+04
2166	-.11910408E+04
2167	-.11909259E+04
2168	-.11908085E+04
2169	-.11906903E+04
2170	-.11905755E+04
2171	-.11904690E+04
2172	-.11903782E+04
2173	-.11903112E+04
2174	-.11902764E+04
2175	-.11902806E+04
2176	-.11903277E+04
2177	-.11904174E+04
2178	-.11905433E+04
2179	-.11906944E+04
2180	-.11908563E+04
2181	-.11910116E+04
2182	-.11911454E+04
2183	-.11912457E+04
2184	-.11913061E+04
2185	-.11913248E+04
2186	-.11913066E+04
2187	-.11912570E+04
2188	-.11911854E+04
2189	-.11911019E+04
2190	-.11910156E+04
2191	-.11909343E+04
2192	-.11908641E+04
2193	-.11908090E+04
2194	-.11907711E+04
2195	-.11907513E+04
2196	-.11907494E+04
2197	-.11907651E+04
2198	-.11907979E+04
2199	-.11908470E+04
2200	-.11909133E+04
2201	-.11909969E+04
2202	-.11910971E+04
2203	-.11912138E+04
2204	-.11913441E+04
2205	-.11914842E+04
2206	-.11916287E+04
2207	-.11917720E+04
2208	-.11919078E+04
2209	-.11920311E+04
2210	-.11921378E+04
2211	-.11922250E+04
2212	-.11922914E+04
2213	-.11923361E+04
2214	-.11923592E+04
2215	-.11923608E+04
2216	-.11923405E+04
2217	-.11922988E+04
2218	-.11922363E+04
2219	-.11921559E+04
2220	-.11920601E+04
2221	-.11919549E+04
2222	-.11918484E+04
2223	-.11917479E+04
2224	-.11916656E+04
2225	-.11916085E+04
2226	-.11915846E+04
2227	-.11916003E+04
2228	-.11916560E+04
2229	-.11917496E+04
2230	-.11918758E+04
2231	-.11920268E+04
2232	-.11921902E+04
2233	-.11923542E+04
2234	-.11925088E+04
2235	-.11926425E+04
2236	-.11927482E+04
2237	-.11928213E+04
2238	-.11928597E+04
2239	-.11928647E+04
2240	-.11928394E+04
2241	-.11927889E+04
2242	-.11927197E+04
2243	-.11926386E+04
2244	-.11925524E+04
2245	-.11924677E+04
2246	-.11923906E+04
2247	-.11923260E+04
2248	-.11922780E+04
2249	-.11922492E+04
2250	-.11922413E+04
2251	-.11922540E+04
2252	-.11922857E+04
2253	-.11923339E+04
2254	-.11923941E+04
2255	-.11924609E+04
2256	-.11925285E+04
2257	-.11925903E+04
2258	-.11926402E+04
2259	-.11926729E+04
2260	-.11926857E+04
2261	-.11926762E+04
2262	-.11926470E+04
2263	-.11926011E+04
2264	-.11925454E+04
2265	-.11924879E+04
2266	-.11924401E+04
2267	-.11924091E+04
2268	-.11924034E+04
2269	-.11924284E+04
2270	-.11924857E+04
2271	-.11925737E+04
2272	-.11926868E+04
2273	-.11928177E+04
2274	-.11929565E+04
2275	-.11930939E+04
2276	-.11932210E+04
2277	-.11933314E+04
2278	-.11934206E+04
2279	-.11934871E+04
2280	-.11935322E+04
2281	-.11935586E+04
2282	-.11935712E+04
2283	-.11935750E+04
2284	-.11935752E+04
2285	-.11935770E+04
2286	-.11935843E+04
2287	-.11935999E+04
2288	-.11936256E+04
2289	-.11936617E+04
2290	-.11937072E+04
2291	-.11937607E+04
2292	-.11938199E+04
2293	-.11938820E+04
2294	-.11939447E+04
2295	-.11940049E+04
2296	-.11940601E+04
2297	-.11941078E+04
2298	-.11941453E+04
2299	-.11941708E+04
2300	-.11941829E+04
2301	-.11941811E+04
2302	-.11941655E+04
2303	-.11941381E+04
2304	-.11941016E+04
2305	-.11940585E+04
2306	-.11940125E+04
2307	-.11939662E+04
2308	-.11939215E+04
2309	-.11938792E+04
2310	-.11938389E+04
2311	-.11937990E+04
2312	-.11937578E+04
2313	-.11937126E+04
2314	-.11936616E+04
2315	-.11936029E+04
2316	-.11935352E+04
2317	-.11934588E+04
2318	-.11933731E+04
2319	-.11932795E+04
2320	-.11931782E+04
2321	-.11930716E+04
2322	-.11929595E+04
2323	-.11928428E+04
2324	-.11927236E+04
2325	-.11926028E+04
2326	-.11924835E+04
2327	-.11923706E+04
2328	-.11922706E+04
2329	-.11921907E+04
2330	-.11921385E+04
2331	-.11921205E+04
2332	-.11921392E+04
2333	-.11921935E+04
2334	-.11922773E+04
2335	-.11923808E+04
2336	-.11924911E+04
2337	-.11925957E+04
2338	-.11926824E+04
2339	-.11927419E+04
2340	-.11927693E+04
2341	-.11927630E+04
2342	-.11927253E+04
2343	-.11926614E+04
2344	-.11925786E+04
2345	-.11924849E+04
2346	-.11923883E+04
2347	-.11922950E+04
2348	-.11922096E+04
2349	-.11921350E+04
2350	-.11920728E+04
2351	-.11920235E+04
2352	-.11919888E+04
2353	-.11919691E+04
2354	-.11919659E+04
2355	-.11919802E+04
2356	-.11920134E+04
2357	-.11920639E+04
2358	-.11921295E+04
2359	-.11922067E+04
2360	-.11922900E+04
2361	-.11923734E+04
2362	-.11924513E+04
2363	-.11925187E+04
2364	-.11925710E+04
2365	-.11926056E+04
2366	-.11926198E+04
2367	-.11926117E+04
2368	-.11925803E+04
2369	-.11925238E+04
2370	-.11924423E+04
2371	-.11923368E+04
2372	-.11922105E+04
2373	-.11920686E+04
2374	-.11919182E+04
2375	-.11917673E+04
2376	-.11916248E+04
2377	-.11914986E+04
2378	-.11913950E+04
2379	-.11913187E+04
2380	-.11912718E+04
2381	-.11912534E+04
2382	-.11912617E+04
2383	-.11912924E+04
2384	-.11913393E+04
2385	-.11913960E+04
2386	-.11914557E+04
2387	-.11915116E+04
2388	-.11915595E+04
2389	-.11915964E+04
2390	-.11916210E+04
2391	-.11916351E+04
2392	-.11916407E+04
2393	-.11916430E+04
2394	-.11916447E+04
2395	-.11916493E+04
2396	-.11916592E+04
2397	-.11916750E+04
2398	-.11916968E+04
2399	-.11917234E+04
2400	-.11917534E+04
2401	-.11917862E+04
2402	-.11918195E+04
2403	-.11918555E+04
2404	-.11918919E+04
2405	-.11919298E+04
2406	-.11919693E+04
2407	-.11920109E+04
2408	-.11920551E+04
2409	-.11921016E+04
2410	-.11921508E+04
2411	-.11922011E+04
2412	-.11922542E+04
2413	-.11923068E+04
2414	-.11923587E+04
2415	-.11924086E+04
2416	-.11924563E+04
2417	-.11925017E+04
2418	-.11925457E+04
2419	-.11925888E+04
2420	-.11926334E+04
2421	-.11926794E+04
2422	-.11927304E+04
2423	-.11927845E+04
2424	-.11928421E+04
2425	-.11929021E+04
2426	-.11929635E+04
2427	-.11930238E+04
2428	-.11930829E+04
2429	-.11931388E+04
2430	-.11931906E+04
2431	-.11932373E+04
2432	-.11932772E+04
2433	-.11933093E+04
2434	-.11933317E+04
2435	-.11933417E+04
2436	-.11933378E+04
2437	-.11933171E+04
2438	-.11932777E+04
2439	-.11932184E+04
2440	-.11931389E+04
2441	-.11930391E+04
2442	-.11929222E+04
2443	-.11927896E+04
2444	-.11926452E+04
2445	-.11924924E+04
2446	-.11923351E+04
2447	-.11921761E+04
2448	-.11920183E+04
2449	-.11918646E+04
2450	-.11917186E+04
2451	-.11915843E+04
2452	-.11914650E+04
2453	-.11913659E+04
2454	-.11912929E+04
2455	-.11912505E+04
2456	-.11912424E+04
2457	-.11912700E+04
2458	-.11913316E+04
2459	-.11914216E+04
2460	-.11915300E+04
2461	-.11916447E+04
2462	-.11917514E+04
2463	-.11918360E+04
2464	-.11918866E+04
2465	-.11918952E+04
2466	-.11918582E+04
2467	-.11917769E+04
2468	-.11916579E+04
2469	-.11915141E+04
2470	-.11913571E+04
2471	-.11912026E+04
2472	-.11910671E+04
2473	-.11909620E+04
2474	-.11908969E+04
2475	-.11908763E+04
2476	-.11908998E+04
2477	-.11909634E+04
2478	-.11910602E+04
2479	-.11911818E+04
2480	-.11913194E+04
2481	-.11914654E+04
2482	-.11916127E+04
2483	-.11917572E+04
2484	-.11918944E+04
2485	-.11920225E+04
2486	-.11921394E+04
2487	-.11922429E+04
2488	-.11923323E+04
2489	-.11924045E+04
2490	-.11924568E+04
2491	-.11924869E+04
2492	-.11924931E+04
2493	-.11924740E+04
2494	-.11924307E+04
2495	-.11923658E+04
2496	-.11922833E+04
2497	-.11921868E+04
2498	-.11920820E+04
2499	-.11919726E+04
2500	-.11918628E+04
2501	-.11917566E+04
2502	-.11916568E+04
2503	-.11915666E+04
2504	-.11914890E+04
2505	-.11914262E+04
2506	-.11913824E+04
2507	-.11913593E+04
2508	-.11913596E+04
2509	-.11913845E+04
2510	-.11914340E+04
2511	-.11915068E+04
2512	-.11915992E+04
2513	-.11917059E+04
2514	-.11918215E+04
2515	-.11919397E+04
2516	-.11920543E+04
2517	-.11921599E+04
2518	-.11922547E+04
2519	-.11923348E+04
2520	-.11924006E+04
2521	-.11924531E+04
2522	-.11924949E+04
2523	-.11925275E+04
2524	-.11925536E+04
2525	-.11925769E+04
2526	-.11925998E+04
2527	-.11926261E+04
2528	-.11926606E+04
2529	-.11927069E+04
2530	-.11927688E+04
2531	-.11928491E+04
2532	-.11929486E+04
2533	-.11930655E+04
2534	-.11931975E+04
2535	-.11933396E+04
2536	-.11934870E+04
2537	-.11936341E+04
2538	-.11937763E+04
2539	-.11939100E+04
2540	-.11940323E+04
2541	-.11941416E+04
2542	-.11942367E+04
2543	-.11943176E+04
2544	-.11943838E+04
2545	-.11944344E+04
2546	-.11944691E+04
2547	-.11944883E+04
2548	-.11944904E+04
2549	-.11944758E+04
2550	-.11944464E+04
2551	-.11944025E+04
2552	-.11943463E+04
2553	-.11942804E+04
2554	-.11942096E+04
2555	-.11941361E+04
2556	-.11940639E+04
2557	-.11939965E+04
2558	-.11939367E+04
2559	-.11938856E+04
2560	-.11938440E+04
2561	-.11938105E+04
2562	-.11937825E+04
2563	-.11937564E+04
2564	-.11937272E+04
2565	-.11936897E+04
2566	-.11936388E+04
2567	-.11935698E+04
2568	-.11934796E+04
2569	-.11933660E+04
2570	-.11932291E+04
2571	-.11930708E+04
2572	-.11928940E+04
2573	-.11927041E+04
2574	-.11925064E+04
2575	-.11923087E+04
2576	-.11921169E+04
2577	-.11919375E+04
2578	-.11917773E+04
2579	-.11916400E+04
2580	-.11915289E+04
2581	-.11914453E+04
2582	-.11913887E+04
2583	-.11913567E+04
2584	-.11913448E+04
2585	-.11913476E+04
2586	-.11913577E+04
2587	-.11913673E+04
2588	-.11913686E+04
2589	-.11913538E+04
2590	-.11913171E+04
2591	-.11912542E+04
2592	-.11911650E+04
2593	-.11910524E+04
2594	-.11909215E+04
2595	-.11907817E+04
2596	-.11906429E+04
2597	-.11905163E+04
2598	-.11904112E+04
2599	-.11903343E+04
2600	-.11902894E+04
2601	-.11902772E+04
2602	-.11902942E+04
2603	-.11903349E+04
2604	-.11903925E+04
2605	-.11904587E+04
2606	-.11905257E+04
2607	-.11905866E+04
2608	-.11906352E+04
2609	-.11906679E+04
2610	-.11906824E+04
2611	-.11906793E+04
2612	-.11906594E+04
2613	-.11906280E+04
2614	-.11905881E+04
2615	-.11905461E+04
2616	-.11905079E+04
2617	-.11904795E+04
2618	-.11904671E+04
2619	-.11904750E+04
2620	-.11905056E+04
2621	-.11905606E+04
2622	-.11906388E+04
2623	-.11907373E+04
2624	-.11908523E+04
2625	-.11909793E+04
2626	-.11911142E+04
2627	-.11912530E+04
2628	-.11913928E+04
2629	-.11915299E+04
2630	-.11916626E+04
2631	-.11917861E+04
2632	-.11918963E+04
2633	-.11919894E+04
2634	-.11920603E+04
2635	-.11921064E+04
2636	-.11921279E+04
2637	-.11921286E+04
2638	-.11921143E+04
2639	-.11920938E+04
2640	-.11920770E+04
2641	-.11920737E+04
2642	-.11920924E+04
2643	-.11921359E+04
2644	-.11922055E+04
2645	-.11922985E+04
2646	-.11924097E+04
2647	-.11925315E+04
2648	-.11926565E+04
2649	-.11927770E+04
2650	-.11928868E+04
2651	-.11929820E+04
2652	-.11930594E+04
2653	-.11931184E+04
2654	-.11931598E+04
2655	-.11931859E+04
2656	-.11931993E+04
2657	-.11932027E+04
2658	-.11931990E+04
2659	-.11931906E+04
2660	-.11931787E+04
2661	-.11931641E+04
2662	-.11931471E+04
2663	-.11931286E+04
2664	-.11931091E+04
2665	-.11930900E+04
2666	-.11930722E+04
2667	-.11930603E+04
2668	-.11930551E+04
2669	-.11930592E+04
2670	-.11930740E+04
2671	-.11931001E+04
2672	-.11931375E+04
2673	-.11931843E+04
2674	-.11932387E+04
2675	-.11932991E+04
2676	-.11933637E+04
2677	-.11934305E+04
2678	-.11934975E+04
2679	-.11935638E+04
2680	-.11936268E+04
2681	-.11936860E+04
2682	-.11937389E+04
2683	-.11937840E+04
2684	-.11938216E+04
2685	-.11938508E+04
2686	-.11938725E+04
2687	-.11938887E+04
2688	-.11939005E+04
2689	-.11939095E+04
2690	-.11939167E+04
2691	-.11939227E+04
2692	-.11939273E+04
2693	-.11939298E+04
2694	-.11939290E+04
2695	-.11939238E+04
2696	-.11939130E+04
2697	-.11938957E+04
2698	-.11938714E+04
2699	-.11938399E+04
2700	-.11938013E+04
2701	-.11937562E+04
2702	-.11937049E+04
2703	-.11936480E+04
2704	-.11935858E+04
2705	-.11935200E+04
2706	-.11934504E+04
2707	-.11933781E+04
2708	-.11933041E+04
2709	-.11932295E+04
2710	-.11931538E+04
2711	-.11930758E+04
2712	-.11929931E+04
2713	-.11929015E+04
2714	-.11927974E+04
2715	-.11926777E+04
2716	-.11925423E+04
2717	-.11923947E+04
2718	-.11922418E+04
2719	-.11920946E+04
2720	-.11919662E+04
2721	-.11918689E+04
2722	-.11918127E+04
2723	-.11918024E+04
2724	-.11918370E+04
2725	-.11919114E+04
2726	-.11920141E+04
2727	-.11921332E+04
2728	-.11922564E+04
2729	-.11923713E+04
2730	-.11924699E+04
2731	-.11925437E+04
2732	-.11925891E+04
2733	-.11926063E+04
2734	-.11925960E+04
2735	-.11925652E+04
2736	-.11925187E+04
2737	-.11924654E+04
2738	-.11924135E+04
2739	-.11923710E+04
2740	-.11923439E+04
2741	-.11923358E+04
2742	-.11923482E+04
2743	-.11923811E+04
2744	-.11924322E+04
2745	-.11924980E+04
2746	-.11925742E+04
2747	-.11926552E+04
2748	-.11927355E+04
2749	-.11928072E+04
2750	-.11928628E+04
2751	-.11928956E+04
2752	-.11928996E+04
2753	-.11928718E+04
2754	-.11928109E+04
2755	-.11927195E+04
2756	-.11926028E+04
2757	-.11924662E+04
2758	-.11923177E+04
2759	-.11921653E+04
2760	-.11920162E+04
2761	-.11918790E+04
2762	-.11917593E+04
2763	-.11916637E+04
2764	-.11915969E+04
2765	-.11915623E+04
2766	-.11915613E+04
2767	-.11915919E+04
2768	-.11916497E+04
2769	-.11917276E+04
2770	-.11918147E+04
2771	-.11918991E+04
2772	-.11919701E+04
2773	-.11920143E+04
2774	-.11920243E+04
2775	-.11919959E+04
2776	-.11919300E+04
2777	-.11918319E+04
2778	-.11917113E+04
2779	-.11915802E+04
2780	-.11914513E+04
2781	-.11913364E+04
2782	-.11912455E+04
2783	-.11911855E+04
2784	-.11911597E+04
2785	-.11911685E+04
2786	-.11912093E+04
2787	-.11912770E+04
2788	-.11913651E+04
2789	-.11914663E+04
2790	-.11915723E+04
2791	-.11916762E+04
2792	-.11917721E+04
2793	-.11918561E+04
2794	-.11919267E+04
2795	-.11919858E+04
2796	-.11920368E+04
2797	-.11920853E+04
2798	-.11921365E+04
2799	-.11921954E+04
2800	-.11922650E+04
2801	-.11923456E+04
2802	-.11924353E+04
2803	-.11925299E+04
2804	-.11926246E+04
2805	-.11927127E+04
2806	-.11927885E+04
2807	-.11928465E+04
2808	-.11928827E+04
2809	-.11928949E+04
2810	-.11928831E+04
2811	-.11928489E+04
2812	-.11927968E+04
2813	-.11927333E+04
2814	-.11926661E+04
2815	-.11926034E+04
2816	-.11925536E+04
2817	-.11925223E+04
2818	-.11925154E+04
2819	-.11925332E+04
2820	-.11925742E+04
2821	-.11926351E+04
2822	-.11927088E+04
2823	-.11927879E+04
2824	-.11928644E+04
2825	-.11929321E+04
2826	-.11929856E+04
2827	-.11930220E+04
2828	-.11930408E+04
2829	-.11930439E+04
2830	-.11930347E+04
2831	-.11930178E+04
2832	-.11929983E+04
2833	-.11929806E+04
2834	-.11929678E+04
2835	-.11929613E+04
2836	-.11929604E+04
2837	-.11929628E+04
2838	-.11929646E+04
2839	-.11929600E+04
2840	-.11929445E+04
2841	-.11929139E+04
2842	-.11928650E+04
2843	-.11927978E+04
2844	-.11927148E+04
2845	-.11926213E+04
2846	-.11925242E+04
2847	-.11924313E+04
2848	-.11923501E+04
2849	-.11922868E+04
2850	-.11922457E+04
2851	-.11922289E+04
2852	-.11922364E+04
2853	-.11922663E+04
2854	-.11923157E+04
2855	-.11923804E+04
2856	-.11924546E+04
2857	-.11925317E+04
2858	-.11926045E+04
2859	-.11926649E+04
2860	-.11927046E+04
2861	-.11927179E+04
2862	-.11926991E+04
2863	-.11926469E+04
2864	-.11925632E+04
2865	-.11924531E+04
2866	-.11923240E+04
2867	-.11921846E+04
2868	-.11920450E+04
2869	-.11919127E+04
2870	-.11917949E+04
2871	-.11916963E+04
2872	-.11916204E+04
2873	-.11915663E+04
2874	-.11915349E+04
2875	-.11915213E+04
2876	-.11915221E+04
2877	-.11915345E+04
2878	-.11915525E+04
2879	-.11915779E+04
2880	-.11916051E+04
2881	-.11916347E+04
2882	-.11916653E+04
2883	-.11916963E+04
2884	-.11917242E+04
2885	-.11917455E+04
2886	-.11917572E+04
2887	-.11917544E+04
2888	-.11917344E+04
2889	-.11916956E+04
2890	-.11916386E+04
2891	-.11915652E+04
2892	-.11914799E+04
2893	-.11913870E+04
2894	-.11912927E+04
2895	-.11912023E+04
2896	-.11911215E+04
2897	-.11910553E+04
2898	-.11910067E+04
2899	-.11909769E+04
2900	-.11909655E+04
2901	-.11909710E+04
2902	-.11909886E+04
2903	-.11910148E+04
2904	-.11910469E+04
2905	-.11910823E+04
2906	-.11911207E+04
2907	-.11911638E+04
2908	-.11912133E+04
2909	-.11912709E+04
2910	-.11913381E+04
2911	-.11914139E+04
2912	-.11914993E+04
2913	-.11915907E+04
2914	-.11916869E+04
2915	-.11917873E+04
2916	-.11918890E+04
2917	-.11919930E+04
2918	-.11920950E+04
2919	-.11921929E+04
2920	-.11922830E+04
2921	-.11923616E+04
2922	-.11924253E+04
2923	-.11924729E+04
2924	-.11925048E+04
2925	-.11925248E+04
2926	-.11925385E+04
2927	-.11925539E+04
2928	-.11925797E+04
2929	-.11926243E+04
2930	-.11926949E+04
2931	-.11927960E+04
2932	-.11929294E+04
2933	-.11930940E+04
2934	-.11932844E+04
2935	-.11934928E+04
2936	-.11937088E+04
2937	-.11939218E+04
2938	-.11941192E+04
2939	-.11942908E+04
2940	-.11944280E+04
2941	-.11945249E+04
2942	-.11945788E+04
2943	-.11945908E+04
2944	-.11945650E+04
2945	-.11945068E+04
2946	-.11944241E+04
2947	-.11943237E+04
2948	-.11942129E+04
2949	-.11940986E+04
2950	-.11939864E+04
2951	-.11938824E+04
2952	-.11937922E+04
2953	-.11937209E+04
2954	-.11936718E+04
2955	-.11936472E+04
2956	-.11936463E+04
2957	-.11936668E+04
2958	-.11937018E+04
2959	-.11937433E+04
2960	-.11937804E+04
2961	-.11938019E+04
2962	-.11937974E+04
2963	-.11937578E+04
2964	-.11936771E+04
2965	-.11935533E+04
2966	-.11933879E+04
2967	-.11931869E+04
2968	-.11929602E+04
2969	-.11927193E+04
2970	-.11924774E+04
2971	-.11922472E+04
2972	-.11920397E+04
2973	-.11918628E+04
2974	-.11917207E+04
2975	-.11916154E+04
2976	-.11915450E+04
2977	-.11915074E+04
2978	-.11914984E+04
2979	-.11915154E+04
2980	-.11915535E+04
2981	-.11916081E+04
2982	-.11916729E+04
2983	-.11917407E+04
2984	-.11918027E+04
2985	-.11918509E+04
2986	-.11918788E+04
2987	-.11918823E+04
2988	-.11918609E+04
2989	-.11918169E+04
2990	-.11917567E+04
2991	-.11916877E+04
2992	-.11916188E+04
2993	-.11915580E+04
2994	-.11915128E+04
2995	-.11914880E+04
2996	-.11914862E+04
2997	-.11915072E+04
2998	-.11915485E+04
2999	-.11916057E+04
3000	-.11916734E+04
