     #Energy           s          py          pz          px         dxy         dyz         dz2         dxz         dx2       tot  
   -17.62770     0.00000     0.00000     0.00000     0.00000     0.00000     0.00000     0.00000     0.00000     0.00000     0.00000
   -17.52970     0.00000     0.00000     0.00000     0.00000     0.00000     0.00000     0.00000     0.00000     0.00000     0.00000
   -17.43170     0.00000     0.00000     0.00000     0.00000     0.00000     0.00000     0.00000     0.00000     0.00000     0.00000
   -17.33470     0.00000     0.00000     0.00000     0.00000     0.00000     0.00000     0.00000     0.00000     0.00000     0.00000
   -17.23670     0.00000     0.00000     0.00000     0.00000     0.00000     0.00000     0.00000     0.00000     0.00000     0.00000
   -17.13870     0.00000     0.00000     0.00000     0.00000     0.00000     0.00000     0.00000     0.00000     0.00000     0.00000
   -17.04170     0.00000     0.00000     0.00000     0.00000     0.00000     0.00000     0.00000     0.00000     0.00000     0.00000
   -16.94370     0.00000     0.00000     0.00000     0.00000     0.00000     0.00000     0.00000     0.00000     0.00000     0.00000
   -16.84570     0.00000     0.00000     0.00000     0.00000     0.00000     0.00000     0.00000     0.00000     0.00000     0.00000
   -16.74870     0.00000     0.00000     0.00000     0.00000     0.00000     0.00000     0.00000     0.00000     0.00000     0.00000
   -16.65070     0.00000     0.00000     0.00000     0.00000     0.00000     0.00000     0.00000     0.00000     0.00000     0.00000
   -16.55370     0.00000     0.00000     0.00000     0.00000     0.00000     0.00000     0.00000     0.00000     0.00000     0.00000
   -16.45570     0.00000     0.00000     0.00000     0.00000     0.00000     0.00000     0.00000     0.00000     0.00000     0.00000
   -16.35770     0.00000     0.00000     0.00000     0.00000     0.00000     0.00000     0.00000     0.00000     0.00000     0.00000
   -16.26070     0.00000     0.00000     0.00000     0.00000     0.00000     0.00000     0.00000     0.00000     0.00000     0.00000
   -16.16270     0.00000     0.00000     0.00000     0.00000     0.00000     0.00000     0.00000     0.00000     0.00000     0.00000
   -16.06470     0.00000     0.00000     0.00000     0.00000     0.00000     0.00000     0.00000     0.00000     0.00000     0.00000
   -15.96770     0.00000     0.00000     0.00000     0.00000     0.00000     0.00000     0.00000     0.00000     0.00000     0.00000
   -15.86970     0.00000     0.00000     0.00000     0.00000     0.00000     0.00000     0.00000     0.00000     0.00000     0.00000
   -15.77170     0.00000     0.00000     0.00000     0.00000     0.00000     0.00000     0.00000     0.00000     0.00000     0.00000
   -15.67470     0.00000     0.00000     0.00000     0.00000     0.00000     0.00000     0.00000     0.00000     0.00000     0.00000
   -15.57670     0.00000     0.00000     0.00000     0.00000     0.00000     0.00000     0.00000     0.00000     0.00000     0.00000
   -15.47870     0.00000     0.00000     0.00000     0.00000     0.00000     0.00000     0.00000     0.00000     0.00000     0.00000
   -15.38170    -0.00008    -0.00000    -0.00001    -0.00000     0.00000     0.00000     0.00000     0.00000     0.00000    -0.00009
   -15.28370    -0.00015    -0.00001    -0.00001    -0.00001     0.00000     0.00000     0.00000     0.00000     0.00000    -0.00017
   -15.18570    -0.00176    -0.00007    -0.00006    -0.00007     0.00000     0.00000     0.00000     0.00000     0.00000    -0.00196
   -15.08870    -0.00579    -0.00023    -0.00019    -0.00024     0.00000     0.00000     0.00000     0.00000     0.00000    -0.00645
   -14.99070     0.00000     0.00000     0.00000     0.00000     0.00000     0.00000     0.00000     0.00000     0.00000     0.00000
   -14.89270    -0.09178    -0.00380    -0.00308    -0.00386     0.00000     0.00000     0.00000     0.00000     0.00000    -0.10252
   -14.79570    -0.00610    -0.00025    -0.00021    -0.00026     0.00000     0.00000     0.00000     0.00000     0.00000    -0.00682
   -14.69770    -0.00633    -0.00026    -0.00023    -0.00027     0.00000     0.00000     0.00000     0.00000     0.00000    -0.00708
   -14.59970    -0.00131    -0.00005    -0.00004    -0.00005     0.00000     0.00000     0.00000     0.00000     0.00000    -0.00145
   -14.50270    -0.03097    -0.00122    -0.00096    -0.00118     0.00000     0.00000     0.00000     0.00000     0.00000    -0.03433
   -14.40470     0.00000     0.00000     0.00000     0.00000     0.00000     0.00000     0.00000     0.00000     0.00000     0.00000
   -14.30670     0.00000     0.00000     0.00000     0.00000     0.00000     0.00000     0.00000     0.00000     0.00000     0.00000
   -14.20970     0.00000     0.00000     0.00000     0.00000     0.00000     0.00000     0.00000     0.00000     0.00000     0.00000
   -14.11170     0.00000     0.00000     0.00000     0.00000     0.00000     0.00000     0.00000     0.00000     0.00000     0.00000
   -14.01370     0.00000     0.00000     0.00000     0.00000     0.00000     0.00000     0.00000     0.00000     0.00000     0.00000
   -13.91670     0.00000     0.00000     0.00000     0.00000     0.00000     0.00000     0.00000     0.00000     0.00000     0.00000
   -13.81870     0.00000     0.00000     0.00000     0.00000     0.00000     0.00000     0.00000     0.00000     0.00000     0.00000
   -13.72070     0.00000     0.00000     0.00000     0.00000     0.00000     0.00000     0.00000     0.00000     0.00000     0.00000
   -13.62370     0.00000     0.00000     0.00000     0.00000     0.00000     0.00000     0.00000     0.00000     0.00000     0.00000
   -13.52570     0.00000     0.00000     0.00000     0.00000     0.00000     0.00000     0.00000     0.00000     0.00000     0.00000
   -13.42770     0.00000     0.00000     0.00000     0.00000     0.00000     0.00000     0.00000     0.00000     0.00000     0.00000
   -13.33070     0.00000     0.00000     0.00000     0.00000     0.00000     0.00000     0.00000     0.00000     0.00000     0.00000
   -13.23270     0.00000     0.00000     0.00000     0.00000     0.00000     0.00000     0.00000     0.00000     0.00000     0.00000
   -13.13470     0.00000     0.00000     0.00000     0.00000     0.00000     0.00000     0.00000     0.00000     0.00000     0.00000
   -13.03770     0.00000     0.00000     0.00000     0.00000     0.00000     0.00000     0.00000     0.00000     0.00000     0.00000
   -12.93970     0.00000     0.00000     0.00000     0.00000     0.00000     0.00000     0.00000     0.00000     0.00000     0.00000
   -12.84170     0.00000     0.00000     0.00000     0.00000     0.00000     0.00000     0.00000     0.00000     0.00000     0.00000
   -12.74470     0.00000     0.00000     0.00000     0.00000     0.00000     0.00000     0.00000     0.00000     0.00000     0.00000
   -12.64670     0.00000     0.00000     0.00000     0.00000     0.00000     0.00000     0.00000     0.00000     0.00000     0.00000
   -12.54870     0.00000     0.00000     0.00000     0.00000     0.00000     0.00000     0.00000     0.00000     0.00000     0.00000
   -12.45170     0.00000     0.00000     0.00000     0.00000     0.00000     0.00000     0.00000     0.00000     0.00000     0.00000
   -12.35370     0.00000     0.00000     0.00000     0.00000     0.00000     0.00000     0.00000     0.00000     0.00000     0.00000
   -12.25670     0.00000     0.00000     0.00000     0.00000     0.00000     0.00000     0.00000     0.00000     0.00000     0.00000
   -12.15870     0.00000     0.00000     0.00000     0.00000     0.00000     0.00000     0.00000     0.00000     0.00000     0.00000
   -12.06070     0.00000     0.00000     0.00000     0.00000     0.00000     0.00000     0.00000     0.00000     0.00000     0.00000
   -11.96370     0.00000     0.00000     0.00000     0.00000     0.00000     0.00000     0.00000     0.00000     0.00000     0.00000
   -11.86570     0.00000     0.00000     0.00000     0.00000     0.00000     0.00000     0.00000     0.00000     0.00000     0.00000
   -11.76770     0.00000     0.00000     0.00000     0.00000     0.00000     0.00000     0.00000     0.00000     0.00000     0.00000
   -11.67070     0.00000     0.00000     0.00000     0.00000     0.00000     0.00000     0.00000     0.00000     0.00000     0.00000
   -11.57270     0.00000     0.00000     0.00000     0.00000     0.00000     0.00000     0.00000     0.00000     0.00000     0.00000
   -11.47470     0.00000     0.00000     0.00000     0.00000     0.00000     0.00000     0.00000     0.00000     0.00000     0.00000
   -11.37770     0.00000     0.00000     0.00000     0.00000     0.00000     0.00000     0.00000     0.00000     0.00000     0.00000
   -11.27970     0.00000     0.00000     0.00000     0.00000     0.00000     0.00000     0.00000     0.00000     0.00000     0.00000
   -11.18170     0.00000     0.00000     0.00000     0.00000     0.00000     0.00000     0.00000     0.00000     0.00000     0.00000
   -11.08470     0.00000     0.00000     0.00000     0.00000     0.00000     0.00000     0.00000     0.00000     0.00000     0.00000
   -10.98670     0.00000     0.00000     0.00000     0.00000     0.00000     0.00000     0.00000     0.00000     0.00000     0.00000
   -10.88870     0.00000     0.00000     0.00000     0.00000     0.00000     0.00000     0.00000     0.00000     0.00000     0.00000
   -10.79170     0.00000     0.00000     0.00000     0.00000     0.00000     0.00000     0.00000     0.00000     0.00000     0.00000
   -10.69370     0.00000     0.00000     0.00000     0.00000     0.00000     0.00000     0.00000     0.00000     0.00000     0.00000
   -10.59570     0.00000     0.00000     0.00000     0.00000     0.00000     0.00000     0.00000     0.00000     0.00000     0.00000
   -10.49870     0.00000     0.00000     0.00000     0.00000     0.00000     0.00000     0.00000     0.00000     0.00000     0.00000
   -10.40070     0.00000     0.00000     0.00000     0.00000     0.00000     0.00000     0.00000     0.00000     0.00000     0.00000
   -10.30270     0.00000     0.00000     0.00000     0.00000     0.00000     0.00000     0.00000     0.00000     0.00000     0.00000
   -10.20570     0.00000     0.00000     0.00000     0.00000     0.00000     0.00000     0.00000     0.00000     0.00000     0.00000
   -10.10770     0.00000     0.00000     0.00000     0.00000     0.00000     0.00000     0.00000     0.00000     0.00000     0.00000
   -10.00970     0.00000     0.00000     0.00000     0.00000     0.00000     0.00000     0.00000     0.00000     0.00000     0.00000
    -9.91270     0.00000     0.00000     0.00000     0.00000     0.00000     0.00000     0.00000     0.00000     0.00000     0.00000
    -9.81470     0.00000     0.00000     0.00000     0.00000     0.00000     0.00000     0.00000     0.00000     0.00000     0.00000
    -9.71670     0.00000     0.00000     0.00000     0.00000     0.00000     0.00000     0.00000     0.00000     0.00000     0.00000
    -9.61970     0.00000     0.00000     0.00000     0.00000     0.00000     0.00000     0.00000     0.00000     0.00000     0.00000
    -9.52170     0.00000     0.00000     0.00000     0.00000     0.00000     0.00000     0.00000     0.00000     0.00000     0.00000
    -9.42370     0.00000     0.00000     0.00000     0.00000     0.00000     0.00000     0.00000     0.00000     0.00000     0.00000
    -9.32670     0.00000     0.00000     0.00000     0.00000     0.00000     0.00000     0.00000     0.00000     0.00000     0.00000
    -9.22870     0.00000     0.00000     0.00000     0.00000     0.00000     0.00000     0.00000     0.00000     0.00000     0.00000
    -9.13070     0.00000     0.00000     0.00000     0.00000     0.00000     0.00000     0.00000     0.00000     0.00000     0.00000
    -9.03370     0.00000     0.00000     0.00000     0.00000     0.00000     0.00000     0.00000     0.00000     0.00000     0.00000
    -8.93570     0.00000     0.00000     0.00000     0.00000     0.00000     0.00000     0.00000     0.00000     0.00000     0.00000
    -8.83770     0.00000     0.00000     0.00000     0.00000     0.00000     0.00000     0.00000     0.00000     0.00000     0.00000
    -8.74070     0.00000     0.00000     0.00000     0.00000     0.00000     0.00000     0.00000     0.00000     0.00000     0.00000
    -8.64270     0.00000     0.00000     0.00000     0.00000     0.00000     0.00000     0.00000     0.00000     0.00000     0.00000
    -8.54470     0.00000     0.00000     0.00000     0.00000     0.00000     0.00000     0.00000     0.00000     0.00000     0.00000
    -8.44770     0.00000     0.00000     0.00000     0.00000     0.00000     0.00000     0.00000     0.00000     0.00000     0.00000
    -8.34970     0.00000     0.00000     0.00000     0.00000     0.00000     0.00000     0.00000     0.00000     0.00000     0.00000
    -8.25170     0.00000     0.00000     0.00000     0.00000     0.00000     0.00000     0.00000     0.00000     0.00000     0.00000
    -8.15470     0.00000     0.00000     0.00000     0.00000     0.00000     0.00000     0.00000     0.00000     0.00000     0.00000
    -8.05670     0.00000     0.00000     0.00000     0.00000     0.00000     0.00000     0.00000     0.00000     0.00000     0.00000
    -7.95970     0.00000     0.00000     0.00000     0.00000     0.00000     0.00000     0.00000     0.00000     0.00000     0.00000
    -7.86170     0.00000     0.00000     0.00000     0.00000     0.00000     0.00000     0.00000     0.00000     0.00000     0.00000
    -7.76370     0.00000     0.00000     0.00000     0.00000     0.00000     0.00000     0.00000     0.00000     0.00000     0.00000
    -7.66670     0.00000     0.00000     0.00000     0.00000     0.00000     0.00000     0.00000     0.00000     0.00000     0.00000
    -7.56870     0.00000     0.00000     0.00000     0.00000     0.00000     0.00000     0.00000     0.00000     0.00000     0.00000
    -7.47070     0.00000     0.00000     0.00000     0.00000     0.00000     0.00000     0.00000     0.00000     0.00000     0.00000
    -7.37370     0.00000     0.00000     0.00000     0.00000     0.00000     0.00000     0.00000     0.00000     0.00000     0.00000
    -7.27570     0.00000     0.00000     0.00000     0.00000     0.00000     0.00000     0.00000     0.00000     0.00000     0.00000
    -7.17770     0.00000     0.00000     0.00000     0.00000     0.00000     0.00000     0.00000     0.00000     0.00000     0.00000
    -7.08070     0.00000     0.00000     0.00000     0.00000     0.00000     0.00000     0.00000     0.00000     0.00000     0.00000
    -6.98270     0.00000     0.00000     0.00000     0.00000     0.00000     0.00000     0.00000     0.00000     0.00000     0.00000
    -6.88470     0.00000     0.00000     0.00000     0.00000     0.00000     0.00000     0.00000     0.00000     0.00000     0.00000
    -6.78770     0.00000     0.00000     0.00000     0.00000     0.00000     0.00000     0.00000     0.00000     0.00000     0.00000
    -6.68970     0.00000     0.00000     0.00000     0.00000     0.00000     0.00000     0.00000     0.00000     0.00000     0.00000
    -6.59170     0.00000     0.00000     0.00000     0.00000     0.00000     0.00000     0.00000     0.00000     0.00000     0.00000
    -6.49470     0.00000     0.00000     0.00000     0.00000     0.00000     0.00000     0.00000     0.00000     0.00000     0.00000
    -6.39670     0.00000     0.00000     0.00000     0.00000     0.00000     0.00000     0.00000     0.00000     0.00000     0.00000
    -6.29870     0.00000     0.00000     0.00000     0.00000     0.00000     0.00000     0.00000     0.00000     0.00000     0.00000
    -6.20170     0.00000     0.00000     0.00000     0.00000     0.00000     0.00000     0.00000     0.00000     0.00000     0.00000
    -6.10370     0.00000     0.00000     0.00000     0.00000     0.00000     0.00000     0.00000     0.00000     0.00000     0.00000
    -6.00570     0.00000     0.00000     0.00000     0.00000     0.00000     0.00000     0.00000     0.00000     0.00000     0.00000
    -5.90870     0.00000     0.00000     0.00000     0.00000     0.00000     0.00000     0.00000     0.00000     0.00000     0.00000
    -5.81070     0.00000     0.00000     0.00000     0.00000     0.00000     0.00000     0.00000     0.00000     0.00000     0.00000
    -5.71270     0.00000     0.00000     0.00000     0.00000     0.00000     0.00000     0.00000     0.00000     0.00000     0.00000
    -5.61570     0.00000     0.00000     0.00000     0.00000     0.00000     0.00000     0.00000     0.00000     0.00000     0.00000
    -5.51770     0.00000     0.00000     0.00000     0.00000     0.00000     0.00000     0.00000     0.00000     0.00000     0.00000
    -5.41970     0.00000     0.00000     0.00000     0.00000     0.00000     0.00000     0.00000     0.00000     0.00000     0.00000
    -5.32270     0.00000     0.00000     0.00000     0.00000     0.00000     0.00000     0.00000     0.00000     0.00000     0.00000
    -5.22470     0.00000     0.00000     0.00000     0.00000     0.00000     0.00000     0.00000     0.00000     0.00000     0.00000
    -5.12670     0.00000     0.00000     0.00000     0.00000     0.00000     0.00000     0.00000     0.00000     0.00000     0.00000
    -5.02970     0.00000     0.00000     0.00000     0.00000     0.00000     0.00000     0.00000     0.00000     0.00000     0.00000
    -4.93170     0.00000     0.00000     0.00000     0.00000     0.00000     0.00000     0.00000     0.00000     0.00000     0.00000
    -4.83370    -0.00727    -0.00013    -0.00021    -0.00009     0.00000     0.00000     0.00000     0.00000     0.00000    -0.00770
    -4.73670    -0.09358    -0.00128    -0.00262    -0.00095     0.00000     0.00000     0.00000     0.00000     0.00000    -0.09843
    -4.63870     0.00000     0.00000     0.00000     0.00000     0.00000     0.00000     0.00000     0.00000     0.00000     0.00000
    -4.54070     0.00000     0.00000     0.00000     0.00000     0.00000     0.00000     0.00000     0.00000     0.00000     0.00000
    -4.44370    -0.03947    -0.00094    -0.00123    -0.00096     0.00000     0.00000     0.00000     0.00000     0.00000    -0.04260
    -4.34570     0.00000     0.00000     0.00000     0.00000     0.00000     0.00000     0.00000     0.00000     0.00000     0.00000
    -4.24770    -0.14055    -0.00264    -0.00108    -0.00262     0.00000     0.00000     0.00000     0.00000     0.00000    -0.14689
    -4.15070    -1.24418    -0.02191    -0.01219    -0.02305     0.00000     0.00000     0.00000     0.00000     0.00000    -1.30134
    -4.05270    -0.01298    -0.00038    -0.00041    -0.00039     0.00000     0.00000     0.00000     0.00000     0.00000    -0.01417
    -3.95470    -0.00794    -0.00032    -0.00058    -0.00037     0.00000     0.00000     0.00000     0.00000     0.00000    -0.00921
    -3.85770    -0.02384    -0.00113    -0.00207    -0.00147     0.00000     0.00000     0.00000     0.00000     0.00000    -0.02850
    -3.75970    -0.00836    -0.00036    -0.00052    -0.00047     0.00000     0.00000     0.00000     0.00000     0.00000    -0.00971
    -3.66270    -0.00460    -0.00022    -0.00037    -0.00024     0.00000     0.00000     0.00000     0.00000     0.00000    -0.00542
    -3.56470    -0.03537    -0.00076    -0.00087    -0.00082     0.00000     0.00000     0.00000     0.00000     0.00000    -0.03781
    -3.46670    -0.09197    -0.00143    -0.00149    -0.00150     0.00000     0.00000     0.00000     0.00000     0.00000    -0.09639
    -3.36970    -0.18474    -0.00310    -0.00290    -0.00309     0.00000     0.00000     0.00000     0.00000     0.00000    -0.19382
    -3.27170    -0.01501    -0.00025    -0.00025    -0.00027     0.00000     0.00000     0.00000     0.00000     0.00000    -0.01577
    -3.17370    -0.00192    -0.00012    -0.00013    -0.00011     0.00000     0.00000     0.00000     0.00000     0.00000    -0.00228
    -3.07670    -0.00400    -0.00064    -0.00073    -0.00057     0.00000     0.00000     0.00000     0.00000     0.00000    -0.00594
    -2.97870    -0.00890    -0.00089    -0.00095    -0.00070     0.00000     0.00000     0.00000     0.00000     0.00000    -0.01145
    -2.88070    -0.00261    -0.00030    -0.00055    -0.00050     0.00000     0.00000     0.00000     0.00000     0.00000    -0.00397
    -2.78370    -0.01187    -0.00125    -0.00173    -0.00135     0.00000     0.00000     0.00000     0.00000     0.00000    -0.01619
    -2.68570    -0.29871    -0.00677    -0.00520    -0.00707     0.00000     0.00000     0.00000     0.00000     0.00000    -0.31775
    -2.58770    -0.75220    -0.01116    -0.00910    -0.01153     0.00000     0.00000     0.00000     0.00000     0.00000    -0.78398
    -2.49070    -0.75326    -0.00652    -0.00907    -0.00665     0.00000     0.00000     0.00000     0.00000     0.00000    -0.77551
    -2.39270    -1.43765    -0.01618    -0.01794    -0.01169     0.00000     0.00000     0.00000     0.00000     0.00000    -1.48346
    -2.29470     0.00000     0.00000     0.00000     0.00000     0.00000     0.00000     0.00000     0.00000     0.00000     0.00000
    -2.19770    -0.01405    -0.00085    -0.00084    -0.00081     0.00000     0.00000     0.00000     0.00000     0.00000    -0.01655
    -2.09970    -0.00525    -0.00091    -0.00128    -0.00084     0.00000     0.00000     0.00000     0.00000     0.00000    -0.00827
    -2.00170    -0.00394    -0.00051    -0.00078    -0.00050     0.00000     0.00000     0.00000     0.00000     0.00000    -0.00574
    -1.90470    -0.01002    -0.00078    -0.00168    -0.00075     0.00000     0.00000     0.00000     0.00000     0.00000    -0.01323
    -1.80670    -0.00003    -0.00000    -0.00000    -0.00000     0.00000     0.00000     0.00000     0.00000     0.00000    -0.00004
    -1.70870    -0.00068    -0.00032    -0.00046    -0.00033     0.00000     0.00000     0.00000     0.00000     0.00000    -0.00180
    -1.61170    -0.00643    -0.00211    -0.00242    -0.00206     0.00000     0.00000     0.00000     0.00000     0.00000    -0.01302
    -1.51370    -0.00046    -0.00049    -0.00047    -0.00043     0.00000     0.00000     0.00000     0.00000     0.00000    -0.00185
    -1.41570    -0.00293    -0.00108    -0.00123    -0.00107     0.00000     0.00000     0.00000     0.00000     0.00000    -0.00631
    -1.31870    -0.00014    -0.00003    -0.00004    -0.00003     0.00000     0.00000     0.00000     0.00000     0.00000    -0.00024
    -1.22070     0.00000     0.00000     0.00000     0.00000     0.00000     0.00000     0.00000     0.00000     0.00000     0.00000
    -1.12270     0.00000     0.00000     0.00000     0.00000     0.00000     0.00000     0.00000     0.00000     0.00000     0.00000
    -1.02570     0.00000     0.00000     0.00000     0.00000     0.00000     0.00000     0.00000     0.00000     0.00000     0.00000
    -0.92770     0.00000     0.00000     0.00000     0.00000     0.00000     0.00000     0.00000     0.00000     0.00000     0.00000
    -0.82970     0.00000     0.00000     0.00000     0.00000     0.00000     0.00000     0.00000     0.00000     0.00000     0.00000
    -0.73270     0.00000     0.00000     0.00000     0.00000     0.00000     0.00000     0.00000     0.00000     0.00000     0.00000
    -0.63470     0.00000     0.00000     0.00000     0.00000     0.00000     0.00000     0.00000     0.00000     0.00000     0.00000
    -0.53670     0.00000     0.00000     0.00000     0.00000     0.00000     0.00000     0.00000     0.00000     0.00000     0.00000
    -0.43970     0.00000     0.00000     0.00000     0.00000     0.00000     0.00000     0.00000     0.00000     0.00000     0.00000
    -0.34170     0.00000     0.00000     0.00000     0.00000     0.00000     0.00000     0.00000     0.00000     0.00000     0.00000
    -0.24370     0.00000     0.00000     0.00000     0.00000     0.00000     0.00000     0.00000     0.00000     0.00000     0.00000
    -0.14670     0.00000     0.00000     0.00000     0.00000     0.00000     0.00000     0.00000     0.00000     0.00000     0.00000
    -0.04870     0.00000     0.00000     0.00000     0.00000     0.00000     0.00000     0.00000     0.00000     0.00000     0.00000
     0.04930     0.00000     0.00000     0.00000     0.00000     0.00000     0.00000     0.00000     0.00000     0.00000     0.00000
     0.14630     0.00000     0.00000     0.00000     0.00000     0.00000     0.00000     0.00000     0.00000     0.00000     0.00000
     0.24430     0.00000     0.00000     0.00000     0.00000     0.00000     0.00000     0.00000     0.00000     0.00000     0.00000
     0.34230     0.00000     0.00000     0.00000     0.00000     0.00000     0.00000     0.00000     0.00000     0.00000     0.00000
     0.43930     0.00000     0.00000     0.00000     0.00000     0.00000     0.00000     0.00000     0.00000     0.00000     0.00000
     0.53730     0.00000     0.00000     0.00000     0.00000     0.00000     0.00000     0.00000     0.00000     0.00000     0.00000
     0.63430     0.00000     0.00000     0.00000     0.00000     0.00000     0.00000     0.00000     0.00000     0.00000     0.00000
     0.73230     0.00000     0.00000     0.00000     0.00000     0.00000     0.00000     0.00000     0.00000     0.00000     0.00000
     0.83030     0.00000     0.00000     0.00000     0.00000     0.00000     0.00000     0.00000     0.00000     0.00000     0.00000
     0.92730     0.00000     0.00000     0.00000     0.00000     0.00000     0.00000     0.00000     0.00000     0.00000     0.00000
     1.02530     0.00000     0.00000     0.00000     0.00000     0.00000     0.00000     0.00000     0.00000     0.00000     0.00000
     1.12330     0.00000     0.00000     0.00000     0.00000     0.00000     0.00000     0.00000     0.00000     0.00000     0.00000
     1.22030     0.00000     0.00000     0.00000     0.00000     0.00000     0.00000     0.00000     0.00000     0.00000     0.00000
     1.31830     0.00000     0.00000     0.00000     0.00000     0.00000     0.00000     0.00000     0.00000     0.00000     0.00000
     1.41630     0.00000     0.00000     0.00000     0.00000     0.00000     0.00000     0.00000     0.00000     0.00000     0.00000
     1.51330     0.00000     0.00000     0.00000     0.00000     0.00000     0.00000     0.00000     0.00000     0.00000     0.00000
     1.61130     0.00000     0.00000     0.00000     0.00000     0.00000     0.00000     0.00000     0.00000     0.00000     0.00000
     1.70930     0.00000     0.00000     0.00000     0.00000     0.00000     0.00000     0.00000     0.00000     0.00000     0.00000
     1.80630     0.00000     0.00000     0.00000     0.00000     0.00000     0.00000     0.00000     0.00000     0.00000     0.00000
     1.90430     0.00000     0.00000     0.00000     0.00000     0.00000     0.00000     0.00000     0.00000     0.00000     0.00000
     2.00230     0.00000     0.00000     0.00000     0.00000     0.00000     0.00000     0.00000     0.00000     0.00000     0.00000
     2.09930     0.00000     0.00000     0.00000     0.00000     0.00000     0.00000     0.00000     0.00000     0.00000     0.00000
     2.19730     0.00000     0.00000     0.00000     0.00000     0.00000     0.00000     0.00000     0.00000     0.00000     0.00000
     2.29530    -0.00029    -0.00007    -0.00010    -0.00007     0.00000     0.00000     0.00000     0.00000     0.00000    -0.00052
     2.39230    -0.00032    -0.00011    -0.00014    -0.00014     0.00000     0.00000     0.00000     0.00000     0.00000    -0.00072
     2.49030    -0.00070    -0.00037    -0.00055    -0.00044     0.00000     0.00000     0.00000     0.00000     0.00000    -0.00206
     2.58830    -0.00103    -0.00042    -0.00047    -0.00035     0.00000     0.00000     0.00000     0.00000     0.00000    -0.00227
     2.68530    -0.00143    -0.00054    -0.00078    -0.00058     0.00000     0.00000     0.00000     0.00000     0.00000    -0.00333
     2.78330    -0.00109    -0.00038    -0.00040    -0.00040     0.00000     0.00000     0.00000     0.00000     0.00000    -0.00227
     2.88130    -0.00031    -0.00021    -0.00037    -0.00025     0.00000     0.00000     0.00000     0.00000     0.00000    -0.00114
     2.97830    -0.00060    -0.00137    -0.00176    -0.00138     0.00000     0.00000     0.00000     0.00000     0.00000    -0.00511
     3.07630    -0.00082    -0.00163    -0.00152    -0.00128     0.00000     0.00000     0.00000     0.00000     0.00000    -0.00525
     3.17430     0.00000     0.00000     0.00000     0.00000     0.00000     0.00000     0.00000     0.00000     0.00000     0.00000
     3.27130     0.00000     0.00000     0.00000     0.00000     0.00000     0.00000     0.00000     0.00000     0.00000     0.00000
     3.36930     0.00000     0.00000     0.00000     0.00000     0.00000     0.00000     0.00000     0.00000     0.00000     0.00000
     3.46730     0.00000     0.00000     0.00000     0.00000     0.00000     0.00000     0.00000     0.00000     0.00000     0.00000
     3.56430     0.00000     0.00000     0.00000     0.00000     0.00000     0.00000     0.00000     0.00000     0.00000     0.00000
     3.66230     0.00000     0.00000     0.00000     0.00000     0.00000     0.00000     0.00000     0.00000     0.00000     0.00000
     3.76030     0.00000     0.00000     0.00000     0.00000     0.00000     0.00000     0.00000     0.00000     0.00000     0.00000
     3.85730     0.00000     0.00000     0.00000     0.00000     0.00000     0.00000     0.00000     0.00000     0.00000     0.00000
     3.95530     0.00000     0.00000     0.00000     0.00000     0.00000     0.00000     0.00000     0.00000     0.00000     0.00000
     4.05330     0.00000     0.00000     0.00000     0.00000     0.00000     0.00000     0.00000     0.00000     0.00000     0.00000
     4.15030     0.00000     0.00000     0.00000     0.00000     0.00000     0.00000     0.00000     0.00000     0.00000     0.00000
     4.24830     0.00000     0.00000     0.00000     0.00000     0.00000     0.00000     0.00000     0.00000     0.00000     0.00000
     4.34630     0.00000     0.00000     0.00000     0.00000     0.00000     0.00000     0.00000     0.00000     0.00000     0.00000
     4.44330     0.00000     0.00000     0.00000     0.00000     0.00000     0.00000     0.00000     0.00000     0.00000     0.00000
     4.54130    -0.00113    -0.00417    -0.00429    -0.00408     0.00000     0.00000     0.00000     0.00000     0.00000    -0.01367
     4.63930    -0.00104    -0.00336    -0.00351    -0.00331     0.00000     0.00000     0.00000     0.00000     0.00000    -0.01121
     4.73630    -0.00137    -0.00688    -0.00858    -0.00687     0.00000     0.00000     0.00000     0.00000     0.00000    -0.02371
     4.83430    -0.00094    -0.02484    -0.03387    -0.02423     0.00000     0.00000     0.00000     0.00000     0.00000    -0.08389
     4.93130     0.00000     0.00000     0.00000     0.00000     0.00000     0.00000     0.00000     0.00000     0.00000     0.00000
     5.02930    -0.00248    -0.00648    -0.00567    -0.00635     0.00000     0.00000     0.00000     0.00000     0.00000    -0.02098
     5.12730    -0.00511    -0.00989    -0.00932    -0.00975     0.00000     0.00000     0.00000     0.00000     0.00000    -0.03408
     5.22430    -0.00116    -0.00225    -0.00243    -0.00235     0.00000     0.00000     0.00000     0.00000     0.00000    -0.00820
     5.32230    -0.00165    -0.00409    -0.00495    -0.00400     0.00000     0.00000     0.00000     0.00000     0.00000    -0.01469
     5.42030    -0.00877    -0.02003    -0.02500    -0.01904     0.00000     0.00000     0.00000     0.00000     0.00000    -0.07284
     5.51730    -0.00399    -0.00756    -0.00953    -0.00731     0.00000     0.00000     0.00000     0.00000     0.00000    -0.02839
     5.61530    -0.00236    -0.00417    -0.00481    -0.00404     0.00000     0.00000     0.00000     0.00000     0.00000    -0.01538
     5.71330    -0.00603    -0.00958    -0.01391    -0.00928     0.00000     0.00000     0.00000     0.00000     0.00000    -0.03880
     5.81030    -0.01646    -0.01797    -0.02557    -0.01705     0.00000     0.00000     0.00000     0.00000     0.00000    -0.07705
     5.90830    -0.01822    -0.01573    -0.02084    -0.01697     0.00000     0.00000     0.00000     0.00000     0.00000    -0.07175
     6.00630    -0.00924    -0.00598    -0.00741    -0.00553     0.00000     0.00000     0.00000     0.00000     0.00000    -0.02816
     6.10330    -0.01397    -0.01148    -0.01515    -0.00989     0.00000     0.00000     0.00000     0.00000     0.00000    -0.05049
     6.20130    -0.01232    -0.01454    -0.01435    -0.01362     0.00000     0.00000     0.00000     0.00000     0.00000    -0.05483
     6.29930    -0.00503    -0.00659    -0.00676    -0.00602     0.00000     0.00000     0.00000     0.00000     0.00000    -0.02440
     6.39630    -0.01298    -0.02946    -0.03123    -0.02897     0.00000     0.00000     0.00000     0.00000     0.00000    -0.10263
     6.49430    -0.01249    -0.02435    -0.02424    -0.02232     0.00000     0.00000     0.00000     0.00000     0.00000    -0.08341
     6.59230    -0.01207    -0.03231    -0.04260    -0.03364     0.00000     0.00000     0.00000     0.00000     0.00000    -0.12062
     6.68930    -0.01497    -0.01107    -0.01528    -0.01349     0.00000     0.00000     0.00000     0.00000     0.00000    -0.05481
     6.78730    -0.02235    -0.01663    -0.01587    -0.01478     0.00000     0.00000     0.00000     0.00000     0.00000    -0.06963
     6.88530    -0.02161    -0.01907    -0.02126    -0.01933     0.00000     0.00000     0.00000     0.00000     0.00000    -0.08126
     6.98230    -0.01498    -0.01302    -0.01783    -0.01603     0.00000     0.00000     0.00000     0.00000     0.00000    -0.06186
     7.08030    -0.02056    -0.01563    -0.01390    -0.01574     0.00000     0.00000     0.00000     0.00000     0.00000    -0.06583
     7.17830    -0.01386    -0.02020    -0.01960    -0.02110     0.00000     0.00000     0.00000     0.00000     0.00000    -0.07477
     7.27530    -0.02824    -0.01316    -0.01513    -0.01186     0.00000     0.00000     0.00000     0.00000     0.00000    -0.06840
     7.37330    -0.01708    -0.01201    -0.01257    -0.01293     0.00000     0.00000     0.00000     0.00000     0.00000    -0.05458
     7.47130    -0.02573    -0.01299    -0.01584    -0.01168     0.00000     0.00000     0.00000     0.00000     0.00000    -0.06623
     7.56830    -0.02126    -0.00935    -0.01167    -0.00961     0.00000     0.00000     0.00000     0.00000     0.00000    -0.05188
     7.66630    -0.02702    -0.01536    -0.01590    -0.01433     0.00000     0.00000     0.00000     0.00000     0.00000    -0.07261
     7.76430    -0.02870    -0.01550    -0.01896    -0.01613     0.00000     0.00000     0.00000     0.00000     0.00000    -0.07929
     7.86130    -0.02876    -0.01199    -0.01630    -0.01253     0.00000     0.00000     0.00000     0.00000     0.00000    -0.06958
     7.95930    -0.03154    -0.01293    -0.01397    -0.01287     0.00000     0.00000     0.00000     0.00000     0.00000    -0.07131
     8.05730    -0.05026    -0.02368    -0.02596    -0.02172     0.00000     0.00000     0.00000     0.00000     0.00000    -0.12162
     8.15430    -0.04098    -0.01554    -0.01774    -0.01571     0.00000     0.00000     0.00000     0.00000     0.00000    -0.08996
     8.25230    -0.05200    -0.01957    -0.01997    -0.01839     0.00000     0.00000     0.00000     0.00000     0.00000    -0.10992
     8.35030    -0.04543    -0.01816    -0.02303    -0.01952     0.00000     0.00000     0.00000     0.00000     0.00000    -0.10614
     8.44730    -0.06712    -0.01704    -0.01714    -0.01673     0.00000     0.00000     0.00000     0.00000     0.00000    -0.11804
     8.54530    -0.06800    -0.02484    -0.03242    -0.02232     0.00000     0.00000     0.00000     0.00000     0.00000    -0.14759
     8.64330    -0.07451    -0.02705    -0.02767    -0.02509     0.00000     0.00000     0.00000     0.00000     0.00000    -0.15431
     8.74030    -0.02916    -0.01387    -0.01361    -0.01239     0.00000     0.00000     0.00000     0.00000     0.00000    -0.06903
     8.83830    -0.02518    -0.01144    -0.01284    -0.01099     0.00000     0.00000     0.00000     0.00000     0.00000    -0.06045
     8.93630    -0.07162    -0.02138    -0.02350    -0.02244     0.00000     0.00000     0.00000     0.00000     0.00000    -0.13893
     9.03330    -0.05279    -0.02261    -0.02503    -0.02383     0.00000     0.00000     0.00000     0.00000     0.00000    -0.12426
     9.13130    -0.05761    -0.02396    -0.02601    -0.02215     0.00000     0.00000     0.00000     0.00000     0.00000    -0.12972
     9.22830    -0.06582    -0.02136    -0.02326    -0.02411     0.00000     0.00000     0.00000     0.00000     0.00000    -0.13456
     9.32630    -0.07948    -0.02490    -0.02242    -0.03067     0.00000     0.00000     0.00000     0.00000     0.00000    -0.15747
     9.42430    -0.11671    -0.02938    -0.02788    -0.03322     0.00000     0.00000     0.00000     0.00000     0.00000    -0.20719
     9.52130    -0.06085    -0.02029    -0.02251    -0.02180     0.00000     0.00000     0.00000     0.00000     0.00000    -0.12545
     9.61930    -0.15743    -0.03996    -0.03686    -0.03820     0.00000     0.00000     0.00000     0.00000     0.00000    -0.27245
     9.71730    -0.03896    -0.00840    -0.01047    -0.01023     0.00000     0.00000     0.00000     0.00000     0.00000    -0.06806
     9.81430    -0.13556    -0.03065    -0.03295    -0.03776     0.00000     0.00000     0.00000     0.00000     0.00000    -0.23692
     9.91230    -0.26358    -0.05276    -0.06315    -0.07511     0.00000     0.00000     0.00000     0.00000     0.00000    -0.45460
    10.01030    -0.09500    -0.01931    -0.02245    -0.02188     0.00000     0.00000     0.00000     0.00000     0.00000    -0.15864
    10.10730    -0.10817    -0.02415    -0.02373    -0.02670     0.00000     0.00000     0.00000     0.00000     0.00000    -0.18275
    10.20530    -0.10343    -0.02160    -0.02608    -0.02582     0.00000     0.00000     0.00000     0.00000     0.00000    -0.17694
    10.30330    -0.01837    -0.00462    -0.00491    -0.00569     0.00000     0.00000     0.00000     0.00000     0.00000    -0.03358
    10.40030     0.00000     0.00000     0.00000     0.00000     0.00000     0.00000     0.00000     0.00000     0.00000     0.00000
    10.49830     0.00000     0.00000     0.00000     0.00000     0.00000     0.00000     0.00000     0.00000     0.00000     0.00000
    10.59630     0.00000     0.00000     0.00000     0.00000     0.00000     0.00000     0.00000     0.00000     0.00000     0.00000
    10.69330     0.00000     0.00000     0.00000     0.00000     0.00000     0.00000     0.00000     0.00000     0.00000     0.00000
    10.79130     0.00000     0.00000     0.00000     0.00000     0.00000     0.00000     0.00000     0.00000     0.00000     0.00000
    10.88930     0.00000     0.00000     0.00000     0.00000     0.00000     0.00000     0.00000     0.00000     0.00000     0.00000
    10.98630     0.00000     0.00000     0.00000     0.00000     0.00000     0.00000     0.00000     0.00000     0.00000     0.00000
    11.08430     0.00000     0.00000     0.00000     0.00000     0.00000     0.00000     0.00000     0.00000     0.00000     0.00000
    11.18230     0.00000     0.00000     0.00000     0.00000     0.00000     0.00000     0.00000     0.00000     0.00000     0.00000
    11.27930     0.00000     0.00000     0.00000     0.00000     0.00000     0.00000     0.00000     0.00000     0.00000     0.00000
    11.37730     0.00000     0.00000     0.00000     0.00000     0.00000     0.00000     0.00000     0.00000     0.00000     0.00000
    11.47530     0.00000     0.00000     0.00000     0.00000     0.00000     0.00000     0.00000     0.00000     0.00000     0.00000
    11.57230     0.00000     0.00000     0.00000     0.00000     0.00000     0.00000     0.00000     0.00000     0.00000     0.00000
    11.67030     0.00000     0.00000     0.00000     0.00000     0.00000     0.00000     0.00000     0.00000     0.00000     0.00000
