     #Energy           s          py          pz          px         dxy         dyz         dz2         dxz         dx2       tot  
   -17.62770     0.00000     0.00000     0.00000     0.00000     0.00000     0.00000     0.00000     0.00000     0.00000     0.00000
   -17.52970     0.00000     0.00000     0.00000     0.00000     0.00000     0.00000     0.00000     0.00000     0.00000     0.00000
   -17.43170     0.00000     0.00000     0.00000     0.00000     0.00000     0.00000     0.00000     0.00000     0.00000     0.00000
   -17.33470     0.00000     0.00000     0.00000     0.00000     0.00000     0.00000     0.00000     0.00000     0.00000     0.00000
   -17.23670     0.00000     0.00000     0.00000     0.00000     0.00000     0.00000     0.00000     0.00000     0.00000     0.00000
   -17.13870     0.00000     0.00000     0.00000     0.00000     0.00000     0.00000     0.00000     0.00000     0.00000     0.00000
   -17.04170     0.00000     0.00000     0.00000     0.00000     0.00000     0.00000     0.00000     0.00000     0.00000     0.00000
   -16.94370     0.00000     0.00000     0.00000     0.00000     0.00000     0.00000     0.00000     0.00000     0.00000     0.00000
   -16.84570     0.00000     0.00000     0.00000     0.00000     0.00000     0.00000     0.00000     0.00000     0.00000     0.00000
   -16.74870     0.00000     0.00000     0.00000     0.00000     0.00000     0.00000     0.00000     0.00000     0.00000     0.00000
   -16.65070     0.00000     0.00000     0.00000     0.00000     0.00000     0.00000     0.00000     0.00000     0.00000     0.00000
   -16.55370     0.00000     0.00000     0.00000     0.00000     0.00000     0.00000     0.00000     0.00000     0.00000     0.00000
   -16.45570     0.00000     0.00000     0.00000     0.00000     0.00000     0.00000     0.00000     0.00000     0.00000     0.00000
   -16.35770     0.00000     0.00000     0.00000     0.00000     0.00000     0.00000     0.00000     0.00000     0.00000     0.00000
   -16.26070     0.00000     0.00000     0.00000     0.00000     0.00000     0.00000     0.00000     0.00000     0.00000     0.00000
   -16.16270     0.00000     0.00000     0.00000     0.00000     0.00000     0.00000     0.00000     0.00000     0.00000     0.00000
   -16.06470     0.00000     0.00000     0.00000     0.00000     0.00000     0.00000     0.00000     0.00000     0.00000     0.00000
   -15.96770     0.00000     0.00000     0.00000     0.00000     0.00000     0.00000     0.00000     0.00000     0.00000     0.00000
   -15.86970     0.00000     0.00000     0.00000     0.00000     0.00000     0.00000     0.00000     0.00000     0.00000     0.00000
   -15.77170     0.00000     0.00000     0.00000     0.00000     0.00000     0.00000     0.00000     0.00000     0.00000     0.00000
   -15.67470     0.00000     0.00000     0.00000     0.00000     0.00000     0.00000     0.00000     0.00000     0.00000     0.00000
   -15.57670     0.00000     0.00000     0.00000     0.00000     0.00000     0.00000     0.00000     0.00000     0.00000     0.00000
   -15.47870     0.00000     0.00000     0.00000     0.00000     0.00000     0.00000     0.00000     0.00000     0.00000     0.00000
   -15.38170    -0.28016    -0.00058    -0.00054    -0.00054    -0.00006    -0.00007    -0.00009    -0.00007    -0.00008    -0.28219
   -15.28370    -0.14073    -0.00258    -0.00234    -0.00248    -0.00005    -0.00006    -0.00044    -0.00005    -0.00043    -0.14916
   -15.18570    -0.31155    -0.01372    -0.01210    -0.01295    -0.00019    -0.00027    -0.00317    -0.00019    -0.00324    -0.35738
   -15.08870    -0.32599    -0.02257    -0.02095    -0.01875    -0.00030    -0.00040    -0.00606    -0.00031    -0.00803    -0.40336
   -14.99070     0.00000     0.00000     0.00000     0.00000     0.00000     0.00000     0.00000     0.00000     0.00000     0.00000
   -14.89270    -0.28496    -0.07821    -0.06272    -0.07146    -0.00071    -0.00087    -0.01010    -0.00057    -0.01047    -0.52006
   -14.79570    -0.11275    -0.08659    -0.09432    -0.09066    -0.00042    -0.00067    -0.01219    -0.00038    -0.01271    -0.41069
   -14.69770    -0.10174    -0.41462    -0.39969    -0.41458    -0.00237    -0.00438    -0.10481    -0.00204    -0.10485    -1.54908
   -14.59970    -0.00316    -0.10687    -0.09932    -0.10141    -0.00093    -0.00210    -0.06096    -0.00090    -0.06675    -0.44239
   -14.50270    -0.06872    -0.26060    -0.21906    -0.21836    -0.00121    -0.03682    -2.09871    -0.00195    -1.61398    -4.51940
   -14.40470     0.00000     0.00000     0.00000     0.00000     0.00000     0.00000     0.00000     0.00000     0.00000     0.00000
   -14.30670     0.00000     0.00000     0.00000     0.00000     0.00000     0.00000     0.00000     0.00000     0.00000     0.00000
   -14.20970     0.00000     0.00000     0.00000     0.00000     0.00000     0.00000     0.00000     0.00000     0.00000     0.00000
   -14.11170     0.00000     0.00000     0.00000     0.00000     0.00000     0.00000     0.00000     0.00000     0.00000     0.00000
   -14.01370     0.00000     0.00000     0.00000     0.00000     0.00000     0.00000     0.00000     0.00000     0.00000     0.00000
   -13.91670     0.00000     0.00000     0.00000     0.00000     0.00000     0.00000     0.00000     0.00000     0.00000     0.00000
   -13.81870     0.00000     0.00000     0.00000     0.00000     0.00000     0.00000     0.00000     0.00000     0.00000     0.00000
   -13.72070     0.00000     0.00000     0.00000     0.00000     0.00000     0.00000     0.00000     0.00000     0.00000     0.00000
   -13.62370     0.00000     0.00000     0.00000     0.00000     0.00000     0.00000     0.00000     0.00000     0.00000     0.00000
   -13.52570     0.00000     0.00000     0.00000     0.00000     0.00000     0.00000     0.00000     0.00000     0.00000     0.00000
   -13.42770     0.00000     0.00000     0.00000     0.00000     0.00000     0.00000     0.00000     0.00000     0.00000     0.00000
   -13.33070     0.00000     0.00000     0.00000     0.00000     0.00000     0.00000     0.00000     0.00000     0.00000     0.00000
   -13.23270     0.00000     0.00000     0.00000     0.00000     0.00000     0.00000     0.00000     0.00000     0.00000     0.00000
   -13.13470     0.00000     0.00000     0.00000     0.00000     0.00000     0.00000     0.00000     0.00000     0.00000     0.00000
   -13.03770     0.00000     0.00000     0.00000     0.00000     0.00000     0.00000     0.00000     0.00000     0.00000     0.00000
   -12.93970     0.00000     0.00000     0.00000     0.00000     0.00000     0.00000     0.00000     0.00000     0.00000     0.00000
   -12.84170     0.00000     0.00000     0.00000     0.00000     0.00000     0.00000     0.00000     0.00000     0.00000     0.00000
   -12.74470     0.00000     0.00000     0.00000     0.00000     0.00000     0.00000     0.00000     0.00000     0.00000     0.00000
   -12.64670     0.00000     0.00000     0.00000     0.00000     0.00000     0.00000     0.00000     0.00000     0.00000     0.00000
   -12.54870     0.00000     0.00000     0.00000     0.00000     0.00000     0.00000     0.00000     0.00000     0.00000     0.00000
   -12.45170     0.00000     0.00000     0.00000     0.00000     0.00000     0.00000     0.00000     0.00000     0.00000     0.00000
   -12.35370     0.00000     0.00000     0.00000     0.00000     0.00000     0.00000     0.00000     0.00000     0.00000     0.00000
   -12.25670     0.00000     0.00000     0.00000     0.00000     0.00000     0.00000     0.00000     0.00000     0.00000     0.00000
   -12.15870     0.00000     0.00000     0.00000     0.00000     0.00000     0.00000     0.00000     0.00000     0.00000     0.00000
   -12.06070     0.00000     0.00000     0.00000     0.00000     0.00000     0.00000     0.00000     0.00000     0.00000     0.00000
   -11.96370     0.00000     0.00000     0.00000     0.00000     0.00000     0.00000     0.00000     0.00000     0.00000     0.00000
   -11.86570     0.00000     0.00000     0.00000     0.00000     0.00000     0.00000     0.00000     0.00000     0.00000     0.00000
   -11.76770     0.00000     0.00000     0.00000     0.00000     0.00000     0.00000     0.00000     0.00000     0.00000     0.00000
   -11.67070     0.00000     0.00000     0.00000     0.00000     0.00000     0.00000     0.00000     0.00000     0.00000     0.00000
   -11.57270     0.00000     0.00000     0.00000     0.00000     0.00000     0.00000     0.00000     0.00000     0.00000     0.00000
   -11.47470     0.00000     0.00000     0.00000     0.00000     0.00000     0.00000     0.00000     0.00000     0.00000     0.00000
   -11.37770     0.00000     0.00000     0.00000     0.00000     0.00000     0.00000     0.00000     0.00000     0.00000     0.00000
   -11.27970     0.00000     0.00000     0.00000     0.00000     0.00000     0.00000     0.00000     0.00000     0.00000     0.00000
   -11.18170     0.00000     0.00000     0.00000     0.00000     0.00000     0.00000     0.00000     0.00000     0.00000     0.00000
   -11.08470     0.00000     0.00000     0.00000     0.00000     0.00000     0.00000     0.00000     0.00000     0.00000     0.00000
   -10.98670     0.00000     0.00000     0.00000     0.00000     0.00000     0.00000     0.00000     0.00000     0.00000     0.00000
   -10.88870     0.00000     0.00000     0.00000     0.00000     0.00000     0.00000     0.00000     0.00000     0.00000     0.00000
   -10.79170     0.00000     0.00000     0.00000     0.00000     0.00000     0.00000     0.00000     0.00000     0.00000     0.00000
   -10.69370     0.00000     0.00000     0.00000     0.00000     0.00000     0.00000     0.00000     0.00000     0.00000     0.00000
   -10.59570     0.00000     0.00000     0.00000     0.00000     0.00000     0.00000     0.00000     0.00000     0.00000     0.00000
   -10.49870     0.00000     0.00000     0.00000     0.00000     0.00000     0.00000     0.00000     0.00000     0.00000     0.00000
   -10.40070     0.00000     0.00000     0.00000     0.00000     0.00000     0.00000     0.00000     0.00000     0.00000     0.00000
   -10.30270     0.00000     0.00000     0.00000     0.00000     0.00000     0.00000     0.00000     0.00000     0.00000     0.00000
   -10.20570     0.00000     0.00000     0.00000     0.00000     0.00000     0.00000     0.00000     0.00000     0.00000     0.00000
   -10.10770     0.00000     0.00000     0.00000     0.00000     0.00000     0.00000     0.00000     0.00000     0.00000     0.00000
   -10.00970     0.00000     0.00000     0.00000     0.00000     0.00000     0.00000     0.00000     0.00000     0.00000     0.00000
    -9.91270     0.00000     0.00000     0.00000     0.00000     0.00000     0.00000     0.00000     0.00000     0.00000     0.00000
    -9.81470     0.00000     0.00000     0.00000     0.00000     0.00000     0.00000     0.00000     0.00000     0.00000     0.00000
    -9.71670     0.00000     0.00000     0.00000     0.00000     0.00000     0.00000     0.00000     0.00000     0.00000     0.00000
    -9.61970     0.00000     0.00000     0.00000     0.00000     0.00000     0.00000     0.00000     0.00000     0.00000     0.00000
    -9.52170     0.00000     0.00000     0.00000     0.00000     0.00000     0.00000     0.00000     0.00000     0.00000     0.00000
    -9.42370     0.00000     0.00000     0.00000     0.00000     0.00000     0.00000     0.00000     0.00000     0.00000     0.00000
    -9.32670     0.00000     0.00000     0.00000     0.00000     0.00000     0.00000     0.00000     0.00000     0.00000     0.00000
    -9.22870     0.00000     0.00000     0.00000     0.00000     0.00000     0.00000     0.00000     0.00000     0.00000     0.00000
    -9.13070     0.00000     0.00000     0.00000     0.00000     0.00000     0.00000     0.00000     0.00000     0.00000     0.00000
    -9.03370     0.00000     0.00000     0.00000     0.00000     0.00000     0.00000     0.00000     0.00000     0.00000     0.00000
    -8.93570     0.00000     0.00000     0.00000     0.00000     0.00000     0.00000     0.00000     0.00000     0.00000     0.00000
    -8.83770     0.00000     0.00000     0.00000     0.00000     0.00000     0.00000     0.00000     0.00000     0.00000     0.00000
    -8.74070     0.00000     0.00000     0.00000     0.00000     0.00000     0.00000     0.00000     0.00000     0.00000     0.00000
    -8.64270     0.00000     0.00000     0.00000     0.00000     0.00000     0.00000     0.00000     0.00000     0.00000     0.00000
    -8.54470     0.00000     0.00000     0.00000     0.00000     0.00000     0.00000     0.00000     0.00000     0.00000     0.00000
    -8.44770     0.00000     0.00000     0.00000     0.00000     0.00000     0.00000     0.00000     0.00000     0.00000     0.00000
    -8.34970     0.00000     0.00000     0.00000     0.00000     0.00000     0.00000     0.00000     0.00000     0.00000     0.00000
    -8.25170     0.00000     0.00000     0.00000     0.00000     0.00000     0.00000     0.00000     0.00000     0.00000     0.00000
    -8.15470     0.00000     0.00000     0.00000     0.00000     0.00000     0.00000     0.00000     0.00000     0.00000     0.00000
    -8.05670     0.00000     0.00000     0.00000     0.00000     0.00000     0.00000     0.00000     0.00000     0.00000     0.00000
    -7.95970     0.00000     0.00000     0.00000     0.00000     0.00000     0.00000     0.00000     0.00000     0.00000     0.00000
    -7.86170     0.00000     0.00000     0.00000     0.00000     0.00000     0.00000     0.00000     0.00000     0.00000     0.00000
    -7.76370     0.00000     0.00000     0.00000     0.00000     0.00000     0.00000     0.00000     0.00000     0.00000     0.00000
    -7.66670     0.00000     0.00000     0.00000     0.00000     0.00000     0.00000     0.00000     0.00000     0.00000     0.00000
    -7.56870     0.00000     0.00000     0.00000     0.00000     0.00000     0.00000     0.00000     0.00000     0.00000     0.00000
    -7.47070     0.00000     0.00000     0.00000     0.00000     0.00000     0.00000     0.00000     0.00000     0.00000     0.00000
    -7.37370     0.00000     0.00000     0.00000     0.00000     0.00000     0.00000     0.00000     0.00000     0.00000     0.00000
    -7.27570     0.00000     0.00000     0.00000     0.00000     0.00000     0.00000     0.00000     0.00000     0.00000     0.00000
    -7.17770     0.00000     0.00000     0.00000     0.00000     0.00000     0.00000     0.00000     0.00000     0.00000     0.00000
    -7.08070     0.00000     0.00000     0.00000     0.00000     0.00000     0.00000     0.00000     0.00000     0.00000     0.00000
    -6.98270     0.00000     0.00000     0.00000     0.00000     0.00000     0.00000     0.00000     0.00000     0.00000     0.00000
    -6.88470     0.00000     0.00000     0.00000     0.00000     0.00000     0.00000     0.00000     0.00000     0.00000     0.00000
    -6.78770     0.00000     0.00000     0.00000     0.00000     0.00000     0.00000     0.00000     0.00000     0.00000     0.00000
    -6.68970     0.00000     0.00000     0.00000     0.00000     0.00000     0.00000     0.00000     0.00000     0.00000     0.00000
    -6.59170     0.00000     0.00000     0.00000     0.00000     0.00000     0.00000     0.00000     0.00000     0.00000     0.00000
    -6.49470     0.00000     0.00000     0.00000     0.00000     0.00000     0.00000     0.00000     0.00000     0.00000     0.00000
    -6.39670     0.00000     0.00000     0.00000     0.00000     0.00000     0.00000     0.00000     0.00000     0.00000     0.00000
    -6.29870     0.00000     0.00000     0.00000     0.00000     0.00000     0.00000     0.00000     0.00000     0.00000     0.00000
    -6.20170     0.00000     0.00000     0.00000     0.00000     0.00000     0.00000     0.00000     0.00000     0.00000     0.00000
    -6.10370     0.00000     0.00000     0.00000     0.00000     0.00000     0.00000     0.00000     0.00000     0.00000     0.00000
    -6.00570     0.00000     0.00000     0.00000     0.00000     0.00000     0.00000     0.00000     0.00000     0.00000     0.00000
    -5.90870     0.00000     0.00000     0.00000     0.00000     0.00000     0.00000     0.00000     0.00000     0.00000     0.00000
    -5.81070     0.00000     0.00000     0.00000     0.00000     0.00000     0.00000     0.00000     0.00000     0.00000     0.00000
    -5.71270     0.00000     0.00000     0.00000     0.00000     0.00000     0.00000     0.00000     0.00000     0.00000     0.00000
    -5.61570     0.00000     0.00000     0.00000     0.00000     0.00000     0.00000     0.00000     0.00000     0.00000     0.00000
    -5.51770     0.00000     0.00000     0.00000     0.00000     0.00000     0.00000     0.00000     0.00000     0.00000     0.00000
    -5.41970     0.00000     0.00000     0.00000     0.00000     0.00000     0.00000     0.00000     0.00000     0.00000     0.00000
    -5.32270     0.00000     0.00000     0.00000     0.00000     0.00000     0.00000     0.00000     0.00000     0.00000     0.00000
    -5.22470     0.00000     0.00000     0.00000     0.00000     0.00000     0.00000     0.00000     0.00000     0.00000     0.00000
    -5.12670     0.00000     0.00000     0.00000     0.00000     0.00000     0.00000     0.00000     0.00000     0.00000     0.00000
    -5.02970     0.00000     0.00000     0.00000     0.00000     0.00000     0.00000     0.00000     0.00000     0.00000     0.00000
    -4.93170     0.00000     0.00000     0.00000     0.00000     0.00000     0.00000     0.00000     0.00000     0.00000     0.00000
    -4.83370    -1.34330    -0.00178    -0.00163    -0.00165    -0.03951    -0.03765    -0.00949    -0.03742    -0.00632    -1.47874
    -4.73670    -0.50192    -0.00042    -0.00034    -0.00040    -0.01477    -0.01360    -0.00296    -0.01325    -0.00164    -0.54930
    -4.63870     0.00000     0.00000     0.00000     0.00000     0.00000     0.00000     0.00000     0.00000     0.00000     0.00000
    -4.54070     0.00000     0.00000     0.00000     0.00000     0.00000     0.00000     0.00000     0.00000     0.00000     0.00000
    -4.44370    -2.59200    -0.00841    -0.00918    -0.00833    -0.08743    -0.08909    -0.02975    -0.09353    -0.01886    -2.93657
    -4.34570     0.00000     0.00000     0.00000     0.00000     0.00000     0.00000     0.00000     0.00000     0.00000     0.00000
    -4.24770    -0.01352    -0.37761    -0.18609    -0.18642    -0.00836    -0.00535    -0.02478    -0.00350    -0.02012    -0.82575
    -4.15070    -0.03144    -0.58833    -0.59057    -0.61144    -0.04723    -0.04400    -0.11709    -0.03717    -0.13598    -2.20325
    -4.05270    -0.00461    -0.57144    -0.54866    -0.54908    -0.12721    -0.13119    -0.07746    -0.11125    -0.08178    -2.20269
    -3.95470    -0.01338    -0.21368    -0.22465    -0.22796    -0.07538    -0.07072    -0.13354    -0.06652    -0.13304    -1.15887
    -3.85770    -0.02233    -0.62620    -0.69474    -0.78975    -0.39490    -0.35838    -1.04500    -0.38124    -1.00351    -5.31605
    -3.75970    -0.04423    -0.21238    -0.15879    -0.19694    -0.11867    -0.11854    -0.19797    -0.12854    -0.16591    -1.34197
    -3.66270    -0.02623    -0.15855    -0.19415    -0.12291    -0.05179    -0.06679    -0.17499    -0.06490    -0.11422    -0.97454
    -3.56470    -0.04251    -0.25741    -0.24289    -0.26179    -0.12182    -0.12650    -0.33779    -0.12112    -0.35244    -1.86427
    -3.46670    -0.00198    -0.04978    -0.06604    -0.05158    -0.02531    -0.03432    -0.26525    -0.02542    -0.22794    -0.74763
    -3.36970    -0.01489    -0.15169    -0.16340    -0.14124    -0.10610    -0.13370    -0.59199    -0.13859    -0.67803    -2.11963
    -3.27170    -0.00086    -0.02272    -0.02870    -0.02578    -0.01431    -0.01917    -0.28218    -0.01226    -0.27487    -0.68086
    -3.17370    -0.00603    -0.01946    -0.01667    -0.01893    -0.02281    -0.02647    -0.25896    -0.02097    -0.27668    -0.66698
    -3.07670    -0.03578    -0.09392    -0.08866    -0.09061    -0.08691    -0.09481    -1.08420    -0.07201    -0.94740    -2.59430
    -2.97870    -0.07351    -0.06082    -0.05978    -0.05677    -0.04255    -0.10119    -2.12770    -0.05208    -1.89220    -4.46659
    -2.88070    -0.07661    -0.06103    -0.04649    -0.04783    -0.05823    -0.06141    -0.35102    -0.05371    -0.31833    -1.07466
    -2.78370    -0.01701    -0.05759    -0.05706    -0.06135    -0.01421    -0.02546    -0.61540    -0.01601    -0.60840    -1.47249
    -2.68570    -0.04570    -0.13250    -0.11545    -0.13485    -0.06368    -0.08316    -1.06377    -0.06372    -1.09972    -2.80255
    -2.58770    -0.07137    -0.11523    -0.10641    -0.11109    -0.06185    -0.08003    -0.47028    -0.07442    -0.78280    -1.87348
    -2.49070    -0.02523    -0.19995    -0.21965    -0.24317    -0.04893    -0.07002    -0.74346    -0.04564    -0.54008    -2.13613
    -2.39270    -0.00940    -0.15431    -0.18763    -0.15828    -0.02073    -0.02901    -0.35661    -0.02079    -0.38744    -1.32420
    -2.29470     0.00000     0.00000     0.00000     0.00000     0.00000     0.00000     0.00000     0.00000     0.00000     0.00000
    -2.19770    -0.03227    -0.12028    -0.14028    -0.13120    -0.07999    -0.07673    -0.28626    -0.07383    -0.25736    -1.19820
    -2.09970    -0.02671    -0.09558    -0.10555    -0.09061    -0.10008    -0.08431    -0.22689    -0.08938    -0.16570    -0.98482
    -2.00170    -0.02566    -0.07243    -0.07465    -0.06989    -0.08810    -0.08679    -0.14669    -0.08292    -0.13574    -0.78286
    -1.90470    -0.03916    -0.09846    -0.10606    -0.09597    -0.16021    -0.13867    -0.18295    -0.13028    -0.16096    -1.11272
    -1.80670    -0.00014    -0.00022    -0.00010    -0.00018    -0.00034    -0.00032    -0.00125    -0.00029    -0.00083    -0.00370
    -1.70870    -0.00949    -0.00850    -0.00707    -0.00834    -0.01007    -0.01423    -0.02031    -0.01178    -0.02596    -0.11574
    -1.61170    -0.05029    -0.09696    -0.09778    -0.09759    -0.13282    -0.13146    -0.26229    -0.11666    -0.24452    -1.23036
    -1.51370    -0.00312    -0.01018    -0.01011    -0.01021    -0.00913    -0.00953    -0.01172    -0.00950    -0.01335    -0.08684
    -1.41570    -0.01069    -0.15066    -0.13335    -0.14263    -0.11872    -0.11450    -0.15598    -0.11845    -0.13739    -1.08237
    -1.31870    -0.00022    -0.03278    -0.02804    -0.02956    -0.01441    -0.01444    -0.01972    -0.01357    -0.02064    -0.17339
    -1.22070     0.00000     0.00000     0.00000     0.00000     0.00000     0.00000     0.00000     0.00000     0.00000     0.00000
    -1.12270     0.00000     0.00000     0.00000     0.00000     0.00000     0.00000     0.00000     0.00000     0.00000     0.00000
    -1.02570     0.00000     0.00000     0.00000     0.00000     0.00000     0.00000     0.00000     0.00000     0.00000     0.00000
    -0.92770     0.00000     0.00000     0.00000     0.00000     0.00000     0.00000     0.00000     0.00000     0.00000     0.00000
    -0.82970     0.00000     0.00000     0.00000     0.00000     0.00000     0.00000     0.00000     0.00000     0.00000     0.00000
    -0.73270     0.00000     0.00000     0.00000     0.00000     0.00000     0.00000     0.00000     0.00000     0.00000     0.00000
    -0.63470     0.00000     0.00000     0.00000     0.00000     0.00000     0.00000     0.00000     0.00000     0.00000     0.00000
    -0.53670     0.00000     0.00000     0.00000     0.00000     0.00000     0.00000     0.00000     0.00000     0.00000     0.00000
    -0.43970     0.00000     0.00000     0.00000     0.00000     0.00000     0.00000     0.00000     0.00000     0.00000     0.00000
    -0.34170     0.00000     0.00000     0.00000     0.00000     0.00000     0.00000     0.00000     0.00000     0.00000     0.00000
    -0.24370     0.00000     0.00000     0.00000     0.00000     0.00000     0.00000     0.00000     0.00000     0.00000     0.00000
    -0.14670     0.00000     0.00000     0.00000     0.00000     0.00000     0.00000     0.00000     0.00000     0.00000     0.00000
    -0.04870     0.00000     0.00000     0.00000     0.00000     0.00000     0.00000     0.00000     0.00000     0.00000     0.00000
     0.04930     0.00000     0.00000     0.00000     0.00000     0.00000     0.00000     0.00000     0.00000     0.00000     0.00000
     0.14630     0.00000     0.00000     0.00000     0.00000     0.00000     0.00000     0.00000     0.00000     0.00000     0.00000
     0.24430     0.00000     0.00000     0.00000     0.00000     0.00000     0.00000     0.00000     0.00000     0.00000     0.00000
     0.34230     0.00000     0.00000     0.00000     0.00000     0.00000     0.00000     0.00000     0.00000     0.00000     0.00000
     0.43930     0.00000     0.00000     0.00000     0.00000     0.00000     0.00000     0.00000     0.00000     0.00000     0.00000
     0.53730     0.00000     0.00000     0.00000     0.00000     0.00000     0.00000     0.00000     0.00000     0.00000     0.00000
     0.63430     0.00000     0.00000     0.00000     0.00000     0.00000     0.00000     0.00000     0.00000     0.00000     0.00000
     0.73230     0.00000     0.00000     0.00000     0.00000     0.00000     0.00000     0.00000     0.00000     0.00000     0.00000
     0.83030     0.00000     0.00000     0.00000     0.00000     0.00000     0.00000     0.00000     0.00000     0.00000     0.00000
     0.92730     0.00000     0.00000     0.00000     0.00000     0.00000     0.00000     0.00000     0.00000     0.00000     0.00000
     1.02530     0.00000     0.00000     0.00000     0.00000     0.00000     0.00000     0.00000     0.00000     0.00000     0.00000
     1.12330     0.00000     0.00000     0.00000     0.00000     0.00000     0.00000     0.00000     0.00000     0.00000     0.00000
     1.22030     0.00000     0.00000     0.00000     0.00000     0.00000     0.00000     0.00000     0.00000     0.00000     0.00000
     1.31830     0.00000     0.00000     0.00000     0.00000     0.00000     0.00000     0.00000     0.00000     0.00000     0.00000
     1.41630     0.00000     0.00000     0.00000     0.00000     0.00000     0.00000     0.00000     0.00000     0.00000     0.00000
     1.51330     0.00000     0.00000     0.00000     0.00000     0.00000     0.00000     0.00000     0.00000     0.00000     0.00000
     1.61130     0.00000     0.00000     0.00000     0.00000     0.00000     0.00000     0.00000     0.00000     0.00000     0.00000
     1.70930     0.00000     0.00000     0.00000     0.00000     0.00000     0.00000     0.00000     0.00000     0.00000     0.00000
     1.80630     0.00000     0.00000     0.00000     0.00000     0.00000     0.00000     0.00000     0.00000     0.00000     0.00000
     1.90430     0.00000     0.00000     0.00000     0.00000     0.00000     0.00000     0.00000     0.00000     0.00000     0.00000
     2.00230     0.00000     0.00000     0.00000     0.00000     0.00000     0.00000     0.00000     0.00000     0.00000     0.00000
     2.09930     0.00000     0.00000     0.00000     0.00000     0.00000     0.00000     0.00000     0.00000     0.00000     0.00000
     2.19730     0.00000     0.00000     0.00000     0.00000     0.00000     0.00000     0.00000     0.00000     0.00000     0.00000
     2.29530    -0.03046    -0.00472    -0.00410    -0.00436    -3.64540    -3.68030    -1.38110    -3.77700    -1.00190   -13.52934
     2.39230    -0.17033    -0.02029    -0.01831    -0.01814   -10.32300    -9.96500    -2.09730    -9.26600    -1.41490   -33.29327
     2.49030    -0.21579    -0.01762    -0.01359    -0.01621   -22.77100   -19.85400   -13.56900   -14.26500    -9.98200   -80.70422
     2.58830    -0.03922    -0.00845    -0.00727    -0.00745    -7.09300    -6.63960   -11.43370    -7.97290   -13.02640   -46.22799
     2.68530    -0.08201    -0.01977    -0.01384    -0.01875    -7.68530    -6.95140   -24.35200    -5.65710   -19.64300   -64.42317
     2.78330    -0.04929    -0.01094    -0.01066    -0.01071    -2.64780    -2.70910    -4.78430    -2.60210    -5.42980   -18.25471
     2.88130    -0.07891    -0.00551    -0.00589    -0.00565    -3.15900    -3.14060    -2.90540    -2.92630    -3.48890   -15.71617
     2.97830    -0.05933    -0.01757    -0.01780    -0.01619   -13.92200   -12.90300    -9.93100   -13.48940    -9.32770   -59.68398
     3.07630    -0.10615    -0.01803    -0.01742    -0.01563   -13.21300   -19.51100    -6.46900   -16.31400    -6.65980   -62.32403
     3.17430     0.00000     0.00000     0.00000     0.00000     0.00000     0.00000     0.00000     0.00000     0.00000     0.00000
     3.27130     0.00000     0.00000     0.00000     0.00000     0.00000     0.00000     0.00000     0.00000     0.00000     0.00000
     3.36930     0.00000     0.00000     0.00000     0.00000     0.00000     0.00000     0.00000     0.00000     0.00000     0.00000
     3.46730     0.00000     0.00000     0.00000     0.00000     0.00000     0.00000     0.00000     0.00000     0.00000     0.00000
     3.56430     0.00000     0.00000     0.00000     0.00000     0.00000     0.00000     0.00000     0.00000     0.00000     0.00000
     3.66230     0.00000     0.00000     0.00000     0.00000     0.00000     0.00000     0.00000     0.00000     0.00000     0.00000
     3.76030     0.00000     0.00000     0.00000     0.00000     0.00000     0.00000     0.00000     0.00000     0.00000     0.00000
     3.85730     0.00000     0.00000     0.00000     0.00000     0.00000     0.00000     0.00000     0.00000     0.00000     0.00000
     3.95530     0.00000     0.00000     0.00000     0.00000     0.00000     0.00000     0.00000     0.00000     0.00000     0.00000
     4.05330     0.00000     0.00000     0.00000     0.00000     0.00000     0.00000     0.00000     0.00000     0.00000     0.00000
     4.15030     0.00000     0.00000     0.00000     0.00000     0.00000     0.00000     0.00000     0.00000     0.00000     0.00000
     4.24830     0.00000     0.00000     0.00000     0.00000     0.00000     0.00000     0.00000     0.00000     0.00000     0.00000
     4.34630     0.00000     0.00000     0.00000     0.00000     0.00000     0.00000     0.00000     0.00000     0.00000     0.00000
     4.44330     0.00000     0.00000     0.00000     0.00000     0.00000     0.00000     0.00000     0.00000     0.00000     0.00000
     4.54130    -0.11120    -0.00092    -0.00072    -0.00085    -0.00122    -0.00176    -0.00230    -0.00156    -0.00237    -0.12290
     4.63930    -0.06563    -0.00126    -0.00100    -0.00117    -0.00173    -0.00208    -0.00209    -0.00214    -0.00230    -0.07940
     4.73630    -0.06864    -0.00225    -0.00153    -0.00205    -0.00336    -0.00344    -0.00315    -0.00386    -0.00423    -0.09251
     4.83430    -0.04609    -0.00358    -0.00149    -0.00326    -0.00580    -0.00437    -0.00439    -0.00574    -0.01102    -0.08574
     4.93130     0.00000     0.00000     0.00000     0.00000     0.00000     0.00000     0.00000     0.00000     0.00000     0.00000
     5.02930    -0.04368    -0.00333    -0.00329    -0.00328    -0.00455    -0.00615    -0.00547    -0.00655    -0.00598    -0.08227
     5.12730    -0.09448    -0.00642    -0.00572    -0.00681    -0.00821    -0.00814    -0.00991    -0.00832    -0.01147    -0.15947
     5.22430    -0.01854    -0.00179    -0.00163    -0.00171    -0.00265    -0.00225    -0.00320    -0.00213    -0.00239    -0.03630
     5.32230    -0.02638    -0.00307    -0.00286    -0.00298    -0.00394    -0.00449    -0.00597    -0.00454    -0.00609    -0.06033
     5.42030    -0.10394    -0.01653    -0.01404    -0.01653    -0.01955    -0.02001    -0.02603    -0.01940    -0.02089    -0.25692
     5.51730    -0.06426    -0.00870    -0.00795    -0.00901    -0.00977    -0.01063    -0.01404    -0.01091    -0.01871    -0.15398
     5.61530    -0.04335    -0.00642    -0.00601    -0.00676    -0.00657    -0.00752    -0.01026    -0.00713    -0.01264    -0.10664
     5.71330    -0.12248    -0.02778    -0.02372    -0.02293    -0.02399    -0.02213    -0.02907    -0.02164    -0.02929    -0.32303
     5.81030    -0.19733    -0.08281    -0.05322    -0.06175    -0.02715    -0.02586    -0.02576    -0.03052    -0.03426    -0.53865
     5.90830    -0.48853    -0.08491    -0.07501    -0.06099    -0.02368    -0.02056    -0.02459    -0.02015    -0.02722    -0.82565
     6.00630    -0.95360    -0.03797    -0.04957    -0.03701    -0.01755    -0.01530    -0.00943    -0.01700    -0.01393    -1.15136
     6.10330    -1.39010    -0.12337    -0.10397    -0.11775    -0.04378    -0.04130    -0.04072    -0.03940    -0.04419    -1.94458
     6.20130    -1.23160    -0.08091    -0.07977    -0.07528    -0.02995    -0.03362    -0.03028    -0.03398    -0.02863    -1.62402
     6.29930    -0.56436    -0.05470    -0.05279    -0.05624    -0.01652    -0.01597    -0.01130    -0.01935    -0.01023    -0.80146
     6.39630    -1.56890    -0.19667    -0.18577    -0.18650    -0.06768    -0.05757    -0.03373    -0.06640    -0.03297    -2.39619
     6.49430    -1.26440    -0.12311    -0.12229    -0.12247    -0.05258    -0.05480    -0.02408    -0.05875    -0.03064    -1.85314
     6.59230    -1.56900    -0.19061    -0.18120    -0.17142    -0.08702    -0.09220    -0.04670    -0.09817    -0.04880    -2.48514
     6.68930    -0.99346    -0.15350    -0.11397    -0.13119    -0.06413    -0.06223    -0.03417    -0.06906    -0.03484    -1.65655
     6.78730    -1.15911    -0.11778    -0.13577    -0.12323    -0.09003    -0.09138    -0.05488    -0.08962    -0.05758    -1.91937
     6.88530    -1.24590    -0.25784    -0.22418    -0.19853    -0.07606    -0.07733    -0.05594    -0.08437    -0.05446    -2.27460
     6.98230    -1.08350    -0.15942    -0.15588    -0.13512    -0.08245    -0.06554    -0.02574    -0.06451    -0.03046    -1.80262
     7.08030    -1.44560    -0.17575    -0.17295    -0.17606    -0.06876    -0.07687    -0.02979    -0.06977    -0.03640    -2.25194
     7.17830    -0.94470    -0.17567    -0.19230    -0.20975    -0.05960    -0.05621    -0.03417    -0.05347    -0.03714    -1.76302
     7.27530    -1.24104    -0.18891    -0.22263    -0.16911    -0.04737    -0.05424    -0.02899    -0.04722    -0.02882    -2.02833
     7.37330    -0.37641    -0.27647    -0.24488    -0.29514    -0.04802    -0.04309    -0.03153    -0.04199    -0.03368    -1.39122
     7.47130    -0.52552    -0.28168    -0.28092    -0.28918    -0.05431    -0.05810    -0.03762    -0.05529    -0.04054    -1.62316
     7.56830    -0.29562    -0.17278    -0.18252    -0.18993    -0.04654    -0.04208    -0.02311    -0.04600    -0.02638    -1.02496
     7.66630    -0.24617    -0.26639    -0.29335    -0.31888    -0.06820    -0.05837    -0.03447    -0.05675    -0.03336    -1.37593
     7.76430    -0.23255    -0.26408    -0.26002    -0.30712    -0.07213    -0.06788    -0.02727    -0.05392    -0.02615    -1.31112
     7.86130    -0.21365    -0.20331    -0.21663    -0.28600    -0.10459    -0.13655    -0.02894    -0.09336    -0.02658    -1.30961
     7.95930    -0.14198    -0.22388    -0.22023    -0.18126    -0.11699    -0.08050    -0.02964    -0.08610    -0.02277    -1.10335
     8.05730    -0.21916    -0.35370    -0.33102    -0.42566    -0.21719    -0.30944    -0.04699    -0.21215    -0.04141    -2.15672
     8.15430    -0.12671    -0.21510    -0.20293    -0.19658    -0.18246    -0.15462    -0.02811    -0.17034    -0.02546    -1.30231
     8.25230    -0.22675    -0.29704    -0.32590    -0.30048    -0.24295    -0.16581    -0.03762    -0.22410    -0.03347    -1.85412
     8.35030    -0.31106    -0.25449    -0.25873    -0.22433    -0.13899    -0.15261    -0.02713    -0.15263    -0.02911    -1.54907
     8.44730    -0.22713    -0.24807    -0.22192    -0.31542    -0.17413    -0.12657    -0.02251    -0.13520    -0.03727    -1.50822
     8.54530    -0.24600    -0.30676    -0.33668    -0.30559    -0.37758    -0.24777    -0.05101    -0.26547    -0.04454    -2.18140
     8.64330    -0.27019    -0.24500    -0.29609    -0.25666    -0.35006    -0.29396    -0.04241    -0.34370    -0.03748    -2.13555
     8.74030    -0.14130    -0.17868    -0.14534    -0.14113    -0.22562    -0.18303    -0.02136    -0.20691    -0.02052    -1.26389
     8.83830    -0.11555    -0.16105    -0.13880    -0.12518    -0.14813    -0.13284    -0.02459    -0.13298    -0.02035    -0.99947
     8.93630    -0.24501    -0.29230    -0.30722    -0.29825    -0.35477    -0.32944    -0.06895    -0.22523    -0.06005    -2.18122
     9.03330    -0.20877    -0.42339    -0.40672    -0.40856    -0.31157    -0.34964    -0.06736    -0.31715    -0.05663    -2.54979
     9.13130    -0.16541    -0.31335    -0.33723    -0.31815    -0.21410    -0.21063    -0.05018    -0.22534    -0.05234    -1.88674
     9.22830    -0.14905    -0.33036    -0.30418    -0.33923    -0.18042    -0.17403    -0.04523    -0.18406    -0.04557    -1.75213
     9.32630    -0.15317    -0.35690    -0.35707    -0.38717    -0.18591    -0.18349    -0.04284    -0.17560    -0.04540    -1.88755
     9.42430    -0.23130    -0.37079    -0.37614    -0.39829    -0.24671    -0.22471    -0.05567    -0.21257    -0.04545    -2.16164
     9.52130    -0.14470    -0.32778    -0.32848    -0.34116    -0.15199    -0.17307    -0.03400    -0.13416    -0.03072    -1.66606
     9.61930    -0.25744    -0.69551    -0.74932    -0.71786    -0.31119    -0.31781    -0.06535    -0.34532    -0.08783    -3.54763
     9.71730    -0.06512    -0.13473    -0.12290    -0.11454    -0.08619    -0.07404    -0.01645    -0.06262    -0.01573    -0.69230
     9.81430    -0.30480    -0.84851    -0.78413    -0.75376    -0.25233    -0.25885    -0.07066    -0.25081    -0.06138    -3.58523
     9.91230    -0.43515    -0.98891    -0.96454    -0.84822    -0.31700    -0.41260    -0.10074    -0.39469    -0.10423    -4.56608
    10.01030    -0.14701    -0.43779    -0.38802    -0.46637    -0.27181    -0.29780    -0.05708    -0.28733    -0.05772    -2.41093
    10.10730    -0.19683    -0.48060    -0.42171    -0.45522    -0.22147    -0.21832    -0.06526    -0.25068    -0.05844    -2.36853
    10.20530    -0.16628    -0.43769    -0.37159    -0.40455    -0.22415    -0.22707    -0.06113    -0.21817    -0.05424    -2.16486
    10.30330    -0.04635    -0.08227    -0.08045    -0.09049    -0.05051    -0.04510    -0.01255    -0.04716    -0.01014    -0.46503
    10.40030     0.00000     0.00000     0.00000     0.00000     0.00000     0.00000     0.00000     0.00000     0.00000     0.00000
    10.49830     0.00000     0.00000     0.00000     0.00000     0.00000     0.00000     0.00000     0.00000     0.00000     0.00000
    10.59630     0.00000     0.00000     0.00000     0.00000     0.00000     0.00000     0.00000     0.00000     0.00000     0.00000
    10.69330     0.00000     0.00000     0.00000     0.00000     0.00000     0.00000     0.00000     0.00000     0.00000     0.00000
    10.79130     0.00000     0.00000     0.00000     0.00000     0.00000     0.00000     0.00000     0.00000     0.00000     0.00000
    10.88930     0.00000     0.00000     0.00000     0.00000     0.00000     0.00000     0.00000     0.00000     0.00000     0.00000
    10.98630     0.00000     0.00000     0.00000     0.00000     0.00000     0.00000     0.00000     0.00000     0.00000     0.00000
    11.08430     0.00000     0.00000     0.00000     0.00000     0.00000     0.00000     0.00000     0.00000     0.00000     0.00000
    11.18230     0.00000     0.00000     0.00000     0.00000     0.00000     0.00000     0.00000     0.00000     0.00000     0.00000
    11.27930     0.00000     0.00000     0.00000     0.00000     0.00000     0.00000     0.00000     0.00000     0.00000     0.00000
    11.37730     0.00000     0.00000     0.00000     0.00000     0.00000     0.00000     0.00000     0.00000     0.00000     0.00000
    11.47530     0.00000     0.00000     0.00000     0.00000     0.00000     0.00000     0.00000     0.00000     0.00000     0.00000
    11.57230     0.00000     0.00000     0.00000     0.00000     0.00000     0.00000     0.00000     0.00000     0.00000     0.00000
    11.67030     0.00000     0.00000     0.00000     0.00000     0.00000     0.00000     0.00000     0.00000     0.00000     0.00000
