     #Energy           s          py          pz          px         dxy         dyz         dz2         dxz         dx2       tot  
   -17.62770     0.00000     0.00000     0.00000     0.00000     0.00000     0.00000     0.00000     0.00000     0.00000     0.00000
   -17.52970     0.00000     0.00000     0.00000     0.00000     0.00000     0.00000     0.00000     0.00000     0.00000     0.00000
   -17.43170     0.00000     0.00000     0.00000     0.00000     0.00000     0.00000     0.00000     0.00000     0.00000     0.00000
   -17.33470     0.00000     0.00000     0.00000     0.00000     0.00000     0.00000     0.00000     0.00000     0.00000     0.00000
   -17.23670     0.00000     0.00000     0.00000     0.00000     0.00000     0.00000     0.00000     0.00000     0.00000     0.00000
   -17.13870     0.00000     0.00000     0.00000     0.00000     0.00000     0.00000     0.00000     0.00000     0.00000     0.00000
   -17.04170     0.00000     0.00000     0.00000     0.00000     0.00000     0.00000     0.00000     0.00000     0.00000     0.00000
   -16.94370     0.00000     0.00000     0.00000     0.00000     0.00000     0.00000     0.00000     0.00000     0.00000     0.00000
   -16.84570     0.00000     0.00000     0.00000     0.00000     0.00000     0.00000     0.00000     0.00000     0.00000     0.00000
   -16.74870     0.00000     0.00000     0.00000     0.00000     0.00000     0.00000     0.00000     0.00000     0.00000     0.00000
   -16.65070     0.00000     0.00000     0.00000     0.00000     0.00000     0.00000     0.00000     0.00000     0.00000     0.00000
   -16.55370     0.00000     0.00000     0.00000     0.00000     0.00000     0.00000     0.00000     0.00000     0.00000     0.00000
   -16.45570     0.00000     0.00000     0.00000     0.00000     0.00000     0.00000     0.00000     0.00000     0.00000     0.00000
   -16.35770     0.00000     0.00000     0.00000     0.00000     0.00000     0.00000     0.00000     0.00000     0.00000     0.00000
   -16.26070     0.00000     0.00000     0.00000     0.00000     0.00000     0.00000     0.00000     0.00000     0.00000     0.00000
   -16.16270     0.00000     0.00000     0.00000     0.00000     0.00000     0.00000     0.00000     0.00000     0.00000     0.00000
   -16.06470     0.00000     0.00000     0.00000     0.00000     0.00000     0.00000     0.00000     0.00000     0.00000     0.00000
   -15.96770     0.00000     0.00000     0.00000     0.00000     0.00000     0.00000     0.00000     0.00000     0.00000     0.00000
   -15.86970     0.00000     0.00000     0.00000     0.00000     0.00000     0.00000     0.00000     0.00000     0.00000     0.00000
   -15.77170     0.00000     0.00000     0.00000     0.00000     0.00000     0.00000     0.00000     0.00000     0.00000     0.00000
   -15.67470     0.00000     0.00000     0.00000     0.00000     0.00000     0.00000     0.00000     0.00000     0.00000     0.00000
   -15.57670     0.00000     0.00000     0.00000     0.00000     0.00000     0.00000     0.00000     0.00000     0.00000     0.00000
   -15.47870     0.00000     0.00000     0.00000     0.00000     0.00000     0.00000     0.00000     0.00000     0.00000     0.00000
   -15.38170     0.00000     0.00000     0.00000     0.00000     0.00000     0.00000     0.00000     0.00000     0.00000     0.00000
   -15.28370     0.33556     0.00267     0.00239     0.00250     0.00016     0.00018     0.00046     0.00018     0.00048     0.34459
   -15.18570     0.50621     0.01375     0.01170     0.01299     0.00041     0.00049     0.00306     0.00042     0.00312     0.55216
   -15.08870     0.39405     0.01838     0.01617     0.01811     0.00049     0.00065     0.00622     0.00047     0.00574     0.46027
   -14.99070     0.18854     0.01330     0.01241     0.01202     0.00032     0.00039     0.00445     0.00032     0.00531     0.23707
   -14.89270     0.00000     0.00000     0.00000     0.00000     0.00000     0.00000     0.00000     0.00000     0.00000     0.00000
   -14.79570     0.20504     0.05123     0.04773     0.04981     0.00086     0.00105     0.01030     0.00083     0.01121     0.37807
   -14.69770     0.13586     0.11858     0.13109     0.12551     0.00095     0.00133     0.01997     0.00086     0.02057     0.55472
   -14.59970     0.04920     0.31060     0.31424     0.31093     0.00286     0.00483     0.09991     0.00273     0.10342     1.19871
   -14.50270     0.00625     0.13532     0.15169     0.12298     0.00067     0.00853     0.31299     0.00067     0.42026     1.15936
   -14.40470     0.00000     0.00000     0.00000     0.00000     0.00000     0.00000     0.00000     0.00000     0.00000     0.00000
   -14.30670     0.00000     0.00000     0.00000     0.00000     0.00000     0.00000     0.00000     0.00000     0.00000     0.00000
   -14.20970     0.00000     0.00000     0.00000     0.00000     0.00000     0.00000     0.00000     0.00000     0.00000     0.00000
   -14.11170     0.00000     0.00000     0.00000     0.00000     0.00000     0.00000     0.00000     0.00000     0.00000     0.00000
   -14.01370     0.00000     0.00000     0.00000     0.00000     0.00000     0.00000     0.00000     0.00000     0.00000     0.00000
   -13.91670     0.00000     0.00000     0.00000     0.00000     0.00000     0.00000     0.00000     0.00000     0.00000     0.00000
   -13.81870     0.00000     0.00000     0.00000     0.00000     0.00000     0.00000     0.00000     0.00000     0.00000     0.00000
   -13.72070     0.00000     0.00000     0.00000     0.00000     0.00000     0.00000     0.00000     0.00000     0.00000     0.00000
   -13.62370     0.00000     0.00000     0.00000     0.00000     0.00000     0.00000     0.00000     0.00000     0.00000     0.00000
   -13.52570     0.00000     0.00000     0.00000     0.00000     0.00000     0.00000     0.00000     0.00000     0.00000     0.00000
   -13.42770     0.00000     0.00000     0.00000     0.00000     0.00000     0.00000     0.00000     0.00000     0.00000     0.00000
   -13.33070     0.00000     0.00000     0.00000     0.00000     0.00000     0.00000     0.00000     0.00000     0.00000     0.00000
   -13.23270     0.00000     0.00000     0.00000     0.00000     0.00000     0.00000     0.00000     0.00000     0.00000     0.00000
   -13.13470     0.00000     0.00000     0.00000     0.00000     0.00000     0.00000     0.00000     0.00000     0.00000     0.00000
   -13.03770     0.00000     0.00000     0.00000     0.00000     0.00000     0.00000     0.00000     0.00000     0.00000     0.00000
   -12.93970     0.00000     0.00000     0.00000     0.00000     0.00000     0.00000     0.00000     0.00000     0.00000     0.00000
   -12.84170     0.00000     0.00000     0.00000     0.00000     0.00000     0.00000     0.00000     0.00000     0.00000     0.00000
   -12.74470     0.00000     0.00000     0.00000     0.00000     0.00000     0.00000     0.00000     0.00000     0.00000     0.00000
   -12.64670     0.00000     0.00000     0.00000     0.00000     0.00000     0.00000     0.00000     0.00000     0.00000     0.00000
   -12.54870     0.00000     0.00000     0.00000     0.00000     0.00000     0.00000     0.00000     0.00000     0.00000     0.00000
   -12.45170     0.00000     0.00000     0.00000     0.00000     0.00000     0.00000     0.00000     0.00000     0.00000     0.00000
   -12.35370     0.00000     0.00000     0.00000     0.00000     0.00000     0.00000     0.00000     0.00000     0.00000     0.00000
   -12.25670     0.00000     0.00000     0.00000     0.00000     0.00000     0.00000     0.00000     0.00000     0.00000     0.00000
   -12.15870     0.00000     0.00000     0.00000     0.00000     0.00000     0.00000     0.00000     0.00000     0.00000     0.00000
   -12.06070     0.00000     0.00000     0.00000     0.00000     0.00000     0.00000     0.00000     0.00000     0.00000     0.00000
   -11.96370     0.00000     0.00000     0.00000     0.00000     0.00000     0.00000     0.00000     0.00000     0.00000     0.00000
   -11.86570     0.00000     0.00000     0.00000     0.00000     0.00000     0.00000     0.00000     0.00000     0.00000     0.00000
   -11.76770     0.00000     0.00000     0.00000     0.00000     0.00000     0.00000     0.00000     0.00000     0.00000     0.00000
   -11.67070     0.00000     0.00000     0.00000     0.00000     0.00000     0.00000     0.00000     0.00000     0.00000     0.00000
   -11.57270     0.00000     0.00000     0.00000     0.00000     0.00000     0.00000     0.00000     0.00000     0.00000     0.00000
   -11.47470     0.00000     0.00000     0.00000     0.00000     0.00000     0.00000     0.00000     0.00000     0.00000     0.00000
   -11.37770     0.00000     0.00000     0.00000     0.00000     0.00000     0.00000     0.00000     0.00000     0.00000     0.00000
   -11.27970     0.00000     0.00000     0.00000     0.00000     0.00000     0.00000     0.00000     0.00000     0.00000     0.00000
   -11.18170     0.00000     0.00000     0.00000     0.00000     0.00000     0.00000     0.00000     0.00000     0.00000     0.00000
   -11.08470     0.00000     0.00000     0.00000     0.00000     0.00000     0.00000     0.00000     0.00000     0.00000     0.00000
   -10.98670     0.00000     0.00000     0.00000     0.00000     0.00000     0.00000     0.00000     0.00000     0.00000     0.00000
   -10.88870     0.00000     0.00000     0.00000     0.00000     0.00000     0.00000     0.00000     0.00000     0.00000     0.00000
   -10.79170     0.00000     0.00000     0.00000     0.00000     0.00000     0.00000     0.00000     0.00000     0.00000     0.00000
   -10.69370     0.00000     0.00000     0.00000     0.00000     0.00000     0.00000     0.00000     0.00000     0.00000     0.00000
   -10.59570     0.00000     0.00000     0.00000     0.00000     0.00000     0.00000     0.00000     0.00000     0.00000     0.00000
   -10.49870     0.00000     0.00000     0.00000     0.00000     0.00000     0.00000     0.00000     0.00000     0.00000     0.00000
   -10.40070     0.00000     0.00000     0.00000     0.00000     0.00000     0.00000     0.00000     0.00000     0.00000     0.00000
   -10.30270     0.00000     0.00000     0.00000     0.00000     0.00000     0.00000     0.00000     0.00000     0.00000     0.00000
   -10.20570     0.00000     0.00000     0.00000     0.00000     0.00000     0.00000     0.00000     0.00000     0.00000     0.00000
   -10.10770     0.00000     0.00000     0.00000     0.00000     0.00000     0.00000     0.00000     0.00000     0.00000     0.00000
   -10.00970     0.00000     0.00000     0.00000     0.00000     0.00000     0.00000     0.00000     0.00000     0.00000     0.00000
    -9.91270     0.00000     0.00000     0.00000     0.00000     0.00000     0.00000     0.00000     0.00000     0.00000     0.00000
    -9.81470     0.00000     0.00000     0.00000     0.00000     0.00000     0.00000     0.00000     0.00000     0.00000     0.00000
    -9.71670     0.00000     0.00000     0.00000     0.00000     0.00000     0.00000     0.00000     0.00000     0.00000     0.00000
    -9.61970     0.00000     0.00000     0.00000     0.00000     0.00000     0.00000     0.00000     0.00000     0.00000     0.00000
    -9.52170     0.00000     0.00000     0.00000     0.00000     0.00000     0.00000     0.00000     0.00000     0.00000     0.00000
    -9.42370     0.00000     0.00000     0.00000     0.00000     0.00000     0.00000     0.00000     0.00000     0.00000     0.00000
    -9.32670     0.00000     0.00000     0.00000     0.00000     0.00000     0.00000     0.00000     0.00000     0.00000     0.00000
    -9.22870     0.00000     0.00000     0.00000     0.00000     0.00000     0.00000     0.00000     0.00000     0.00000     0.00000
    -9.13070     0.00000     0.00000     0.00000     0.00000     0.00000     0.00000     0.00000     0.00000     0.00000     0.00000
    -9.03370     0.00000     0.00000     0.00000     0.00000     0.00000     0.00000     0.00000     0.00000     0.00000     0.00000
    -8.93570     0.00000     0.00000     0.00000     0.00000     0.00000     0.00000     0.00000     0.00000     0.00000     0.00000
    -8.83770     0.00000     0.00000     0.00000     0.00000     0.00000     0.00000     0.00000     0.00000     0.00000     0.00000
    -8.74070     0.00000     0.00000     0.00000     0.00000     0.00000     0.00000     0.00000     0.00000     0.00000     0.00000
    -8.64270     0.00000     0.00000     0.00000     0.00000     0.00000     0.00000     0.00000     0.00000     0.00000     0.00000
    -8.54470     0.00000     0.00000     0.00000     0.00000     0.00000     0.00000     0.00000     0.00000     0.00000     0.00000
    -8.44770     0.00000     0.00000     0.00000     0.00000     0.00000     0.00000     0.00000     0.00000     0.00000     0.00000
    -8.34970     0.00000     0.00000     0.00000     0.00000     0.00000     0.00000     0.00000     0.00000     0.00000     0.00000
    -8.25170     0.00000     0.00000     0.00000     0.00000     0.00000     0.00000     0.00000     0.00000     0.00000     0.00000
    -8.15470     0.00000     0.00000     0.00000     0.00000     0.00000     0.00000     0.00000     0.00000     0.00000     0.00000
    -8.05670     0.00000     0.00000     0.00000     0.00000     0.00000     0.00000     0.00000     0.00000     0.00000     0.00000
    -7.95970     0.00000     0.00000     0.00000     0.00000     0.00000     0.00000     0.00000     0.00000     0.00000     0.00000
    -7.86170     0.00000     0.00000     0.00000     0.00000     0.00000     0.00000     0.00000     0.00000     0.00000     0.00000
    -7.76370     0.00000     0.00000     0.00000     0.00000     0.00000     0.00000     0.00000     0.00000     0.00000     0.00000
    -7.66670     0.00000     0.00000     0.00000     0.00000     0.00000     0.00000     0.00000     0.00000     0.00000     0.00000
    -7.56870     0.00000     0.00000     0.00000     0.00000     0.00000     0.00000     0.00000     0.00000     0.00000     0.00000
    -7.47070     0.00000     0.00000     0.00000     0.00000     0.00000     0.00000     0.00000     0.00000     0.00000     0.00000
    -7.37370     0.00000     0.00000     0.00000     0.00000     0.00000     0.00000     0.00000     0.00000     0.00000     0.00000
    -7.27570     0.00000     0.00000     0.00000     0.00000     0.00000     0.00000     0.00000     0.00000     0.00000     0.00000
    -7.17770     0.00000     0.00000     0.00000     0.00000     0.00000     0.00000     0.00000     0.00000     0.00000     0.00000
    -7.08070     0.00000     0.00000     0.00000     0.00000     0.00000     0.00000     0.00000     0.00000     0.00000     0.00000
    -6.98270     0.00000     0.00000     0.00000     0.00000     0.00000     0.00000     0.00000     0.00000     0.00000     0.00000
    -6.88470     0.00000     0.00000     0.00000     0.00000     0.00000     0.00000     0.00000     0.00000     0.00000     0.00000
    -6.78770     0.00000     0.00000     0.00000     0.00000     0.00000     0.00000     0.00000     0.00000     0.00000     0.00000
    -6.68970     0.00000     0.00000     0.00000     0.00000     0.00000     0.00000     0.00000     0.00000     0.00000     0.00000
    -6.59170     0.00000     0.00000     0.00000     0.00000     0.00000     0.00000     0.00000     0.00000     0.00000     0.00000
    -6.49470     0.00000     0.00000     0.00000     0.00000     0.00000     0.00000     0.00000     0.00000     0.00000     0.00000
    -6.39670     0.00000     0.00000     0.00000     0.00000     0.00000     0.00000     0.00000     0.00000     0.00000     0.00000
    -6.29870     0.00000     0.00000     0.00000     0.00000     0.00000     0.00000     0.00000     0.00000     0.00000     0.00000
    -6.20170     0.00000     0.00000     0.00000     0.00000     0.00000     0.00000     0.00000     0.00000     0.00000     0.00000
    -6.10370     0.00000     0.00000     0.00000     0.00000     0.00000     0.00000     0.00000     0.00000     0.00000     0.00000
    -6.00570     0.00000     0.00000     0.00000     0.00000     0.00000     0.00000     0.00000     0.00000     0.00000     0.00000
    -5.90870     0.00000     0.00000     0.00000     0.00000     0.00000     0.00000     0.00000     0.00000     0.00000     0.00000
    -5.81070     0.00000     0.00000     0.00000     0.00000     0.00000     0.00000     0.00000     0.00000     0.00000     0.00000
    -5.71270     0.00000     0.00000     0.00000     0.00000     0.00000     0.00000     0.00000     0.00000     0.00000     0.00000
    -5.61570     0.00000     0.00000     0.00000     0.00000     0.00000     0.00000     0.00000     0.00000     0.00000     0.00000
    -5.51770     0.00000     0.00000     0.00000     0.00000     0.00000     0.00000     0.00000     0.00000     0.00000     0.00000
    -5.41970     0.00000     0.00000     0.00000     0.00000     0.00000     0.00000     0.00000     0.00000     0.00000     0.00000
    -5.32270     0.00000     0.00000     0.00000     0.00000     0.00000     0.00000     0.00000     0.00000     0.00000     0.00000
    -5.22470     0.71474     0.00154     0.00142     0.00145     0.22132     0.21503     0.01232     0.21990     0.00448     1.39220
    -5.12670     0.58088     0.00091     0.00087     0.00091     0.24458     0.22922     0.01025     0.21929     0.00245     1.28935
    -5.02970     0.26634     0.00029     0.00029     0.00030     0.11068     0.10325     0.00420     0.09954     0.00086     0.58576
    -4.93170     1.67050     0.00629     0.00601     0.00594     1.29253     1.30200     0.04815     1.37800     0.02225     5.73166
    -4.83370     1.56550     0.01190     0.01207     0.01028     0.89680     0.88335     0.04160     1.08010     0.01568     4.51727
    -4.73670     0.10827     0.03115     0.03369     0.03263     0.87663     0.88712     0.05648     0.90526     0.11502     3.04625
    -4.63870     0.21945     0.24977     0.20376     0.21456     4.68240     4.39030     0.29944     3.96350     0.50554    14.72872
    -4.54070     0.05669     0.16113     0.13156     0.14084     2.41850     2.45040     0.22674     2.13780     0.16166     7.88532
    -4.44370     0.02460     0.36199     0.21099     0.12321     2.17760     2.42430     0.39212     1.53440     0.19953     7.44874
    -4.34570     0.11809     0.46705     0.46384     0.37954     2.74480     2.74440     0.63205     2.61040     0.56584    10.72601
    -4.24770     0.03355     0.03233     0.02879     0.02740     0.54773     0.63712     0.13567     0.72716     0.15872     2.32847
    -4.15070     0.00000     0.00000     0.00000     0.00000     0.00000     0.00000     0.00000     0.00000     0.00000     0.00000
    -4.05270     0.00624     0.11330     0.13655     0.14293     0.21516     0.23716     0.85696     0.18530     0.95343     2.84703
    -3.95470     0.00561     0.10124     0.11881     0.09725     0.27877     0.25916     0.83581     0.26729     0.85897     2.82291
    -3.85770     0.10961     0.07091     0.07516     0.06736     0.43910     0.40323     0.86425     0.36903     0.91394     3.31259
    -3.75970     0.03863     0.33186     0.40887     0.37412     3.31160     3.26800     5.11420     2.89940     4.74030    20.48698
    -3.66270     0.18171     0.05112     0.04202     0.04783     0.86259     0.89654     2.27070     0.74939     1.76870     6.87061
    -3.56470     0.16689     0.01480     0.01713     0.01454     0.39008     0.37261     0.75183     0.36349     0.73798     2.82935
    -3.46670     0.25249     0.06645     0.06811     0.06679     1.14910     1.26020     1.55850     1.41980     1.96450     7.80594
    -3.36970     0.25636     0.01733     0.01813     0.01813     1.60640     1.50730     0.46307     1.45730     0.37281     5.71683
    -3.27170     0.67383     0.28315     0.23319     0.27084    20.34100    14.07300     3.86590    13.75100     4.35540    57.84731
    -3.17370     0.66177     0.04651     0.05229     0.04915     7.74710     7.44910     4.18510     6.91670     4.75620    31.86391
    -3.07670     0.45034     0.17391     0.15240     0.17445     5.10510     5.15090     3.70890     5.25510     3.87140    24.04250
    -2.97870     0.00376     0.02373     0.02728     0.01821     0.37318     0.14625     0.23882     0.32016     0.16914     1.32053
    -2.88070     0.02121     0.15465     0.12186     0.13324     1.68250     1.74480     1.05731     1.83740     1.31010     8.06307
    -2.78370     0.03523     0.17707     0.14589     0.18872     2.12010     1.68600     0.81967     1.80210     0.78280     7.75758
    -2.68570     0.04481     0.31546     0.23006     0.28097     3.08400     2.61750     0.66294     2.81570     0.57245    10.62389
    -2.58770     0.02398     0.16321     0.19637     0.22098     1.27050     1.29640     0.33068     1.52860     0.38339     5.41411
    -2.49070     0.01843     0.37613     0.40537     0.36846     1.42820     1.70710     0.27515     1.71920     0.29852     6.59656
    -2.39270     0.00939     0.25317     0.25733     0.24463     1.12330     1.08040     0.17657     1.03301     0.16782     4.34562
    -2.29470     0.00684     0.37248     0.38230     0.37475     1.31580     1.35410     0.22681     1.36090     0.21670     5.61068
    -2.19770     0.00197     0.31624     0.30605     0.29319     1.28400     1.32980     0.18921     1.27110     0.14187     5.13343
    -2.09970     0.02026     0.28217     0.27994     0.26874     2.34990     2.34170     0.16344     2.49150     0.12503     8.32268
    -2.00170     0.00646     0.27333     0.27336     0.28724     6.58380     6.00720     0.27791     6.18880     0.11275    20.01085
    -1.90470     0.00000     0.00000     0.00000     0.00000     0.00000     0.00000     0.00000     0.00000     0.00000     0.00000
    -1.80670     0.00066     0.01031     0.01678     0.01312     0.10219     0.09626     0.13975     0.10606     0.13571     0.62083
    -1.70870     0.00316     0.03354     0.02747     0.03031     0.20758     0.28302     0.09339     0.32409     0.07322     1.07577
    -1.61170     0.01081     0.02677     0.03328     0.03097     1.71350     1.65707     0.09870     1.47271     0.08691     5.13071
    -1.51370     0.03844     0.12281     0.11451     0.12322     2.67210     3.06480     0.51981     3.01650     0.41359    10.08578
    -1.41570     0.00835     0.02969     0.02814     0.02724     0.60737     0.61911     0.09055     0.66332     0.10055     2.17433
    -1.31870     0.00384     0.02603     0.03751     0.03938     0.85924     0.73363     0.08262     0.86340     0.11462     2.76027
    -1.22070     0.00140     0.02547     0.03193     0.03214     0.44387     0.42083     0.02346     0.27081     0.05215     1.30206
    -1.12270     0.00013     0.09487     0.11261     0.15324     0.47938     0.32323     0.05256     0.46126     0.03086     1.70815
    -1.02570     0.00000     0.00000     0.00000     0.00000     0.00000     0.00000     0.00000     0.00000     0.00000     0.00000
    -0.92770     0.00000     0.00000     0.00000     0.00000     0.00000     0.00000     0.00000     0.00000     0.00000     0.00000
    -0.82970     0.00000     0.00000     0.00000     0.00000     0.00000     0.00000     0.00000     0.00000     0.00000     0.00000
    -0.73270     0.00000     0.00000     0.00000     0.00000     0.00000     0.00000     0.00000     0.00000     0.00000     0.00000
    -0.63470     0.00000     0.00000     0.00000     0.00000     0.00000     0.00000     0.00000     0.00000     0.00000     0.00000
    -0.53670     0.00000     0.00000     0.00000     0.00000     0.00000     0.00000     0.00000     0.00000     0.00000     0.00000
    -0.43970     0.00000     0.00000     0.00000     0.00000     0.00000     0.00000     0.00000     0.00000     0.00000     0.00000
    -0.34170     0.00000     0.00000     0.00000     0.00000     0.00000     0.00000     0.00000     0.00000     0.00000     0.00000
    -0.24370     0.00000     0.00000     0.00000     0.00000     0.00000     0.00000     0.00000     0.00000     0.00000     0.00000
    -0.14670     0.00000     0.00000     0.00000     0.00000     0.00000     0.00000     0.00000     0.00000     0.00000     0.00000
    -0.04870     0.00000     0.00000     0.00000     0.00000     0.00000     0.00000     0.00000     0.00000     0.00000     0.00000
     0.04930     0.00000     0.00000     0.00000     0.00000     0.00000     0.00000     0.00000     0.00000     0.00000     0.00000
     0.14630     0.00000     0.00000     0.00000     0.00000     0.00000     0.00000     0.00000     0.00000     0.00000     0.00000
     0.24430     0.00000     0.00000     0.00000     0.00000     0.00000     0.00000     0.00000     0.00000     0.00000     0.00000
     0.34230     0.00000     0.00000     0.00000     0.00000     0.00000     0.00000     0.00000     0.00000     0.00000     0.00000
     0.43930     0.00000     0.00000     0.00000     0.00000     0.00000     0.00000     0.00000     0.00000     0.00000     0.00000
     0.53730     0.00000     0.00000     0.00000     0.00000     0.00000     0.00000     0.00000     0.00000     0.00000     0.00000
     0.63430     0.00000     0.00000     0.00000     0.00000     0.00000     0.00000     0.00000     0.00000     0.00000     0.00000
     0.73230     0.00152     0.00657     0.00648     0.00671     0.03271     0.27529    12.35060     0.02481    10.79450    23.49920
     0.83030     0.00284     0.01610     0.01556     0.01554     0.09632     0.45675    18.12800     0.10588    17.72800    36.56499
     0.92730     0.00108     0.00176     0.00272     0.00181     0.01218     0.06241     1.66170     0.01512     2.32930     4.08808
     1.02530     0.00401     0.00333     0.00374     0.00407     0.03972     0.14687     5.36510     0.04064     6.28490    11.89238
     1.12330     0.00000     0.00000     0.00000     0.00000     0.00000     0.00000     0.00000     0.00000     0.00000     0.00000
     1.22030     0.00000     0.00000     0.00000     0.00000     0.00000     0.00000     0.00000     0.00000     0.00000     0.00000
     1.31830     0.00000     0.00000     0.00000     0.00000     0.00000     0.00000     0.00000     0.00000     0.00000     0.00000
     1.41630     0.00000     0.00000     0.00000     0.00000     0.00000     0.00000     0.00000     0.00000     0.00000     0.00000
     1.51330     0.00000     0.00000     0.00000     0.00000     0.00000     0.00000     0.00000     0.00000     0.00000     0.00000
     1.61130     0.00000     0.00000     0.00000     0.00000     0.00000     0.00000     0.00000     0.00000     0.00000     0.00000
     1.70930     0.00000     0.00000     0.00000     0.00000     0.00000     0.00000     0.00000     0.00000     0.00000     0.00000
     1.80630     0.00000     0.00000     0.00000     0.00000     0.00000     0.00000     0.00000     0.00000     0.00000     0.00000
     1.90430     0.00000     0.00000     0.00000     0.00000     0.00000     0.00000     0.00000     0.00000     0.00000     0.00000
     2.00230     0.00000     0.00000     0.00000     0.00000     0.00000     0.00000     0.00000     0.00000     0.00000     0.00000
     2.09930     0.00000     0.00000     0.00000     0.00000     0.00000     0.00000     0.00000     0.00000     0.00000     0.00000
     2.19730     0.00000     0.00000     0.00000     0.00000     0.00000     0.00000     0.00000     0.00000     0.00000     0.00000
     2.29530     0.00000     0.00000     0.00000     0.00000     0.00000     0.00000     0.00000     0.00000     0.00000     0.00000
     2.39230     0.00000     0.00000     0.00000     0.00000     0.00000     0.00000     0.00000     0.00000     0.00000     0.00000
     2.49030     0.00000     0.00000     0.00000     0.00000     0.00000     0.00000     0.00000     0.00000     0.00000     0.00000
     2.58830     0.00000     0.00000     0.00000     0.00000     0.00000     0.00000     0.00000     0.00000     0.00000     0.00000
     2.68530     0.00000     0.00000     0.00000     0.00000     0.00000     0.00000     0.00000     0.00000     0.00000     0.00000
     2.78330     0.00000     0.00000     0.00000     0.00000     0.00000     0.00000     0.00000     0.00000     0.00000     0.00000
     2.88130     0.00000     0.00000     0.00000     0.00000     0.00000     0.00000     0.00000     0.00000     0.00000     0.00000
     2.97830     0.00000     0.00000     0.00000     0.00000     0.00000     0.00000     0.00000     0.00000     0.00000     0.00000
     3.07630     0.00000     0.00000     0.00000     0.00000     0.00000     0.00000     0.00000     0.00000     0.00000     0.00000
     3.17430     0.00000     0.00000     0.00000     0.00000     0.00000     0.00000     0.00000     0.00000     0.00000     0.00000
     3.27130     0.00000     0.00000     0.00000     0.00000     0.00000     0.00000     0.00000     0.00000     0.00000     0.00000
     3.36930     0.00000     0.00000     0.00000     0.00000     0.00000     0.00000     0.00000     0.00000     0.00000     0.00000
     3.46730     0.00000     0.00000     0.00000     0.00000     0.00000     0.00000     0.00000     0.00000     0.00000     0.00000
     3.56430     0.00000     0.00000     0.00000     0.00000     0.00000     0.00000     0.00000     0.00000     0.00000     0.00000
     3.66230     0.00000     0.00000     0.00000     0.00000     0.00000     0.00000     0.00000     0.00000     0.00000     0.00000
     3.76030     0.00000     0.00000     0.00000     0.00000     0.00000     0.00000     0.00000     0.00000     0.00000     0.00000
     3.85730     0.00000     0.00000     0.00000     0.00000     0.00000     0.00000     0.00000     0.00000     0.00000     0.00000
     3.95530     0.00000     0.00000     0.00000     0.00000     0.00000     0.00000     0.00000     0.00000     0.00000     0.00000
     4.05330     0.00000     0.00000     0.00000     0.00000     0.00000     0.00000     0.00000     0.00000     0.00000     0.00000
     4.15030     0.00000     0.00000     0.00000     0.00000     0.00000     0.00000     0.00000     0.00000     0.00000     0.00000
     4.24830     0.00000     0.00000     0.00000     0.00000     0.00000     0.00000     0.00000     0.00000     0.00000     0.00000
     4.34630     0.06184     0.00025     0.00019     0.00023     0.00005     0.00009     0.00014     0.00007     0.00013     0.06299
     4.44330     0.10164     0.00090     0.00071     0.00083     0.00010     0.00015     0.00033     0.00012     0.00031     0.10509
     4.54130     0.11458     0.00136     0.00107     0.00125     0.00015     0.00020     0.00047     0.00017     0.00046     0.11970
     4.63930     0.12444     0.00242     0.00186     0.00222     0.00032     0.00037     0.00076     0.00034     0.00079     0.13352
     4.73630     0.12265     0.00299     0.00231     0.00272     0.00045     0.00050     0.00093     0.00047     0.00099     0.13402
     4.83430     0.14872     0.01791     0.00526     0.01510     0.00355     0.00300     0.00314     0.00382     0.01275     0.21326
     4.93130     0.08326     0.00323     0.00311     0.00333     0.00058     0.00073     0.00132     0.00073     0.00130     0.09759
     5.02930     0.26427     0.01602     0.01539     0.01720     0.00239     0.00217     0.00469     0.00225     0.00469     0.32906
     5.12730     0.00306     0.00016     0.00013     0.00017     0.00003     0.00003     0.00010     0.00002     0.00003     0.00373
     5.22430     0.10124     0.00404     0.00383     0.00396     0.00102     0.00112     0.00220     0.00108     0.00229     0.12078
     5.32230     0.46840     0.01927     0.01662     0.01990     0.00520     0.00484     0.00908     0.00459     0.00694     0.55485
     5.42030     1.80360     0.02815     0.02407     0.02678     0.01245     0.00997     0.00619     0.00985     0.00798     1.92903
     5.51730     1.47650     0.02741     0.02510     0.02426     0.00754     0.00717     0.00256     0.00907     0.00258     1.58221
     5.61530     0.02173     0.00124     0.00131     0.00152     0.00040     0.00049     0.00036     0.00049     0.00049     0.02803
     5.71330     0.23832     0.01713     0.01396     0.01580     0.00448     0.00426     0.00405     0.00433     0.00406     0.30638
     5.81030     5.98170     0.15565     0.16808     0.17828     0.09364     0.10403     0.01696     0.12358     0.01816     6.84008
     5.90830     0.83215     0.11865     0.13628     0.12532     0.01568     0.01744     0.00846     0.01991     0.00835     1.28225
     6.00630     0.70971     0.11073     0.10895     0.12746     0.01956     0.01658     0.01303     0.02201     0.01328     1.14132
     6.10330     1.50784     0.22610     0.25562     0.26411     0.04079     0.05133     0.01318     0.03905     0.01541     2.41343
     6.20130     1.62820     0.26347     0.25751     0.28709     0.04157     0.04005     0.00908     0.04205     0.01183     2.58085
     6.29930     0.84173     0.16100     0.21277     0.16729     0.04360     0.04836     0.01620     0.03067     0.01662     1.53824
     6.39630     0.41251     0.15163     0.16320     0.15398     0.01868     0.01765     0.00809     0.01778     0.00932     0.95284
     6.49430     0.89412     0.36938     0.45714     0.41314     0.05688     0.06257     0.03247     0.06125     0.04361     2.39056
     6.59230     0.45844     0.31709     0.35436     0.30704     0.04440     0.04803     0.02662     0.04201     0.03291     1.63090
     6.68930     0.14853     0.04306     0.04135     0.04459     0.01020     0.01072     0.00546     0.00804     0.00593     0.31788
     6.78730     0.06590     0.08865     0.11231     0.07141     0.01149     0.00858     0.00561     0.00671     0.00629     0.37694
     6.88530     0.52211     0.55781     0.46385     0.54940     0.07322     0.05796     0.02672     0.05201     0.03196     2.33503
     6.98230     0.14625     0.19580     0.22983     0.17621     0.01839     0.02646     0.01098     0.01880     0.01176     0.83447
     7.08030     0.13534     0.41195     0.49798     0.39556     0.04475     0.04562     0.02380     0.04069     0.02100     1.61669
     7.17830     0.18872     0.48379     0.43641     0.44962     0.05743     0.08396     0.02540     0.05863     0.02364     1.80760
     7.27530     0.17978     0.52086     0.60102     0.55438     0.17859     0.08828     0.02875     0.10228     0.03048     2.28442
     7.37330     0.11661     0.37754     0.34601     0.36700     0.17478     0.16430     0.03157     0.24512     0.02135     1.84428
     7.47130     0.13648     0.44380     0.38823     0.38986     0.21679     0.19705     0.02868     0.15724     0.02065     1.97877
     7.56830     0.12473     0.35993     0.31851     0.42993     0.11513     0.11038     0.01795     0.08628     0.01335     1.57620
     7.66630     0.13153     0.33334     0.37905     0.40437     0.12475     0.19312     0.02138     0.16883     0.01813     1.77450
     7.76430     0.14020     0.25314     0.28068     0.33182     0.14068     0.17132     0.02126     0.13414     0.01808     1.49132
     7.86130     0.22950     0.41979     0.46274     0.48083     0.23610     0.20978     0.02689     0.25567     0.02413     2.34544
     7.95930     0.14915     0.29662     0.31662     0.32984     0.23326     0.19959     0.02557     0.21423     0.01880     1.78368
     8.05730     0.18235     0.27632     0.31596     0.30600     0.21228     0.19696     0.02407     0.25832     0.01973     1.79199
     8.15430     0.24714     0.34245     0.38171     0.39033     0.25148     0.22964     0.02897     0.20937     0.02656     2.10765
     8.25230     0.19289     0.41012     0.35517     0.33078     0.21317     0.19715     0.02386     0.18927     0.02299     1.93540
     8.35030     0.14787     0.37951     0.36066     0.34150     0.23965     0.22815     0.03016     0.24852     0.02579     2.00181
     8.44730     0.17193     0.37692     0.54786     0.44579     0.27998     0.25901     0.02912     0.25610     0.02351     2.39022
     8.54530     0.11548     0.31625     0.37698     0.32650     0.13931     0.16692     0.02503     0.18496     0.02376     1.67519
     8.64330     0.14838     0.47960     0.54553     0.48380     0.17761     0.16294     0.02826     0.21040     0.02568     2.26220
     8.74030     0.17156     0.62684     0.64312     0.58486     0.29453     0.27126     0.05105     0.30171     0.04760     2.99253
     8.83830     0.11965     0.65856     0.69169     0.64411     0.21567     0.28363     0.04573     0.21553     0.04428     2.91886
     8.93630     0.27470     0.97530     1.24207     1.22920     0.34352     0.32624     0.08703     0.32492     0.07951     4.88249
     9.03330     0.12557     0.64596     0.55010     0.58360     0.21616     0.14650     0.04947     0.18125     0.03953     2.53814
     9.13130     0.10169     0.49718     0.47937     0.51885     0.17027     0.14832     0.02976     0.13926     0.03039     2.11509
     9.22830     0.11226     0.64933     0.61436     0.57930     0.18845     0.23133     0.04353     0.18554     0.03626     2.64036
     9.32630     0.12918     0.45347     0.38559     0.47283     0.11496     0.12323     0.03471     0.16657     0.03730     1.91784
     9.42430     0.12945     0.67006     0.61593     0.66527     0.21000     0.26689     0.04476     0.35759     0.05152     3.01147
     9.52130     0.17467     0.49084     0.50518     0.49329     0.25961     0.26552     0.04687     0.25495     0.04747     2.53841
     9.61930     0.19210     0.45611     0.41079     0.41143     0.23711     0.28388     0.04235     0.41167     0.03615     2.48159
     9.71730     0.17015     0.48633     0.38169     0.44955     0.22221     0.20295     0.04770     0.28197     0.06550     2.30805
     9.81430     0.14050     0.52450     0.46576     0.43611     0.23359     0.23885     0.06278     0.23277     0.05591     2.39077
     9.91230     0.08906     0.19093     0.17798     0.18474     0.11568     0.12557     0.02755     0.10658     0.02022     1.03831
    10.01030     0.19377     0.43790     0.41832     0.37642     0.21431     0.26411     0.05396     0.23014     0.04908     2.23800
    10.10730     0.14578     0.47985     0.46551     0.55007     0.31448     0.30685     0.05717     0.23608     0.05829     2.61409
    10.20530     0.00000     0.00000     0.00000     0.00000     0.00000     0.00000     0.00000     0.00000     0.00000     0.00000
    10.30330     0.00000     0.00000     0.00000     0.00000     0.00000     0.00000     0.00000     0.00000     0.00000     0.00000
    10.40030     0.00000     0.00000     0.00000     0.00000     0.00000     0.00000     0.00000     0.00000     0.00000     0.00000
    10.49830     0.00000     0.00000     0.00000     0.00000     0.00000     0.00000     0.00000     0.00000     0.00000     0.00000
    10.59630     0.00000     0.00000     0.00000     0.00000     0.00000     0.00000     0.00000     0.00000     0.00000     0.00000
    10.69330     0.00000     0.00000     0.00000     0.00000     0.00000     0.00000     0.00000     0.00000     0.00000     0.00000
    10.79130     0.00000     0.00000     0.00000     0.00000     0.00000     0.00000     0.00000     0.00000     0.00000     0.00000
    10.88930     0.00000     0.00000     0.00000     0.00000     0.00000     0.00000     0.00000     0.00000     0.00000     0.00000
    10.98630     0.00000     0.00000     0.00000     0.00000     0.00000     0.00000     0.00000     0.00000     0.00000     0.00000
    11.08430     0.00000     0.00000     0.00000     0.00000     0.00000     0.00000     0.00000     0.00000     0.00000     0.00000
    11.18230     0.00000     0.00000     0.00000     0.00000     0.00000     0.00000     0.00000     0.00000     0.00000     0.00000
    11.27930     0.00000     0.00000     0.00000     0.00000     0.00000     0.00000     0.00000     0.00000     0.00000     0.00000
    11.37730     0.00000     0.00000     0.00000     0.00000     0.00000     0.00000     0.00000     0.00000     0.00000     0.00000
    11.47530     0.00000     0.00000     0.00000     0.00000     0.00000     0.00000     0.00000     0.00000     0.00000     0.00000
    11.57230     0.00000     0.00000     0.00000     0.00000     0.00000     0.00000     0.00000     0.00000     0.00000     0.00000
    11.67030     0.00000     0.00000     0.00000     0.00000     0.00000     0.00000     0.00000     0.00000     0.00000     0.00000
