      #Energy        TDOS-UP        TDOS-DOWN
     -17.62770       0.00000       0.00000
     -17.52970       0.00000       0.00000
     -17.43170       0.00000       0.00000
     -17.33470       0.00000       0.00000
     -17.23670       0.00000       0.00000
     -17.13870       0.00000       0.00000
     -17.04170       0.00000       0.00000
     -16.94370       0.00000       0.00000
     -16.84570       0.00000       0.00000
     -16.74870       0.00000       0.00000
     -16.65070       0.00000       0.00000
     -16.55370       0.00000       0.00000
     -16.45570       0.00000       0.00000
     -16.35770       0.00000       0.00000
     -16.26070       0.00000       0.00000
     -16.16270       0.00000       0.00000
     -16.06470       0.00000       0.00000
     -15.96770       0.00000       0.00000
     -15.86970       0.00000       0.00000
     -15.77170       0.00000       0.00000
     -15.67470       0.00000       0.00000
     -15.57670       0.00000       0.00000
     -15.47870       0.00000       0.00000
     -15.38170       0.00000      -8.38700
     -15.28370       9.03400      -4.62900
     -15.18570      15.18000     -11.76000
     -15.08870      13.44000     -14.03000
     -14.99070       7.74900       0.00000
     -14.89270       0.00000     -25.01000
     -14.79570      14.20000     -22.78000
     -14.69770      27.56000     -95.35000
     -14.59970      65.12000     -26.26000
     -14.50270      59.21000    -267.20000
     -14.40470       0.00000       0.00000
     -14.30670       0.00000       0.00000
     -14.20970       0.00000       0.00000
     -14.11170       0.00000       0.00000
     -14.01370       0.00000       0.00000
     -13.91670       0.00000       0.00000
     -13.81870       0.00000       0.00000
     -13.72070       0.00000       0.00000
     -13.62370       0.00000       0.00000
     -13.52570       0.00000       0.00000
     -13.42770       0.00000       0.00000
     -13.33070       0.00000       0.00000
     -13.23270       0.00000       0.00000
     -13.13470       0.00000       0.00000
     -13.03770       0.00000       0.00000
     -12.93970       0.00000       0.00000
     -12.84170       0.00000       0.00000
     -12.74470       0.00000       0.00000
     -12.64670       0.00000       0.00000
     -12.54870       0.00000       0.00000
     -12.45170       0.00000       0.00000
     -12.35370       0.00000       0.00000
     -12.25670       0.00000       0.00000
     -12.15870       0.00000       0.00000
     -12.06070       0.00000       0.00000
     -11.96370       0.00000       0.00000
     -11.86570       0.00000       0.00000
     -11.76770       0.00000       0.00000
     -11.67070       0.00000       0.00000
     -11.57270       0.00000       0.00000
     -11.47470       0.00000       0.00000
     -11.37770       0.00000       0.00000
     -11.27970       0.00000       0.00000
     -11.18170       0.00000       0.00000
     -11.08470       0.00000       0.00000
     -10.98670       0.00000       0.00000
     -10.88870       0.00000       0.00000
     -10.79170       0.00000       0.00000
     -10.69370       0.00000       0.00000
     -10.59570       0.00000       0.00000
     -10.49870       0.00000       0.00000
     -10.40070       0.00000       0.00000
     -10.30270       0.00000       0.00000
     -10.20570       0.00000       0.00000
     -10.10770       0.00000       0.00000
     -10.00970       0.00000       0.00000
      -9.91270       0.00000       0.00000
      -9.81470       0.00000       0.00000
      -9.71670       0.00000       0.00000
      -9.61970       0.00000       0.00000
      -9.52170       0.00000       0.00000
      -9.42370       0.00000       0.00000
      -9.32670       0.00000       0.00000
      -9.22870       0.00000       0.00000
      -9.13070       0.00000       0.00000
      -9.03370       0.00000       0.00000
      -8.93570       0.00000       0.00000
      -8.83770       0.00000       0.00000
      -8.74070       0.00000       0.00000
      -8.64270       0.00000       0.00000
      -8.54470       0.00000       0.00000
      -8.44770       0.00000       0.00000
      -8.34970       0.00000       0.00000
      -8.25170       0.00000       0.00000
      -8.15470       0.00000       0.00000
      -8.05670       0.00000       0.00000
      -7.95970       0.00000       0.00000
      -7.86170       0.00000       0.00000
      -7.76370       0.00000       0.00000
      -7.66670       0.00000       0.00000
      -7.56870       0.00000       0.00000
      -7.47070       0.00000       0.00000
      -7.37370       0.00000       0.00000
      -7.27570       0.00000       0.00000
      -7.17770       0.00000       0.00000
      -7.08070       0.00000       0.00000
      -6.98270       0.00000       0.00000
      -6.88470       0.00000       0.00000
      -6.78770       0.00000       0.00000
      -6.68970       0.00000       0.00000
      -6.59170       0.00000       0.00000
      -6.49470       0.00000       0.00000
      -6.39670       0.00000       0.00000
      -6.29870       0.00000       0.00000
      -6.20170       0.00000       0.00000
      -6.10370       0.00000       0.00000
      -6.00570       0.00000       0.00000
      -5.90870       0.00000       0.00000
      -5.81070       0.00000       0.00000
      -5.71270       0.00000       0.00000
      -5.61570       0.00000       0.00000
      -5.51770       0.00000       0.00000
      -5.41970       0.00000       0.00000
      -5.32270       0.00000       0.00000
      -5.22470       5.64900       0.00000
      -5.12670       5.02100       0.00000
      -5.02970       2.27600       0.00000
      -4.93170      19.06000       0.00000
      -4.83370      15.80000     -11.08000
      -4.73670       7.62400      -4.72100
      -4.63870      76.53000       0.00000
      -4.54070      19.80000       0.00000
      -4.44370      20.98000     -23.66000
      -4.34570      34.38000       0.00000
      -4.24770       5.26200     -12.17000
      -4.15070       0.00000     -34.34000
      -4.05270      11.03000     -28.48000
      -3.95470       9.84700     -13.44000
      -3.85770      10.04000     -60.64000
      -3.75970      50.42000     -17.44000
      -3.66270      16.92000     -11.20000
      -3.56470       6.96900     -19.27000
      -3.46670      18.52000      -6.41900
      -3.36970      10.76000     -19.06000
      -3.27170      86.15000      -4.59800
      -3.17370      55.24000      -5.05800
      -3.07670      47.82000     -18.92000
      -2.97870       3.09300     -27.29000
      -2.88070      19.24000     -12.67000
      -2.78370      20.66000     -15.46000
      -2.68570      24.31000     -28.53000
      -2.58770      16.98000     -26.41000
      -2.49070      30.17000     -32.32000
      -2.39270      21.09000     -28.40000
      -2.29470      26.79000       0.00000
      -2.19770      22.09000     -20.42000
      -2.09970      33.31000     -19.72000
      -2.00170      63.40000     -16.75000
      -1.90470       0.00000     -30.58000
      -1.80670       8.78200      -0.11970
      -1.70870      14.37000      -4.30900
      -1.61170      29.60000     -50.54000
      -1.51370      84.12000      -3.80400
      -1.41570      18.41000     -45.22000
      -1.31870      19.62000      -6.50300
      -1.22070      13.34000       0.00000
      -1.12270      28.00000       0.00000
      -1.02570       0.00000       0.00000
      -0.92770       0.00000       0.00000
      -0.82970       0.00000       0.00000
      -0.73270       0.00000       0.00000
      -0.63470       0.00000       0.00000
      -0.53670       0.00000       0.00000
      -0.43970       0.00000       0.00000
      -0.34170       0.00000       0.00000
      -0.24370       0.00000       0.00000
      -0.14670       0.00000       0.00000
      -0.04870       0.00000       0.00000
       0.04930       0.00000       0.00000
       0.14630       0.00000       0.00000
       0.24430       0.00000       0.00000
       0.34230       0.00000       0.00000
       0.43930       0.00000       0.00000
       0.53730       0.00000       0.00000
       0.63430       0.00000       0.00000
       0.73230      39.39000       0.00000
       0.83030      63.11000       0.00000
       0.92730       7.38400       0.00000
       1.02530      22.22000       0.00000
       1.12330       0.00000       0.00000
       1.22030       0.00000       0.00000
       1.31830       0.00000       0.00000
       1.41630       0.00000       0.00000
       1.51330       0.00000       0.00000
       1.61130       0.00000       0.00000
       1.70930       0.00000       0.00000
       1.80630       0.00000       0.00000
       1.90430       0.00000       0.00000
       2.00230       0.00000       0.00000
       2.09930       0.00000       0.00000
       2.19730       0.00000       0.00000
       2.29530       0.00000     -18.21000
       2.39230       0.00000     -43.27000
       2.49030       0.00000    -103.30000
       2.58830       0.00000     -58.88000
       2.68530       0.00000     -82.43000
       2.78330       0.00000     -23.95000
       2.88130       0.00000     -20.03000
       2.97830       0.00000     -75.32000
       3.07630       0.00000     -75.44000
       3.17430       0.00000       0.00000
       3.27130       0.00000       0.00000
       3.36930       0.00000       0.00000
       3.46730       0.00000       0.00000
       3.56430       0.00000       0.00000
       3.66230       0.00000       0.00000
       3.76030       0.00000       0.00000
       3.85730       0.00000       0.00000
       3.95530       0.00000       0.00000
       4.05330       0.00000       0.00000
       4.15030       0.00000       0.00000
       4.24830       0.00000       0.00000
       4.34630       0.81020       0.00000
       4.44330       1.48800       0.00000
       4.54130       1.79800      -2.74400
       4.63930       2.31100      -1.99700
       4.73630       2.53200      -3.12500
       4.83430      28.93000      -7.53300
       4.93130       2.29400       0.00000
       5.02930      10.47000      -2.86800
       5.12730       0.11340      -6.05200
       5.22430       2.65400      -1.36500
       5.32230       9.75100      -2.40900
       5.42030      11.41000     -10.09000
       5.51730       7.30500      -5.79100
       5.61530       0.45030      -4.26200
       5.71330       4.46600     -10.74000
       5.81030      35.00000     -19.54000
       5.90830      15.88000     -15.91000
       6.00630      16.04000     -11.60000
       6.10330      28.56000     -24.12000
       6.20130      23.48000     -19.25000
       6.29930      23.26000      -9.77300
       6.39630      11.43000     -27.73000
       6.49430      49.26000     -24.22000
       6.59230      31.24000     -33.92000
       6.68930       8.39900     -21.78000
       6.78730       7.36200     -29.40000
       6.88530      41.39000     -35.59000
       6.98230      14.47000     -25.78000
       7.08030      29.49000     -29.39000
       7.17830      35.99000     -25.36000
       7.27530      38.88000     -25.36000
       7.37330      35.54000     -25.72000
       7.47130      32.28000     -28.56000
       7.56830      28.38000     -23.12000
       7.66630      31.67000     -29.33000
       7.76430      31.15000     -26.95000
       7.86130      44.58000     -30.57000
       7.95930      31.13000     -26.26000
       8.05730      31.78000     -39.86000
       8.15430      42.87000     -30.33000
       8.25230      35.49000     -34.48000
       8.35030      34.10000     -28.93000
       8.44730      42.56000     -26.63000
       8.54530      30.05000     -43.09000
       8.64330      36.14000     -38.73000
       8.74030      53.99000     -23.26000
       8.83830      50.28000     -18.45000
       8.93630      84.61000     -43.25000
       9.03330      41.56000     -42.93000
       9.13130      34.37000     -35.20000
       9.22830      44.18000     -33.33000
       9.32630      40.80000     -42.02000
       9.42430      60.93000     -46.73000
       9.52130      52.92000     -35.04000
       9.61930      46.81000     -66.87000
       9.71730      52.48000     -15.86000
       9.81430      54.70000     -62.99000
       9.91230      26.70000     -88.05000
      10.01030      53.01000     -49.29000
      10.10730      57.80000     -52.63000
      10.20530       0.00000     -49.75000
      10.30330       0.00000      -9.74300
      10.40030       0.00000       0.00000
      10.49830       0.00000       0.00000
      10.59630       0.00000       0.00000
      10.69330       0.00000       0.00000
      10.79130       0.00000       0.00000
      10.88930       0.00000       0.00000
      10.98630       0.00000       0.00000
      11.08430       0.00000       0.00000
      11.18230       0.00000       0.00000
      11.27930       0.00000       0.00000
      11.37730       0.00000       0.00000
      11.47530       0.00000       0.00000
      11.57230       0.00000       0.00000
      11.67030       0.00000       0.00000
