     #Energy           s          py          pz          px         dxy         dyz         dz2         dxz         dx2       tot  
   -15.70752     0.00000     0.00000     0.00000     0.00000     0.00000     0.00000     0.00000     0.00000     0.00000     0.00000
   -15.60852     0.00000     0.00000     0.00000     0.00000     0.00000     0.00000     0.00000     0.00000     0.00000     0.00000
   -15.50952     0.00000     0.00000     0.00000     0.00000     0.00000     0.00000     0.00000     0.00000     0.00000     0.00000
   -15.41152     0.00000     0.00000     0.00000     0.00000     0.00000     0.00000     0.00000     0.00000     0.00000     0.00000
   -15.31252     0.00000     0.00000     0.00000     0.00000     0.00000     0.00000     0.00000     0.00000     0.00000     0.00000
   -15.21352     0.00000     0.00000     0.00000     0.00000     0.00000     0.00000     0.00000     0.00000     0.00000     0.00000
   -15.11552     0.00000     0.00000     0.00000     0.00000     0.00000     0.00000     0.00000     0.00000     0.00000     0.00000
   -15.01652     0.00000     0.00000     0.00000     0.00000     0.00000     0.00000     0.00000     0.00000     0.00000     0.00000
   -14.91752     0.00000     0.00000     0.00000     0.00000     0.00000     0.00000     0.00000     0.00000     0.00000     0.00000
   -14.81952     0.00000     0.00000     0.00000     0.00000     0.00000     0.00000     0.00000     0.00000     0.00000     0.00000
   -14.72052     0.00000     0.00000     0.00000     0.00000     0.00000     0.00000     0.00000     0.00000     0.00000     0.00000
   -14.62252     0.00000     0.00000     0.00000     0.00000     0.00000     0.00000     0.00000     0.00000     0.00000     0.00000
   -14.52352     0.00000     0.00000     0.00000     0.00000     0.00000     0.00000     0.00000     0.00000     0.00000     0.00000
   -14.42452     0.00000     0.00000     0.00000     0.00000     0.00000     0.00000     0.00000     0.00000     0.00000     0.00000
   -14.32652     0.00498     0.00000     0.00002     0.00000     0.00000     0.00000     0.00000     0.00000     0.00000     0.00501
   -14.22752     1.17960     0.00097     0.00459     0.00097     0.00007     0.00009     0.00000     0.00009     0.00007     1.18645
   -14.12852     1.79700     0.00184     0.00662     0.00184     0.00010     0.00015     0.00000     0.00015     0.00010     1.80781
   -14.03052     2.16120     0.00263     0.00742     0.00263     0.00012     0.00019     0.00000     0.00019     0.00012     2.17450
   -13.93152     2.20380     0.00293     0.00713     0.00293     0.00012     0.00021     0.00000     0.00021     0.00012     2.21745
   -13.83352     0.40908     0.00053     0.00120     0.00053     0.00002     0.00004     0.00000     0.00004     0.00002     0.41147
   -13.73452     2.77920     0.00308     0.00734     0.00308     0.00013     0.00025     0.00002     0.00025     0.00013     2.79347
   -13.63552     3.24120     0.00254     0.00521     0.00254     0.00015     0.00021     0.00016     0.00021     0.00015     3.25239
   -13.53752     9.96000     0.00487     0.01252     0.00487     0.00046     0.00052     0.00042     0.00052     0.00046     9.98465
   -13.43852    12.42600     0.00486     0.01419     0.00486     0.00059     0.00064     0.00025     0.00064     0.00059    12.45262
   -13.33952    11.73000     0.00182     0.01132     0.00182     0.00055     0.00036     0.00001     0.00036     0.00055    11.74680
   -13.24152     0.00026     0.00000     0.00000     0.00000     0.00000     0.00000     0.00000     0.00000     0.00000     0.00026
   -13.14252     0.00000     0.00000     0.00000     0.00000     0.00000     0.00000     0.00000     0.00000     0.00000     0.00000
   -13.04352     0.00000     0.00000     0.00000     0.00000     0.00000     0.00000     0.00000     0.00000     0.00000     0.00000
   -12.94552     0.00000     0.00000     0.00000     0.00000     0.00000     0.00000     0.00000     0.00000     0.00000     0.00000
   -12.84652     0.00000     0.00000     0.00000     0.00000     0.00000     0.00000     0.00000     0.00000     0.00000     0.00000
   -12.74852     0.00000     0.00000     0.00000     0.00000     0.00000     0.00000     0.00000     0.00000     0.00000     0.00000
   -12.64952     0.00000     0.00000     0.00000     0.00000     0.00000     0.00000     0.00000     0.00000     0.00000     0.00000
   -12.55052     0.00000     0.00000     0.00000     0.00000     0.00000     0.00000     0.00000     0.00000     0.00000     0.00000
   -12.45252     0.00000     0.00000     0.00000     0.00000     0.00000     0.00000     0.00000     0.00000     0.00000     0.00000
   -12.35352     0.00000     0.00000     0.00000     0.00000     0.00000     0.00000     0.00000     0.00000     0.00000     0.00000
   -12.25452     0.00000     0.00000     0.00000     0.00000     0.00000     0.00000     0.00000     0.00000     0.00000     0.00000
   -12.15652     0.00000     0.00000     0.00000     0.00000     0.00000     0.00000     0.00000     0.00000     0.00000     0.00000
   -12.05752     0.00000     0.00000     0.00000     0.00000     0.00000     0.00000     0.00000     0.00000     0.00000     0.00000
   -11.95952     0.00000     0.00000     0.00000     0.00000     0.00000     0.00000     0.00000     0.00000     0.00000     0.00000
   -11.86052     0.00000     0.00000     0.00000     0.00000     0.00000     0.00000     0.00000     0.00000     0.00000     0.00000
   -11.76152     0.00000     0.00000     0.00000     0.00000     0.00000     0.00000     0.00000     0.00000     0.00000     0.00000
   -11.66352     0.00000     0.00000     0.00000     0.00000     0.00000     0.00000     0.00000     0.00000     0.00000     0.00000
   -11.56452     0.00000     0.00000     0.00000     0.00000     0.00000     0.00000     0.00000     0.00000     0.00000     0.00000
   -11.46552     0.00000     0.00000     0.00000     0.00000     0.00000     0.00000     0.00000     0.00000     0.00000     0.00000
   -11.36752     0.00000     0.00000     0.00000     0.00000     0.00000     0.00000     0.00000     0.00000     0.00000     0.00000
   -11.26852     0.00000     0.00000     0.00000     0.00000     0.00000     0.00000     0.00000     0.00000     0.00000     0.00000
   -11.16952     0.00000     0.00000     0.00000     0.00000     0.00000     0.00000     0.00000     0.00000     0.00000     0.00000
   -11.07152     0.00000     0.00000     0.00000     0.00000     0.00000     0.00000     0.00000     0.00000     0.00000     0.00000
   -10.97252     0.00000     0.00000     0.00000     0.00000     0.00000     0.00000     0.00000     0.00000     0.00000     0.00000
   -10.87452     0.00000     0.00000     0.00000     0.00000     0.00000     0.00000     0.00000     0.00000     0.00000     0.00000
   -10.77552     0.00000     0.00000     0.00000     0.00000     0.00000     0.00000     0.00000     0.00000     0.00000     0.00000
   -10.67652     0.00000     0.00000     0.00000     0.00000     0.00000     0.00000     0.00000     0.00000     0.00000     0.00000
   -10.57852     0.00000     0.00000     0.00000     0.00000     0.00000     0.00000     0.00000     0.00000     0.00000     0.00000
   -10.47952     0.00000     0.00000     0.00000     0.00000     0.00000     0.00000     0.00000     0.00000     0.00000     0.00000
   -10.38052     0.00000     0.00000     0.00000     0.00000     0.00000     0.00000     0.00000     0.00000     0.00000     0.00000
   -10.28252     0.00000     0.00000     0.00000     0.00000     0.00000     0.00000     0.00000     0.00000     0.00000     0.00000
   -10.18352     0.00000     0.00000     0.00000     0.00000     0.00000     0.00000     0.00000     0.00000     0.00000     0.00000
   -10.08552     0.00000     0.00000     0.00000     0.00000     0.00000     0.00000     0.00000     0.00000     0.00000     0.00000
    -9.98652     0.00000     0.00000     0.00000     0.00000     0.00000     0.00000     0.00000     0.00000     0.00000     0.00000
    -9.88752     0.00000     0.00000     0.00000     0.00000     0.00000     0.00000     0.00000     0.00000     0.00000     0.00000
    -9.78952     0.00000     0.00000     0.00000     0.00000     0.00000     0.00000     0.00000     0.00000     0.00000     0.00000
    -9.69052     0.00000     0.00000     0.00000     0.00000     0.00000     0.00000     0.00000     0.00000     0.00000     0.00000
    -9.59152     0.00000     0.00000     0.00000     0.00000     0.00000     0.00000     0.00000     0.00000     0.00000     0.00000
    -9.49352     0.00000     0.00000     0.00000     0.00000     0.00000     0.00000     0.00000     0.00000     0.00000     0.00000
    -9.39452     0.00000     0.00000     0.00000     0.00000     0.00000     0.00000     0.00000     0.00000     0.00000     0.00000
    -9.29552     0.00000     0.00000     0.00000     0.00000     0.00000     0.00000     0.00000     0.00000     0.00000     0.00000
    -9.19752     0.00000     0.00000     0.00000     0.00000     0.00000     0.00000     0.00000     0.00000     0.00000     0.00000
    -9.09852     0.00000     0.00000     0.00000     0.00000     0.00000     0.00000     0.00000     0.00000     0.00000     0.00000
    -9.00052     0.00000     0.00000     0.00000     0.00000     0.00000     0.00000     0.00000     0.00000     0.00000     0.00000
    -8.90152     0.00000     0.00000     0.00000     0.00000     0.00000     0.00000     0.00000     0.00000     0.00000     0.00000
    -8.80252     0.00000     0.00000     0.00000     0.00000     0.00000     0.00000     0.00000     0.00000     0.00000     0.00000
    -8.70452     0.00000     0.00000     0.00000     0.00000     0.00000     0.00000     0.00000     0.00000     0.00000     0.00000
    -8.60552     0.00000     0.00000     0.00000     0.00000     0.00000     0.00000     0.00000     0.00000     0.00000     0.00000
    -8.50652     0.00000     0.00000     0.00000     0.00000     0.00000     0.00000     0.00000     0.00000     0.00000     0.00000
    -8.40852     0.00000     0.00000     0.00000     0.00000     0.00000     0.00000     0.00000     0.00000     0.00000     0.00000
    -8.30952     0.00000     0.00000     0.00000     0.00000     0.00000     0.00000     0.00000     0.00000     0.00000     0.00000
    -8.21152     0.00000     0.00000     0.00000     0.00000     0.00000     0.00000     0.00000     0.00000     0.00000     0.00000
    -8.11252     0.00000     0.00000     0.00000     0.00000     0.00000     0.00000     0.00000     0.00000     0.00000     0.00000
    -8.01352     0.00000     0.00000     0.00000     0.00000     0.00000     0.00000     0.00000     0.00000     0.00000     0.00000
    -7.91552     0.00000     0.00000     0.00000     0.00000     0.00000     0.00000     0.00000     0.00000     0.00000     0.00000
    -7.81652     0.00000     0.00000     0.00000     0.00000     0.00000     0.00000     0.00000     0.00000     0.00000     0.00000
    -7.71752     0.00000     0.00000     0.00000     0.00000     0.00000     0.00000     0.00000     0.00000     0.00000     0.00000
    -7.61952     0.00000     0.00000     0.00000     0.00000     0.00000     0.00000     0.00000     0.00000     0.00000     0.00000
    -7.52052     0.00000     0.00000     0.00000     0.00000     0.00000     0.00000     0.00000     0.00000     0.00000     0.00000
    -7.42152     0.00000     0.00000     0.00000     0.00000     0.00000     0.00000     0.00000     0.00000     0.00000     0.00000
    -7.32352     0.00000     0.00000     0.00000     0.00000     0.00000     0.00000     0.00000     0.00000     0.00000     0.00000
    -7.22452     0.00000     0.00000     0.00000     0.00000     0.00000     0.00000     0.00000     0.00000     0.00000     0.00000
    -7.12652     0.00000     0.00000     0.00000     0.00000     0.00000     0.00000     0.00000     0.00000     0.00000     0.00000
    -7.02752     0.00000     0.00000     0.00000     0.00000     0.00000     0.00000     0.00000     0.00000     0.00000     0.00000
    -6.92852     0.00000     0.00000     0.00000     0.00000     0.00000     0.00000     0.00000     0.00000     0.00000     0.00000
    -6.83052     0.00000     0.00000     0.00000     0.00000     0.00000     0.00000     0.00000     0.00000     0.00000     0.00000
    -6.73152     0.00000     0.00000     0.00000     0.00000     0.00000     0.00000     0.00000     0.00000     0.00000     0.00000
    -6.63252     0.00000     0.00000     0.00000     0.00000     0.00000     0.00000     0.00000     0.00000     0.00000     0.00000
    -6.53452     0.00000     0.00000     0.00000     0.00000     0.00000     0.00000     0.00000     0.00000     0.00000     0.00000
    -6.43552     0.00000     0.00000     0.00000     0.00000     0.00000     0.00000     0.00000     0.00000     0.00000     0.00000
    -6.33752     0.00000     0.00000     0.00000     0.00000     0.00000     0.00000     0.00000     0.00000     0.00000     0.00000
    -6.23852     0.00000     0.00000     0.00000     0.00000     0.00000     0.00000     0.00000     0.00000     0.00000     0.00000
    -6.13952     0.00000     0.00000     0.00000     0.00000     0.00000     0.00000     0.00000     0.00000     0.00000     0.00000
    -6.04152     0.00000     0.00000     0.00000     0.00000     0.00000     0.00000     0.00000     0.00000     0.00000     0.00000
    -5.94252     0.00000     0.00000     0.00000     0.00000     0.00000     0.00000     0.00000     0.00000     0.00000     0.00000
    -5.84352     0.00000     0.00000     0.00000     0.00000     0.00000     0.00000     0.00000     0.00000     0.00000     0.00000
    -5.74552     0.00000     0.00000     0.00000     0.00000     0.00000     0.00000     0.00000     0.00000     0.00000     0.00000
    -5.64652     0.00000     0.00000     0.00000     0.00000     0.00000     0.00000     0.00000     0.00000     0.00000     0.00000
    -5.54752     0.00000     0.00000     0.00000     0.00000     0.00000     0.00000     0.00000     0.00000     0.00000     0.00000
    -5.44952     0.00000     0.00000     0.00000     0.00000     0.00000     0.00000     0.00000     0.00000     0.00000     0.00000
    -5.35052     0.00000     0.00000     0.00000     0.00000     0.00000     0.00000     0.00000     0.00000     0.00000     0.00000
    -5.25252     0.00000     0.00000     0.00000     0.00000     0.00000     0.00000     0.00000     0.00000     0.00000     0.00000
    -5.15352     0.00000     0.00000     0.00000     0.00000     0.00000     0.00000     0.00000     0.00000     0.00000     0.00000
    -5.05452     0.00000     0.00000     0.00000     0.00000     0.00000     0.00000     0.00000     0.00000     0.00000     0.00000
    -4.95652     0.00000     0.00000     0.00000     0.00000     0.00000     0.00000     0.00000     0.00000     0.00000     0.00000
    -4.85752     0.00000     0.00000     0.00000     0.00000     0.00000     0.00000     0.00000     0.00000     0.00000     0.00000
    -4.75852     0.00000     0.00000     0.00000     0.00000     0.00000     0.00000     0.00000     0.00000     0.00000     0.00000
    -4.66052     0.00000     0.00000     0.00000     0.00000     0.00000     0.00000     0.00000     0.00000     0.00000     0.00000
    -4.56152     0.00000     0.00000     0.00000     0.00000     0.00000     0.00000     0.00000     0.00000     0.00000     0.00000
    -4.46352     0.00000     0.00000     0.00000     0.00000     0.00000     0.00000     0.00000     0.00000     0.00000     0.00000
    -4.36452     0.00000     0.00000     0.00000     0.00000     0.00000     0.00000     0.00000     0.00000     0.00000     0.00000
    -4.26552     0.00649     0.09098     0.02183     0.09100     0.00018     0.00067     0.00027     0.00067     0.00018     0.21225
    -4.16752     0.07206     1.20540     0.20472     1.20546     0.00551     0.00813     0.00190     0.00813     0.00551     2.71682
    -4.06852     0.03741     0.33010     0.10590     0.33012     0.00090     0.00259     0.00083     0.00259     0.00090     0.81133
    -3.96952     0.01165     0.04161     0.10836     0.04161     0.00008     0.00051     0.00073     0.00051     0.00008     0.20514
    -3.87152     0.11172     0.27912     1.07280     0.27912     0.00065     0.00518     0.00645     0.00518     0.00065     1.76086
    -3.77252     0.11778     0.33380     0.80880     0.33382     0.00072     0.00582     0.00359     0.00582     0.00072     1.61088
    -3.67352     0.03458     0.12312     0.29202     0.12312     0.00056     0.00225     0.00195     0.00225     0.00056     0.58042
    -3.57552     0.03623     0.55204     0.77880     0.55204     0.00411     0.00678     0.01108     0.00678     0.00411     1.95199
    -3.47652     0.00935     0.43760     0.26268     0.43758     0.00291     0.00339     0.00570     0.00339     0.00291     1.16551
    -3.37852     0.01918     0.61840     0.33036     0.61876     0.00351     0.00343     0.00583     0.00343     0.00351     1.60641
    -3.27952     0.03140     1.00680     0.56538     1.00680     0.00425     0.00395     0.00866     0.00395     0.00425     2.63544
    -3.18052     0.05323     1.54940     1.72620     1.54900     0.01222     0.00906     0.02123     0.00906     0.01222     4.94162
    -3.08252     0.00249     0.12102     0.07916     0.12102     0.00060     0.00073     0.00107     0.00073     0.00060     0.32741
    -2.98352     0.00352     0.37192     0.09990     0.37202     0.00050     0.00212     0.00210     0.00212     0.00050     0.85469
    -2.88452     0.00462     0.55464     0.15180     0.55474     0.00057     0.00375     0.00349     0.00375     0.00057     1.27794
    -2.78652     0.02486     0.55040     0.29718     0.55030     0.00188     0.00460     0.00266     0.00460     0.00188     1.43836
    -2.68752     0.03378     1.87080     0.43842     1.87070     0.01167     0.00956     0.00213     0.00956     0.01167     4.25829
    -2.58952     0.02697     0.76385     0.33072     0.76382     0.00436     0.00835     0.00166     0.00835     0.00436     1.91244
    -2.49052     0.02512     0.61904     0.25266     0.61892     0.00334     0.00621     0.00191     0.00621     0.00334     1.53676
    -2.39152     0.05209     0.90920     0.36294     0.90934     0.00693     0.00826     0.00567     0.00826     0.00693     2.26962
    -2.29352     0.01588     0.34114     0.24792     0.34112     0.00438     0.00271     0.00129     0.00271     0.00438     0.96153
    -2.19452     0.02059     0.37932     0.44732     0.37932     0.00576     0.00420     0.00129     0.00420     0.00576     1.24777
    -2.09552     0.07188     0.65228     1.72860     0.65204     0.01002     0.00649     0.00260     0.00649     0.01002     3.14041
    -1.99752     0.06876     0.49148     1.61160     0.49152     0.00643     0.00323     0.00341     0.00323     0.00643     2.68610
    -1.89852     0.01877     0.19628     0.52824     0.19626     0.00240     0.00052     0.00082     0.00052     0.00240     0.94620
    -1.80052     0.02281     0.32514     0.58470     0.32514     0.00219     0.00206     0.00091     0.00206     0.00219     1.26720
    -1.70152     0.02249     0.33778     0.76920     0.33778     0.00209     0.00237     0.00089     0.00237     0.00209     1.47707
    -1.60252     0.02787     0.63584     1.09260     0.63594     0.00353     0.00490     0.00098     0.00490     0.00353     2.41009
    -1.50452     0.00784     0.31214     0.35382     0.31214     0.00100     0.00175     0.00036     0.00175     0.00100     0.99179
    -1.40552     0.01364     0.84840     1.22640     0.84828     0.00210     0.00388     0.00056     0.00388     0.00210     2.94924
    -1.30652     0.01235     0.80600     1.23300     0.80600     0.00255     0.00240     0.00067     0.00240     0.00255     2.86793
    -1.20852     0.01012     0.74580     1.29120     0.74580     0.00245     0.00200     0.00056     0.00200     0.00245     2.80238
    -1.10952     0.00719     0.63872     1.07460     0.63862     0.00222     0.00155     0.00044     0.00155     0.00222     2.36711
    -1.01052     0.01254     1.12500     1.41240     1.12500     0.00251     0.00176     0.00250     0.00176     0.00251     3.68599
    -0.91252     0.01590     1.36160     1.19280     1.36160     0.00326     0.00127     0.00202     0.00127     0.00326     3.94296
    -0.81352     0.00377     0.09410     0.46716     0.09412     0.00020     0.00016     0.00018     0.00016     0.00020     0.66004
    -0.71552     0.01111     0.41266     0.89640     0.41272     0.00082     0.00054     0.00080     0.00054     0.00082     1.73641
    -0.61652     0.01314     0.64240     1.02960     0.64256     0.00112     0.00062     0.00127     0.00062     0.00112     2.33245
    -0.51752     0.02255     2.06422     1.74960     2.06440     0.00228     0.00143     0.00147     0.00143     0.00228     5.90967
    -0.41952     0.01490     2.69450     2.36400     2.69460     0.00458     0.00354     0.00142     0.00354     0.00458     7.78567
    -0.32052     0.01034     0.88038     0.73860     0.88060     0.00057     0.00097     0.00015     0.00097     0.00057     2.51317
    -0.22152     0.00566     0.87678     0.80040     0.87700     0.00051     0.00085     0.00011     0.00085     0.00051     2.56266
    -0.12352     0.00470     2.05260     0.60660     2.05260     0.00145     0.00105     0.00013     0.00105     0.00145     4.72161
    -0.02452     0.00011     0.51902     0.00873     0.51904     0.00028     0.00028     0.00000     0.00028     0.00028     1.04804
     0.07348     0.00000     0.00000     0.00000     0.00000     0.00000     0.00000     0.00000     0.00000     0.00000     0.00000
     0.17248     0.00000     0.00000     0.00000     0.00000     0.00000     0.00000     0.00000     0.00000     0.00000     0.00000
     0.27148     0.00000     0.00000     0.00000     0.00000     0.00000     0.00000     0.00000     0.00000     0.00000     0.00000
     0.36948     0.00000     0.00000     0.00000     0.00000     0.00000     0.00000     0.00000     0.00000     0.00000     0.00000
     0.46848     0.00000     0.00000     0.00000     0.00000     0.00000     0.00000     0.00000     0.00000     0.00000     0.00000
     0.56748     0.00000     0.00000     0.00000     0.00000     0.00000     0.00000     0.00000     0.00000     0.00000     0.00000
     0.66548     0.00000     0.00000     0.00000     0.00000     0.00000     0.00000     0.00000     0.00000     0.00000     0.00000
     0.76448     0.00000     0.00000     0.00000     0.00000     0.00000     0.00000     0.00000     0.00000     0.00000     0.00000
     0.86348     0.00000     0.00000     0.00000     0.00000     0.00000     0.00000     0.00000     0.00000     0.00000     0.00000
     0.96148     0.00000     0.00000     0.00000     0.00000     0.00000     0.00000     0.00000     0.00000     0.00000     0.00000
     1.06048     0.00000     0.00000     0.00000     0.00000     0.00000     0.00000     0.00000     0.00000     0.00000     0.00000
     1.15848     0.00000     0.00000     0.00000     0.00000     0.00000     0.00000     0.00000     0.00000     0.00000     0.00000
     1.25748     0.00000     0.00000     0.00000     0.00000     0.00000     0.00000     0.00000     0.00000     0.00000     0.00000
     1.35648     0.00000     0.00000     0.00000     0.00000     0.00000     0.00000     0.00000     0.00000     0.00000     0.00000
     1.45448     0.00000     0.00000     0.00000     0.00000     0.00000     0.00000     0.00000     0.00000     0.00000     0.00000
     1.55348     0.00000     0.00000     0.00000     0.00000     0.00000     0.00000     0.00000     0.00000     0.00000     0.00000
     1.65248     0.00000     0.00000     0.00000     0.00000     0.00000     0.00000     0.00000     0.00000     0.00000     0.00000
     1.75048     0.02855     0.07674     0.30486     0.07674     0.00236     0.00305     0.00014     0.00305     0.00236     0.49787
     1.84948     0.23052     1.31240     2.48940     1.31260     0.02900     0.04322     0.00163     0.04322     0.02900     5.49099
     1.94748     0.06894     0.77840     0.52740     0.77852     0.01059     0.01884     0.00096     0.01884     0.01059     2.21308
     2.04648     0.02517     1.13260     0.17010     1.13296     0.01320     0.02211     0.00035     0.02211     0.01320     2.53181
     2.14548     0.00377     0.27376     0.03590     0.27374     0.00287     0.00492     0.00001     0.00492     0.00287     0.60277
     2.24348     0.00000     0.00000     0.00000     0.00000     0.00000     0.00000     0.00000     0.00000     0.00000     0.00000
     2.34248     0.00000     0.00000     0.00000     0.00000     0.00000     0.00000     0.00000     0.00000     0.00000     0.00000
     2.44148     0.00000     0.00000     0.00000     0.00000     0.00000     0.00000     0.00000     0.00000     0.00000     0.00000
     2.53948     0.00000     0.00000     0.00000     0.00000     0.00000     0.00000     0.00000     0.00000     0.00000     0.00000
     2.63848     0.00000     0.00000     0.00000     0.00000     0.00000     0.00000     0.00000     0.00000     0.00000     0.00000
     2.73748     0.00000     0.00000     0.00000     0.00000     0.00000     0.00000     0.00000     0.00000     0.00000     0.00000
     2.83548     0.00000     0.00000     0.00000     0.00000     0.00000     0.00000     0.00000     0.00000     0.00000     0.00000
     2.93448     0.00000     0.00000     0.00000     0.00000     0.00000     0.00000     0.00000     0.00000     0.00000     0.00000
     3.03248     0.00000     0.00000     0.00000     0.00000     0.00000     0.00000     0.00000     0.00000     0.00000     0.00000
     3.13148     0.00000     0.00000     0.00000     0.00000     0.00000     0.00000     0.00000     0.00000     0.00000     0.00000
     3.23048     0.00000     0.00000     0.00000     0.00000     0.00000     0.00000     0.00000     0.00000     0.00000     0.00000
     3.32848     0.00000     0.00000     0.00000     0.00000     0.00000     0.00000     0.00000     0.00000     0.00000     0.00000
     3.42748     0.00000     0.00000     0.00000     0.00000     0.00000     0.00000     0.00000     0.00000     0.00000     0.00000
     3.52648     0.00000     0.00000     0.00000     0.00000     0.00000     0.00000     0.00000     0.00000     0.00000     0.00000
     3.62448     0.00000     0.00000     0.00000     0.00000     0.00000     0.00000     0.00000     0.00000     0.00000     0.00000
     3.72348     0.00000     0.00000     0.00000     0.00000     0.00000     0.00000     0.00000     0.00000     0.00000     0.00000
     3.82148     0.00000     0.00000     0.00000     0.00000     0.00000     0.00000     0.00000     0.00000     0.00000     0.00000
     3.92048     0.00000     0.00000     0.00000     0.00000     0.00000     0.00000     0.00000     0.00000     0.00000     0.00000
     4.01948     0.00000     0.00000     0.00000     0.00000     0.00000     0.00000     0.00000     0.00000     0.00000     0.00000
     4.11748     0.00000     0.00000     0.00000     0.00000     0.00000     0.00000     0.00000     0.00000     0.00000     0.00000
     4.21648     0.00000     0.00000     0.00000     0.00000     0.00000     0.00000     0.00000     0.00000     0.00000     0.00000
     4.31548     0.00000     0.00000     0.00000     0.00000     0.00000     0.00000     0.00000     0.00000     0.00000     0.00000
     4.41348     0.00000     0.00000     0.00000     0.00000     0.00000     0.00000     0.00000     0.00000     0.00000     0.00000
     4.51248     0.00000     0.00000     0.00000     0.00000     0.00000     0.00000     0.00000     0.00000     0.00000     0.00000
     4.61148     0.00000     0.00000     0.00000     0.00000     0.00000     0.00000     0.00000     0.00000     0.00000     0.00000
     4.70948     0.00000     0.00000     0.00000     0.00000     0.00000     0.00000     0.00000     0.00000     0.00000     0.00000
     4.80848     0.00000     0.00000     0.00000     0.00000     0.00000     0.00000     0.00000     0.00000     0.00000     0.00000
     4.90648     0.00000     0.00000     0.00000     0.00000     0.00000     0.00000     0.00000     0.00000     0.00000     0.00000
     5.00548     0.00000     0.00000     0.00000     0.00000     0.00000     0.00000     0.00000     0.00000     0.00000     0.00000
     5.10448     0.00000     0.00000     0.00000     0.00000     0.00000     0.00000     0.00000     0.00000     0.00000     0.00000
     5.20248     0.00000     0.00000     0.00000     0.00000     0.00000     0.00000     0.00000     0.00000     0.00000     0.00000
     5.30148     0.00000     0.00000     0.00000     0.00000     0.00000     0.00000     0.00000     0.00000     0.00000     0.00000
     5.40048     0.00396     0.00012     0.00026     0.00012     0.00001     0.00002     0.00000     0.00002     0.00001     0.00453
     5.49848     0.01117     0.00035     0.00075     0.00035     0.00003     0.00004     0.00000     0.00004     0.00003     0.01276
     5.59748     0.08400     0.00802     0.00492     0.00802     0.00026     0.00040     0.00001     0.00040     0.00026     0.10629
     5.69548     0.00003     0.00000     0.00000     0.00000     0.00000     0.00000     0.00000     0.00000     0.00000     0.00004
     5.79448     0.03541     0.00712     0.00163     0.00712     0.00018     0.00024     0.00008     0.00024     0.00018     0.05221
     5.89348     0.04968     0.01058     0.00223     0.01058     0.00027     0.00036     0.00014     0.00036     0.00027     0.07447
     5.99148     0.05617     0.01404     0.00232     0.01404     0.00035     0.00047     0.00025     0.00047     0.00035     0.08846
     6.09048     0.00000     0.00000     0.00000     0.00000     0.00000     0.00000     0.00000     0.00000     0.00000     0.00000
     6.18948     0.06252     0.02201     0.00214     0.02201     0.00095     0.00086     0.00084     0.00086     0.00095     0.11314
     6.28748     0.05304     0.01868     0.00182     0.01867     0.00080     0.00073     0.00071     0.00073     0.00080     0.09598
     6.38648     0.05339     0.02228     0.00788     0.02228     0.00127     0.00164     0.00139     0.00164     0.00127     0.11305
     6.48548     0.04944     0.04918     0.05950     0.04917     0.03210     0.04698     0.00158     0.04698     0.03210     0.36703
     6.58348     0.12954     0.12500     0.09102     0.12500     0.06130     0.09000     0.00369     0.09000     0.06129     0.77685
     6.68248     0.10086     0.09764     0.06978     0.09764     0.03795     0.06945     0.00425     0.06944     0.03795     0.58496
     6.78048     0.04808     0.08640     0.09246     0.08642     0.02195     0.07364     0.00202     0.07366     0.02195     0.50658
     6.87948     0.07512     0.16494     0.11484     0.16493     0.05323     0.16452     0.00364     0.16452     0.05321     0.95895
     6.97848     0.14874     0.06151     0.05052     0.06150     0.01971     0.01530     0.01666     0.01530     0.01971     0.40895
     7.07648     0.04164     0.01165     0.02716     0.01165     0.00571     0.00917     0.02332     0.00917     0.00571     0.14519
     7.17548     0.20694     0.06716     0.10020     0.06718     0.05290     0.04659     0.04549     0.04659     0.05290     0.68595
     7.27448     0.15714     0.04756     0.10986     0.04756     0.06506     0.05225     0.01925     0.05225     0.06504     0.61597
     7.37248     0.19374     0.08390     0.12714     0.08392     0.06248     0.04029     0.05371     0.04029     0.06247     0.74794
     7.47148     0.15054     0.07094     0.13578     0.07092     0.06674     0.03510     0.04066     0.03510     0.06676     0.67253
     7.56948     0.11112     0.08068     0.15900     0.08066     0.06514     0.06397     0.06360     0.06396     0.06512     0.75325
     7.66848     0.15756     0.06882     0.05742     0.06882     0.04064     0.03340     0.07134     0.03340     0.04064     0.57205
     7.76748     0.06186     0.02417     0.04147     0.02417     0.02407     0.02325     0.01869     0.02325     0.02407     0.26501
     7.86548     0.09084     0.05043     0.06822     0.05043     0.02829     0.05259     0.07656     0.05259     0.02829     0.49824
     7.96448     0.07878     0.03684     0.06174     0.03684     0.02896     0.06212     0.04075     0.06208     0.02896     0.43706
     8.06348     0.08088     0.04438     0.03624     0.04438     0.02806     0.04243     0.03897     0.04244     0.02806     0.38584
     8.16148     0.15108     0.09150     0.06852     0.09148     0.06206     0.05199     0.12210     0.05199     0.06208     0.75280
     8.26048     0.12180     0.05355     0.07188     0.05354     0.06385     0.06093     0.06540     0.06094     0.06387     0.61577
     8.35948     0.13632     0.06293     0.09516     0.06293     0.07402     0.11310     0.08760     0.11310     0.07404     0.81920
     8.45748     0.08016     0.05574     0.08910     0.05574     0.10460     0.05414     0.08832     0.05414     0.10456     0.68650
     8.55648     0.16764     0.08986     0.18924     0.08988     0.14182     0.11156     0.13008     0.11152     0.14180     1.17340
     8.65448     0.11736     0.06516     0.14382     0.06516     0.08870     0.09182     0.08706     0.09182     0.08866     0.83956
     8.75348     0.14220     0.08410     0.15682     0.08410     0.08682     0.08300     0.09936     0.08302     0.08682     0.90624
     8.85248     0.05360     0.04820     0.09246     0.04820     0.06026     0.06266     0.04407     0.06268     0.06024     0.53238
     8.95048     0.07134     0.09498     0.12360     0.09496     0.09420     0.07239     0.11832     0.07238     0.09420     0.83637
     9.04948     0.03633     0.04443     0.03294     0.04443     0.05646     0.08764     0.03770     0.08768     0.05646     0.48406
     9.14848     0.03470     0.08398     0.10278     0.08401     0.08386     0.09328     0.14616     0.09326     0.08384     0.80587
     9.24648     0.03412     0.09080     0.12732     0.09076     0.09108     0.06335     0.08448     0.06336     0.09108     0.73636
     9.34548     0.02722     0.07975     0.05222     0.07973     0.09308     0.07102     0.06528     0.07100     0.09308     0.63238
     9.44348     0.03895     0.13516     0.10242     0.13516     0.15546     0.09902     0.14154     0.09904     0.15544     1.06219
     9.54248     0.05075     0.16258     0.13396     0.16256     0.19938     0.15786     0.15372     0.15786     0.19938     1.37805
     9.64148     0.01030     0.06610     0.03473     0.06609     0.10384     0.03529     0.04198     0.03529     0.10386     0.49748
     9.73948     0.04139     0.12108     0.13386     0.12110     0.18128     0.15000     0.11598     0.15000     0.18130     1.19599
     9.83848     0.03312     0.08766     0.10422     0.08766     0.14734     0.11122     0.11100     0.11122     0.14732     0.94076
     9.93748     0.04093     0.13038     0.11364     0.13038     0.14608     0.12902     0.10998     0.12902     0.14606     1.07549
    10.03548     0.02790     0.12546     0.11466     0.12546     0.16308     0.10094     0.09228     0.10092     0.16306     1.01376
    10.13448     0.03631     0.19100     0.15702     0.19102     0.20344     0.17386     0.09456     0.17386     0.20342     1.42449
    10.23348     0.02706     0.11374     0.13212     0.11372     0.11654     0.14130     0.08820     0.14128     0.11656     0.99052
    10.33148     0.03095     0.11028     0.08466     0.11028     0.10048     0.10672     0.09192     0.10670     0.10046     0.84245
    10.43048     0.02092     0.14078     0.05836     0.14078     0.15082     0.09134     0.09618     0.09132     0.15080     0.94130
    10.52848     0.02393     0.12424     0.08328     0.12422     0.07210     0.10250     0.08118     0.10252     0.07208     0.78605
    10.62748     0.03766     0.18542     0.09282     0.18542     0.14500     0.14904     0.14910     0.14904     0.14502     1.23852
    10.72648     0.02203     0.14856     0.09306     0.14856     0.08622     0.11734     0.17868     0.11734     0.08622     0.99801
    10.82448     0.03722     0.23132     0.14298     0.23132     0.15866     0.19236     0.35978     0.19238     0.15866     1.70468
    10.92348     0.00668     0.06512     0.06696     0.06512     0.07108     0.05961     0.12648     0.05959     0.07108     0.59173
    11.02248     0.01927     0.17468     0.08304     0.17468     0.10190     0.12090     0.19740     0.12088     0.10192     1.09467
    11.12048     0.04861     0.24772     0.12588     0.24774     0.20450     0.17156     0.27822     0.17156     0.20448     1.70027
    11.21948     0.04093     0.28666     0.21510     0.28664     0.26082     0.23966     0.14568     0.23968     0.26082     1.97599
    11.31748     0.02399     0.24224     0.11244     0.24220     0.17964     0.17088     0.28692     0.17088     0.17964     1.60883
    11.41648     0.01399     0.19434     0.09564     0.19434     0.14942     0.20718     0.28008     0.20718     0.14943     1.49160
    11.51548     0.02116     0.12348     0.11904     0.12348     0.08074     0.10482     0.17688     0.10482     0.08078     0.93520
    11.61348     0.02215     0.09562     0.14970     0.09564     0.08134     0.06994     0.12798     0.06992     0.08132     0.79361
    11.71248     0.03698     0.13214     0.12690     0.13216     0.10522     0.10052     0.16500     0.10052     0.10522     1.00466
    11.81148     0.02215     0.11296     0.21970     0.11300     0.12714     0.16892     0.19136     0.16894     0.12714     1.25131
    11.90948     0.02042     0.10782     0.15216     0.10782     0.06732     0.17214     0.06206     0.17214     0.06732     0.92921
    12.00848     0.00946     0.06675     0.08142     0.06675     0.13483     0.06792     0.05951     0.06794     0.13481     0.68939
    12.10748     0.00656     0.03036     0.02542     0.03036     0.01521     0.02651     0.02793     0.02651     0.01521     0.20405
    12.20548     0.01022     0.04120     0.05173     0.04120     0.02390     0.02884     0.05921     0.02884     0.02389     0.30904
    12.30448     0.00020     0.00051     0.00104     0.00051     0.00094     0.00061     0.00009     0.00061     0.00094     0.00544
    12.40248     0.00000     0.00000     0.00000     0.00000     0.00000     0.00000     0.00000     0.00000     0.00000     0.00000
    12.50148     0.00043     0.00571     0.00698     0.00168     0.00089     0.00138     0.00661     0.00023     0.00042     0.02433
    12.60048     0.00002     0.00021     0.00025     0.00006     0.00003     0.00005     0.00024     0.00001     0.00002     0.00089
    12.69848     0.00000     0.00000     0.00000     0.00000     0.00000     0.00000     0.00000     0.00000     0.00000     0.00000
    12.79748     0.00000     0.00000     0.00000     0.00000     0.00000     0.00000     0.00000     0.00000     0.00000     0.00000
    12.89648     0.00000     0.00000     0.00000     0.00000     0.00000     0.00000     0.00000     0.00000     0.00000     0.00000
    12.99448     0.00000     0.00000     0.00000     0.00000     0.00000     0.00000     0.00000     0.00000     0.00000     0.00000
    13.09348     0.00000     0.00000     0.00000     0.00000     0.00000     0.00000     0.00000     0.00000     0.00000     0.00000
    13.19148     0.00000     0.00000     0.00000     0.00000     0.00000     0.00000     0.00000     0.00000     0.00000     0.00000
    13.29048     0.00000     0.00000     0.00000     0.00000     0.00000     0.00000     0.00000     0.00000     0.00000     0.00000
    13.38948     0.00000     0.00000     0.00000     0.00000     0.00000     0.00000     0.00000     0.00000     0.00000     0.00000
    13.48748     0.00000     0.00000     0.00000     0.00000     0.00000     0.00000     0.00000     0.00000     0.00000     0.00000
    13.58648     0.00000     0.00000     0.00000     0.00000     0.00000     0.00000     0.00000     0.00000     0.00000     0.00000
    13.68548     0.00000     0.00000     0.00000     0.00000     0.00000     0.00000     0.00000     0.00000     0.00000     0.00000
    13.78348     0.00000     0.00000     0.00000     0.00000     0.00000     0.00000     0.00000     0.00000     0.00000     0.00000
    13.88248     0.00000     0.00000     0.00000     0.00000     0.00000     0.00000     0.00000     0.00000     0.00000     0.00000
