     #Energy           s          py          pz          px         dxy         dyz         dz2         dxz         dx2       tot  
   -15.70752     0.00000     0.00000     0.00000     0.00000     0.00000     0.00000     0.00000     0.00000     0.00000     0.00000
   -15.60852     0.00000     0.00000     0.00000     0.00000     0.00000     0.00000     0.00000     0.00000     0.00000     0.00000
   -15.50952     0.00000     0.00000     0.00000     0.00000     0.00000     0.00000     0.00000     0.00000     0.00000     0.00000
   -15.41152     0.00000     0.00000     0.00000     0.00000     0.00000     0.00000     0.00000     0.00000     0.00000     0.00000
   -15.31252     0.00000     0.00000     0.00000     0.00000     0.00000     0.00000     0.00000     0.00000     0.00000     0.00000
   -15.21352     0.00000     0.00000     0.00000     0.00000     0.00000     0.00000     0.00000     0.00000     0.00000     0.00000
   -15.11552     0.00000     0.00000     0.00000     0.00000     0.00000     0.00000     0.00000     0.00000     0.00000     0.00000
   -15.01652     0.00000     0.00000     0.00000     0.00000     0.00000     0.00000     0.00000     0.00000     0.00000     0.00000
   -14.91752     0.00000     0.00000     0.00000     0.00000     0.00000     0.00000     0.00000     0.00000     0.00000     0.00000
   -14.81952     0.00000     0.00000     0.00000     0.00000     0.00000     0.00000     0.00000     0.00000     0.00000     0.00000
   -14.72052     0.00000     0.00000     0.00000     0.00000     0.00000     0.00000     0.00000     0.00000     0.00000     0.00000
   -14.62252     0.00000     0.00000     0.00000     0.00000     0.00000     0.00000     0.00000     0.00000     0.00000     0.00000
   -14.52352     0.00000     0.00000     0.00000     0.00000     0.00000     0.00000     0.00000     0.00000     0.00000     0.00000
   -14.42452     0.00000     0.00000     0.00000     0.00000     0.00000     0.00000     0.00000     0.00000     0.00000     0.00000
   -14.32652     0.00027     0.00000     0.00000     0.00000     0.00000     0.00000     0.00000     0.00000     0.00000     0.00027
   -14.22752     0.06006     0.00061     0.00000     0.00061     0.00006     0.00003     0.00007     0.00003     0.00006     0.06151
   -14.12852     0.08292     0.00271     0.00000     0.00271     0.00031     0.00015     0.00008     0.00015     0.00031     0.08934
   -14.03052     0.08758     0.00555     0.00001     0.00555     0.00080     0.00047     0.00007     0.00047     0.00080     0.10131
   -13.93152     0.08004     0.00716     0.00003     0.00716     0.00132     0.00085     0.00005     0.00085     0.00132     0.09880
   -13.83352     0.01174     0.00194     0.00002     0.00194     0.00030     0.00019     0.00001     0.00019     0.00030     0.01663
   -13.73452     0.05450     0.01885     0.00012     0.01885     0.00175     0.00095     0.00002     0.00095     0.00175     0.09773
   -13.63552     0.02978     0.01547     0.02226     0.01547     0.00214     0.00183     0.00001     0.00183     0.00214     0.09094
   -13.53752     0.01594     0.05418     0.06914     0.05418     0.00815     0.01223     0.00000     0.01223     0.00815     0.23422
   -13.43852     0.00373     0.05506     0.05904     0.05506     0.02254     0.04074     0.00000     0.04074     0.02254     0.29945
   -13.33952     0.00484     0.01296     0.01412     0.01296     0.04244     0.08906     0.00000     0.08906     0.04244     0.30789
   -13.24152     0.00000     0.00000     0.00000     0.00000     0.00000     0.00000     0.00000     0.00000     0.00000     0.00001
   -13.14252     0.00000     0.00000     0.00000     0.00000     0.00000     0.00000     0.00000     0.00000     0.00000     0.00000
   -13.04352     0.00000     0.00000     0.00000     0.00000     0.00000     0.00000     0.00000     0.00000     0.00000     0.00000
   -12.94552     0.00000     0.00000     0.00000     0.00000     0.00000     0.00000     0.00000     0.00000     0.00000     0.00000
   -12.84652     0.00000     0.00000     0.00000     0.00000     0.00000     0.00000     0.00000     0.00000     0.00000     0.00000
   -12.74852     0.00000     0.00000     0.00000     0.00000     0.00000     0.00000     0.00000     0.00000     0.00000     0.00000
   -12.64952     0.00000     0.00000     0.00000     0.00000     0.00000     0.00000     0.00000     0.00000     0.00000     0.00000
   -12.55052     0.00000     0.00000     0.00000     0.00000     0.00000     0.00000     0.00000     0.00000     0.00000     0.00000
   -12.45252     0.00000     0.00000     0.00000     0.00000     0.00000     0.00000     0.00000     0.00000     0.00000     0.00000
   -12.35352     0.00000     0.00000     0.00000     0.00000     0.00000     0.00000     0.00000     0.00000     0.00000     0.00000
   -12.25452     0.00000     0.00000     0.00000     0.00000     0.00000     0.00000     0.00000     0.00000     0.00000     0.00000
   -12.15652     0.00000     0.00000     0.00000     0.00000     0.00000     0.00000     0.00000     0.00000     0.00000     0.00000
   -12.05752     0.00000     0.00000     0.00000     0.00000     0.00000     0.00000     0.00000     0.00000     0.00000     0.00000
   -11.95952     0.00000     0.00000     0.00000     0.00000     0.00000     0.00000     0.00000     0.00000     0.00000     0.00000
   -11.86052     0.00000     0.00000     0.00000     0.00000     0.00000     0.00000     0.00000     0.00000     0.00000     0.00000
   -11.76152     0.00000     0.00000     0.00000     0.00000     0.00000     0.00000     0.00000     0.00000     0.00000     0.00000
   -11.66352     0.00000     0.00000     0.00000     0.00000     0.00000     0.00000     0.00000     0.00000     0.00000     0.00000
   -11.56452     0.00000     0.00000     0.00000     0.00000     0.00000     0.00000     0.00000     0.00000     0.00000     0.00000
   -11.46552     0.00000     0.00000     0.00000     0.00000     0.00000     0.00000     0.00000     0.00000     0.00000     0.00000
   -11.36752     0.00000     0.00000     0.00000     0.00000     0.00000     0.00000     0.00000     0.00000     0.00000     0.00000
   -11.26852     0.00000     0.00000     0.00000     0.00000     0.00000     0.00000     0.00000     0.00000     0.00000     0.00000
   -11.16952     0.00000     0.00000     0.00000     0.00000     0.00000     0.00000     0.00000     0.00000     0.00000     0.00000
   -11.07152     0.00000     0.00000     0.00000     0.00000     0.00000     0.00000     0.00000     0.00000     0.00000     0.00000
   -10.97252     0.00000     0.00000     0.00000     0.00000     0.00000     0.00000     0.00000     0.00000     0.00000     0.00000
   -10.87452     0.00000     0.00000     0.00000     0.00000     0.00000     0.00000     0.00000     0.00000     0.00000     0.00000
   -10.77552     0.00000     0.00000     0.00000     0.00000     0.00000     0.00000     0.00000     0.00000     0.00000     0.00000
   -10.67652     0.00000     0.00000     0.00000     0.00000     0.00000     0.00000     0.00000     0.00000     0.00000     0.00000
   -10.57852     0.00000     0.00000     0.00000     0.00000     0.00000     0.00000     0.00000     0.00000     0.00000     0.00000
   -10.47952     0.00000     0.00000     0.00000     0.00000     0.00000     0.00000     0.00000     0.00000     0.00000     0.00000
   -10.38052     0.00000     0.00000     0.00000     0.00000     0.00000     0.00000     0.00000     0.00000     0.00000     0.00000
   -10.28252     0.00000     0.00000     0.00000     0.00000     0.00000     0.00000     0.00000     0.00000     0.00000     0.00000
   -10.18352     0.00000     0.00000     0.00000     0.00000     0.00000     0.00000     0.00000     0.00000     0.00000     0.00000
   -10.08552     0.00000     0.00000     0.00000     0.00000     0.00000     0.00000     0.00000     0.00000     0.00000     0.00000
    -9.98652     0.00000     0.00000     0.00000     0.00000     0.00000     0.00000     0.00000     0.00000     0.00000     0.00000
    -9.88752     0.00000     0.00000     0.00000     0.00000     0.00000     0.00000     0.00000     0.00000     0.00000     0.00000
    -9.78952     0.00000     0.00000     0.00000     0.00000     0.00000     0.00000     0.00000     0.00000     0.00000     0.00000
    -9.69052     0.00000     0.00000     0.00000     0.00000     0.00000     0.00000     0.00000     0.00000     0.00000     0.00000
    -9.59152     0.00000     0.00000     0.00000     0.00000     0.00000     0.00000     0.00000     0.00000     0.00000     0.00000
    -9.49352     0.00000     0.00000     0.00000     0.00000     0.00000     0.00000     0.00000     0.00000     0.00000     0.00000
    -9.39452     0.00000     0.00000     0.00000     0.00000     0.00000     0.00000     0.00000     0.00000     0.00000     0.00000
    -9.29552     0.00000     0.00000     0.00000     0.00000     0.00000     0.00000     0.00000     0.00000     0.00000     0.00000
    -9.19752     0.00000     0.00000     0.00000     0.00000     0.00000     0.00000     0.00000     0.00000     0.00000     0.00000
    -9.09852     0.00000     0.00000     0.00000     0.00000     0.00000     0.00000     0.00000     0.00000     0.00000     0.00000
    -9.00052     0.00000     0.00000     0.00000     0.00000     0.00000     0.00000     0.00000     0.00000     0.00000     0.00000
    -8.90152     0.00000     0.00000     0.00000     0.00000     0.00000     0.00000     0.00000     0.00000     0.00000     0.00000
    -8.80252     0.00000     0.00000     0.00000     0.00000     0.00000     0.00000     0.00000     0.00000     0.00000     0.00000
    -8.70452     0.00000     0.00000     0.00000     0.00000     0.00000     0.00000     0.00000     0.00000     0.00000     0.00000
    -8.60552     0.00000     0.00000     0.00000     0.00000     0.00000     0.00000     0.00000     0.00000     0.00000     0.00000
    -8.50652     0.00000     0.00000     0.00000     0.00000     0.00000     0.00000     0.00000     0.00000     0.00000     0.00000
    -8.40852     0.00000     0.00000     0.00000     0.00000     0.00000     0.00000     0.00000     0.00000     0.00000     0.00000
    -8.30952     0.00000     0.00000     0.00000     0.00000     0.00000     0.00000     0.00000     0.00000     0.00000     0.00000
    -8.21152     0.00000     0.00000     0.00000     0.00000     0.00000     0.00000     0.00000     0.00000     0.00000     0.00000
    -8.11252     0.00000     0.00000     0.00000     0.00000     0.00000     0.00000     0.00000     0.00000     0.00000     0.00000
    -8.01352     0.00000     0.00000     0.00000     0.00000     0.00000     0.00000     0.00000     0.00000     0.00000     0.00000
    -7.91552     0.00000     0.00000     0.00000     0.00000     0.00000     0.00000     0.00000     0.00000     0.00000     0.00000
    -7.81652     0.00000     0.00000     0.00000     0.00000     0.00000     0.00000     0.00000     0.00000     0.00000     0.00000
    -7.71752     0.00000     0.00000     0.00000     0.00000     0.00000     0.00000     0.00000     0.00000     0.00000     0.00000
    -7.61952     0.00000     0.00000     0.00000     0.00000     0.00000     0.00000     0.00000     0.00000     0.00000     0.00000
    -7.52052     0.00000     0.00000     0.00000     0.00000     0.00000     0.00000     0.00000     0.00000     0.00000     0.00000
    -7.42152     0.00000     0.00000     0.00000     0.00000     0.00000     0.00000     0.00000     0.00000     0.00000     0.00000
    -7.32352     0.00000     0.00000     0.00000     0.00000     0.00000     0.00000     0.00000     0.00000     0.00000     0.00000
    -7.22452     0.00000     0.00000     0.00000     0.00000     0.00000     0.00000     0.00000     0.00000     0.00000     0.00000
    -7.12652     0.00000     0.00000     0.00000     0.00000     0.00000     0.00000     0.00000     0.00000     0.00000     0.00000
    -7.02752     0.00000     0.00000     0.00000     0.00000     0.00000     0.00000     0.00000     0.00000     0.00000     0.00000
    -6.92852     0.00000     0.00000     0.00000     0.00000     0.00000     0.00000     0.00000     0.00000     0.00000     0.00000
    -6.83052     0.00000     0.00000     0.00000     0.00000     0.00000     0.00000     0.00000     0.00000     0.00000     0.00000
    -6.73152     0.00000     0.00000     0.00000     0.00000     0.00000     0.00000     0.00000     0.00000     0.00000     0.00000
    -6.63252     0.00000     0.00000     0.00000     0.00000     0.00000     0.00000     0.00000     0.00000     0.00000     0.00000
    -6.53452     0.00000     0.00000     0.00000     0.00000     0.00000     0.00000     0.00000     0.00000     0.00000     0.00000
    -6.43552     0.00000     0.00000     0.00000     0.00000     0.00000     0.00000     0.00000     0.00000     0.00000     0.00000
    -6.33752     0.00000     0.00000     0.00000     0.00000     0.00000     0.00000     0.00000     0.00000     0.00000     0.00000
    -6.23852     0.00000     0.00000     0.00000     0.00000     0.00000     0.00000     0.00000     0.00000     0.00000     0.00000
    -6.13952     0.00000     0.00000     0.00000     0.00000     0.00000     0.00000     0.00000     0.00000     0.00000     0.00000
    -6.04152     0.00000     0.00000     0.00000     0.00000     0.00000     0.00000     0.00000     0.00000     0.00000     0.00000
    -5.94252     0.00000     0.00000     0.00000     0.00000     0.00000     0.00000     0.00000     0.00000     0.00000     0.00000
    -5.84352     0.00000     0.00000     0.00000     0.00000     0.00000     0.00000     0.00000     0.00000     0.00000     0.00000
    -5.74552     0.00000     0.00000     0.00000     0.00000     0.00000     0.00000     0.00000     0.00000     0.00000     0.00000
    -5.64652     0.00000     0.00000     0.00000     0.00000     0.00000     0.00000     0.00000     0.00000     0.00000     0.00000
    -5.54752     0.00000     0.00000     0.00000     0.00000     0.00000     0.00000     0.00000     0.00000     0.00000     0.00000
    -5.44952     0.00000     0.00000     0.00000     0.00000     0.00000     0.00000     0.00000     0.00000     0.00000     0.00000
    -5.35052     0.00000     0.00000     0.00000     0.00000     0.00000     0.00000     0.00000     0.00000     0.00000     0.00000
    -5.25252     0.00000     0.00000     0.00000     0.00000     0.00000     0.00000     0.00000     0.00000     0.00000     0.00000
    -5.15352     0.00000     0.00000     0.00000     0.00000     0.00000     0.00000     0.00000     0.00000     0.00000     0.00000
    -5.05452     0.00000     0.00000     0.00000     0.00000     0.00000     0.00000     0.00000     0.00000     0.00000     0.00000
    -4.95652     0.00000     0.00000     0.00000     0.00000     0.00000     0.00000     0.00000     0.00000     0.00000     0.00000
    -4.85752     0.00000     0.00000     0.00000     0.00000     0.00000     0.00000     0.00000     0.00000     0.00000     0.00000
    -4.75852     0.00000     0.00000     0.00000     0.00000     0.00000     0.00000     0.00000     0.00000     0.00000     0.00000
    -4.66052     0.00000     0.00000     0.00000     0.00000     0.00000     0.00000     0.00000     0.00000     0.00000     0.00000
    -4.56152     0.00000     0.00000     0.00000     0.00000     0.00000     0.00000     0.00000     0.00000     0.00000     0.00000
    -4.46352     0.00000     0.00000     0.00000     0.00000     0.00000     0.00000     0.00000     0.00000     0.00000     0.00000
    -4.36452     0.00000     0.00000     0.00000     0.00000     0.00000     0.00000     0.00000     0.00000     0.00000     0.00000
    -4.26552     0.06160     0.00008     0.00000     0.00008     0.02198     0.01740     0.00529     0.01740     0.02198     0.14580
    -4.16752     0.89680     0.00279     0.00022     0.00279     0.17140     0.14910     0.19514     0.14910     0.17140     1.73874
    -4.06852     0.24920     0.00057     0.00029     0.00057     0.07578     0.05468     0.02020     0.05468     0.07578     0.53175
    -3.96952     0.05224     0.00006     0.00003     0.00006     0.01184     0.00802     0.07242     0.00802     0.01184     0.16454
    -3.87152     0.42700     0.00111     0.00007     0.00111     0.14450     0.09220     0.60040     0.09220     0.14450     1.50310
    -3.77252     0.42160     0.00349     0.00010     0.00349     0.16510     0.10734     0.29500     0.10734     0.16510     1.26856
    -3.67352     0.10684     0.00642     0.00006     0.00642     0.15310     0.04292     0.09388     0.04292     0.15310     0.60565
    -3.57552     0.05010     0.06052     0.00486     0.06052     0.97500     0.21240     0.36680     0.21240     0.97500     2.91760
    -3.47652     0.00838     0.04090     0.00611     0.04090     0.49320     0.24980     0.12104     0.24980     0.49320     1.70332
    -3.37852     0.02832     0.05654     0.02072     0.05654     0.39000     0.35120     0.34600     0.35120     0.39000     1.99052
    -3.27952     0.03140     0.08378     0.10104     0.08378     0.36920     0.35740     0.86260     0.35740     0.36920     2.61580
    -3.18052     0.04264     0.17802     0.18384     0.17802     0.65900     0.27120     3.46000     0.27120     0.65900     5.90292
    -3.08252     0.00220     0.00652     0.01740     0.00652     0.05936     0.01808     0.11730     0.01808     0.05936     0.30482
    -2.98352     0.00107     0.01348     0.04822     0.01348     0.16928     0.05684     0.00190     0.05684     0.16928     0.53039
    -2.88452     0.00109     0.02506     0.05932     0.02506     0.33580     0.05720     0.01388     0.05720     0.33580     0.91041
    -2.78652     0.06002     0.01826     0.03746     0.01826     0.39780     0.17062     0.04322     0.17062     0.39780     1.31407
    -2.68752     0.03096     0.03114     0.24360     0.03114     0.39420     1.71160     0.05184     1.71160     0.39420     4.60028
    -2.58952     0.07146     0.01275     0.00450     0.01275     0.45660     0.67340     0.15696     0.67340     0.45660     2.51842
    -2.49052     0.08202     0.01821     0.00259     0.01821     0.31840     0.32080     0.29840     0.32080     0.31840     1.69783
    -2.39152     0.19668     0.03684     0.00356     0.03684     0.73060     0.34900     1.09560     0.34900     0.73060     3.52872
    -2.29352     0.05848     0.01075     0.00577     0.01075     0.44380     0.50360     0.14376     0.50360     0.44380     2.12431
    -2.19452     0.08170     0.01353     0.00600     0.01353     0.94680     0.71040     0.49320     0.71040     0.94680     3.92237
    -2.09552     0.16538     0.01305     0.00918     0.01305     1.82380     1.18560     1.51460     1.18560     1.82380     7.73406
    -1.99752     0.09776     0.03696     0.01717     0.03696     0.70320     0.93280     1.07700     0.93280     0.70320     4.53785
    -1.89852     0.00789     0.02158     0.02404     0.02158     0.27760     0.26080     0.08120     0.26080     0.27760     1.23309
    -1.80052     0.00300     0.02668     0.03778     0.02668     0.38360     0.26500     0.49440     0.26500     0.38360     1.88574
    -1.70152     0.00799     0.04868     0.03736     0.04868     0.34740     0.20140     0.63300     0.20140     0.34740     1.87331
    -1.60252     0.01599     0.12208     0.03486     0.12208     0.43300     0.31780     1.61480     0.31780     0.43300     3.41141
    -1.50452     0.00360     0.04190     0.02094     0.04190     0.21740     0.03668     0.37720     0.03668     0.21740     0.99370
    -1.40552     0.00592     0.12758     0.04950     0.12758     0.25080     0.09580     0.74340     0.09580     0.25080     1.74718
    -1.30652     0.00297     0.08932     0.08646     0.08932     0.29560     0.11934     0.35560     0.11934     0.29560     1.45355
    -1.20852     0.00116     0.08300     0.07372     0.08300     0.32640     0.19454     0.13084     0.19454     0.32640     1.41360
    -1.10952     0.00038     0.07096     0.06160     0.07096     0.24200     0.15434     0.15540     0.15434     0.24200     1.15198
    -1.01052     0.00409     0.05552     0.07100     0.05552     0.27960     0.18076     1.04420     0.18076     0.27960     2.15105
    -0.91252     0.00043     0.04366     0.08188     0.04366     0.64680     0.44460     0.24920     0.44460     0.64680     2.60163
    -0.81352     0.00000     0.00162     0.00560     0.00162     0.00838     0.01605     0.00035     0.01605     0.00838     0.05807
    -0.71552     0.00018     0.00096     0.00828     0.00096     0.04348     0.05018     0.01326     0.05018     0.04348     0.21095
    -0.61652     0.00020     0.00116     0.02610     0.00116     0.09484     0.02508     0.04282     0.02508     0.09484     0.31128
    -0.51752     0.00406     0.00743     0.02880     0.00743     0.26780     0.13154     0.96900     0.13154     0.26780     1.81540
    -0.41952     0.00646     0.01628     0.02930     0.01628     0.19438     0.26540     0.56440     0.26540     0.19438     1.55228
    -0.32052     0.00246     0.01022     0.00284     0.01022     0.16416     0.05406     0.09360     0.05406     0.16416     0.55577
    -0.22152     0.00027     0.00783     0.00599     0.00783     0.19158     0.02202     0.03336     0.02202     0.19158     0.48248
    -0.12352     0.00106     0.02866     0.00946     0.02866     0.30440     0.08798     0.02994     0.08798     0.30440     0.88254
    -0.02452     0.00000     0.00997     0.00026     0.00997     0.02798     0.02118     0.00000     0.02118     0.02798     0.11854
     0.07348     0.00000     0.00000     0.00000     0.00000     0.00000     0.00000     0.00000     0.00000     0.00000     0.00000
     0.17248     0.00000     0.00000     0.00000     0.00000     0.00000     0.00000     0.00000     0.00000     0.00000     0.00000
     0.27148     0.00000     0.00000     0.00000     0.00000     0.00000     0.00000     0.00000     0.00000     0.00000     0.00000
     0.36948     0.00000     0.00000     0.00000     0.00000     0.00000     0.00000     0.00000     0.00000     0.00000     0.00000
     0.46848     0.00000     0.00000     0.00000     0.00000     0.00000     0.00000     0.00000     0.00000     0.00000     0.00000
     0.56748     0.00000     0.00000     0.00000     0.00000     0.00000     0.00000     0.00000     0.00000     0.00000     0.00000
     0.66548     0.00000     0.00000     0.00000     0.00000     0.00000     0.00000     0.00000     0.00000     0.00000     0.00000
     0.76448     0.00000     0.00000     0.00000     0.00000     0.00000     0.00000     0.00000     0.00000     0.00000     0.00000
     0.86348     0.00000     0.00000     0.00000     0.00000     0.00000     0.00000     0.00000     0.00000     0.00000     0.00000
     0.96148     0.00000     0.00000     0.00000     0.00000     0.00000     0.00000     0.00000     0.00000     0.00000     0.00000
     1.06048     0.00000     0.00000     0.00000     0.00000     0.00000     0.00000     0.00000     0.00000     0.00000     0.00000
     1.15848     0.00000     0.00000     0.00000     0.00000     0.00000     0.00000     0.00000     0.00000     0.00000     0.00000
     1.25748     0.00000     0.00000     0.00000     0.00000     0.00000     0.00000     0.00000     0.00000     0.00000     0.00000
     1.35648     0.00000     0.00000     0.00000     0.00000     0.00000     0.00000     0.00000     0.00000     0.00000     0.00000
     1.45448     0.00000     0.00000     0.00000     0.00000     0.00000     0.00000     0.00000     0.00000     0.00000     0.00000
     1.55348     0.00000     0.00000     0.00000     0.00000     0.00000     0.00000     0.00000     0.00000     0.00000     0.00000
     1.65248     0.00000     0.00000     0.00000     0.00000     0.00000     0.00000     0.00000     0.00000     0.00000     0.00000
     1.75048     0.00007     0.00026     0.00035     0.00026     0.21240     0.37020     0.00090     0.37020     0.21240     1.16704
     1.84948     0.00118     0.00226     0.00567     0.00226     1.98060     4.15200     0.03254     4.15200     1.98060    12.30911
     1.94748     0.00050     0.00158     0.00430     0.00158     0.70380     1.52480     0.01197     1.52480     0.70380     4.47712
     2.04648     0.00164     0.00182     0.00159     0.00182     0.73120     1.42760     0.00613     1.42760     0.73120     4.33060
     2.14548     0.00019     0.00028     0.00007     0.00028     0.18060     0.30800     0.00052     0.30800     0.18060     0.97854
     2.24348     0.00000     0.00000     0.00000     0.00000     0.00000     0.00000     0.00000     0.00000     0.00000     0.00000
     2.34248     0.00000     0.00000     0.00000     0.00000     0.00000     0.00000     0.00000     0.00000     0.00000     0.00000
     2.44148     0.00000     0.00000     0.00000     0.00000     0.00000     0.00000     0.00000     0.00000     0.00000     0.00000
     2.53948     0.00000     0.00000     0.00000     0.00000     0.00000     0.00000     0.00000     0.00000     0.00000     0.00000
     2.63848     0.00000     0.00000     0.00000     0.00000     0.00000     0.00000     0.00000     0.00000     0.00000     0.00000
     2.73748     0.00000     0.00000     0.00000     0.00000     0.00000     0.00000     0.00000     0.00000     0.00000     0.00000
     2.83548     0.00000     0.00000     0.00000     0.00000     0.00000     0.00000     0.00000     0.00000     0.00000     0.00000
     2.93448     0.00000     0.00000     0.00000     0.00000     0.00000     0.00000     0.00000     0.00000     0.00000     0.00000
     3.03248     0.00000     0.00000     0.00000     0.00000     0.00000     0.00000     0.00000     0.00000     0.00000     0.00000
     3.13148     0.00000     0.00000     0.00000     0.00000     0.00000     0.00000     0.00000     0.00000     0.00000     0.00000
     3.23048     0.00000     0.00000     0.00000     0.00000     0.00000     0.00000     0.00000     0.00000     0.00000     0.00000
     3.32848     0.00000     0.00000     0.00000     0.00000     0.00000     0.00000     0.00000     0.00000     0.00000     0.00000
     3.42748     0.00000     0.00000     0.00000     0.00000     0.00000     0.00000     0.00000     0.00000     0.00000     0.00000
     3.52648     0.00000     0.00000     0.00000     0.00000     0.00000     0.00000     0.00000     0.00000     0.00000     0.00000
     3.62448     0.00000     0.00000     0.00000     0.00000     0.00000     0.00000     0.00000     0.00000     0.00000     0.00000
     3.72348     0.00000     0.00000     0.00000     0.00000     0.00000     0.00000     0.00000     0.00000     0.00000     0.00000
     3.82148     0.00000     0.00000     0.00000     0.00000     0.00000     0.00000     0.00000     0.00000     0.00000     0.00000
     3.92048     0.00000     0.00000     0.00000     0.00000     0.00000     0.00000     0.00000     0.00000     0.00000     0.00000
     4.01948     0.00000     0.00000     0.00000     0.00000     0.00000     0.00000     0.00000     0.00000     0.00000     0.00000
     4.11748     0.00000     0.00000     0.00000     0.00000     0.00000     0.00000     0.00000     0.00000     0.00000     0.00000
     4.21648     0.00000     0.00000     0.00000     0.00000     0.00000     0.00000     0.00000     0.00000     0.00000     0.00000
     4.31548     0.00000     0.00000     0.00000     0.00000     0.00000     0.00000     0.00000     0.00000     0.00000     0.00000
     4.41348     0.00000     0.00000     0.00000     0.00000     0.00000     0.00000     0.00000     0.00000     0.00000     0.00000
     4.51248     0.00000     0.00000     0.00000     0.00000     0.00000     0.00000     0.00000     0.00000     0.00000     0.00000
     4.61148     0.00000     0.00000     0.00000     0.00000     0.00000     0.00000     0.00000     0.00000     0.00000     0.00000
     4.70948     0.00000     0.00000     0.00000     0.00000     0.00000     0.00000     0.00000     0.00000     0.00000     0.00000
     4.80848     0.00000     0.00000     0.00000     0.00000     0.00000     0.00000     0.00000     0.00000     0.00000     0.00000
     4.90648     0.00000     0.00000     0.00000     0.00000     0.00000     0.00000     0.00000     0.00000     0.00000     0.00000
     5.00548     0.00000     0.00000     0.00000     0.00000     0.00000     0.00000     0.00000     0.00000     0.00000     0.00000
     5.10448     0.00000     0.00000     0.00000     0.00000     0.00000     0.00000     0.00000     0.00000     0.00000     0.00000
     5.20248     0.00000     0.00000     0.00000     0.00000     0.00000     0.00000     0.00000     0.00000     0.00000     0.00000
     5.30148     0.00000     0.00000     0.00000     0.00000     0.00000     0.00000     0.00000     0.00000     0.00000     0.00000
     5.40048     0.00336     0.00000     0.00000     0.00000     0.00000     0.00000     0.00001     0.00000     0.00000     0.00337
     5.49848     0.00947     0.00000     0.00000     0.00000     0.00000     0.00000     0.00004     0.00000     0.00000     0.00951
     5.59748     0.07282     0.00042     0.00000     0.00042     0.00000     0.00003     0.00011     0.00003     0.00000     0.07384
     5.69548     0.00003     0.00000     0.00000     0.00000     0.00000     0.00000     0.00000     0.00000     0.00000     0.00003
     5.79448     0.03210     0.00052     0.00003     0.00052     0.00001     0.00010     0.00000     0.00010     0.00001     0.03339
     5.89348     0.04536     0.00078     0.00003     0.00078     0.00001     0.00016     0.00000     0.00016     0.00001     0.04731
     5.99148     0.05248     0.00106     0.00000     0.00106     0.00002     0.00026     0.00001     0.00026     0.00002     0.05517
     6.09048     0.00000     0.00000     0.00000     0.00000     0.00000     0.00000     0.00000     0.00000     0.00000     0.00000
     6.18948     0.06322     0.00214     0.00033     0.00214     0.00009     0.00068     0.00016     0.00068     0.00009     0.06951
     6.28748     0.05362     0.00181     0.00028     0.00181     0.00007     0.00057     0.00013     0.00057     0.00007     0.05896
     6.38648     0.06244     0.00156     0.00310     0.00156     0.00009     0.00073     0.00024     0.00073     0.00009     0.07053
     6.48548     0.41740     0.00516     0.01159     0.00516     0.00280     0.00134     0.00012     0.00134     0.00280     0.44771
     6.58348     0.84920     0.02194     0.00970     0.02194     0.00438     0.00425     0.00104     0.00425     0.00438     0.92108
     6.68248     0.57020     0.02588     0.00769     0.02588     0.00288     0.00320     0.00362     0.00320     0.00288     0.64542
     6.78048     0.51360     0.01159     0.00529     0.01159     0.00468     0.00137     0.00737     0.00137     0.00468     0.56155
     6.87948     1.08680     0.04438     0.01256     0.04438     0.00485     0.00303     0.03588     0.00303     0.00485     1.23975
     6.97848     0.16560     0.03116     0.02522     0.03116     0.00654     0.00462     0.00130     0.00462     0.00654     0.27676
     7.07648     0.04050     0.01236     0.03712     0.01236     0.00210     0.00071     0.00087     0.00071     0.00210     0.10882
     7.17548     0.24700     0.08308     0.06342     0.08308     0.01379     0.00608     0.00404     0.00608     0.01379     0.52037
     7.27448     0.24840     0.09360     0.03954     0.09360     0.00675     0.00141     0.00832     0.00141     0.00675     0.49978
     7.37248     0.41140     0.05630     0.09228     0.05630     0.01097     0.00307     0.01369     0.00307     0.01097     0.65804
     7.47148     0.29540     0.05738     0.03748     0.05738     0.01918     0.00725     0.01341     0.00725     0.01918     0.51390
     7.56948     0.38120     0.06752     0.06622     0.06752     0.02190     0.00311     0.01245     0.00311     0.02190     0.64492
     7.66848     0.10524     0.06262     0.09904     0.06262     0.01385     0.00384     0.00285     0.00384     0.01385     0.36774
     7.76748     0.03222     0.03886     0.01767     0.03886     0.01145     0.00165     0.00413     0.00165     0.01145     0.15794
     7.86548     0.03590     0.05892     0.07872     0.05892     0.01898     0.00581     0.00666     0.00581     0.01898     0.28870
     7.96448     0.10180     0.07842     0.04644     0.07842     0.00685     0.00233     0.00669     0.00233     0.00685     0.33013
     8.06348     0.03182     0.05238     0.06462     0.05238     0.01169     0.00233     0.00128     0.00233     0.01169     0.23052
     8.16148     0.06482     0.06742     0.25800     0.06742     0.01042     0.00642     0.01220     0.00642     0.01042     0.50354
     8.26048     0.01150     0.08812     0.15516     0.08812     0.00992     0.00539     0.00616     0.00539     0.00992     0.37968
     8.35948     0.03718     0.13466     0.10958     0.13466     0.01760     0.01875     0.02994     0.01875     0.01760     0.51872
     8.45748     0.02080     0.02838     0.14604     0.02838     0.03056     0.03064     0.04122     0.03064     0.03056     0.38722
     8.55648     0.02012     0.11036     0.16062     0.11036     0.03860     0.03498     0.05250     0.03498     0.03860     0.60112
     8.65448     0.03128     0.12714     0.09906     0.12714     0.02732     0.01535     0.02142     0.01535     0.02732     0.49138
     8.75348     0.03696     0.11778     0.07116     0.11778     0.02210     0.01592     0.03058     0.01592     0.02210     0.45031
     8.85248     0.02442     0.02806     0.08286     0.02806     0.01664     0.01647     0.02052     0.01647     0.01664     0.25014
     8.95048     0.05554     0.05032     0.08546     0.05032     0.04450     0.01803     0.03094     0.01803     0.04450     0.39764
     9.04948     0.01731     0.08012     0.06198     0.08012     0.00959     0.01263     0.03146     0.01263     0.00959     0.31544
     9.14848     0.05434     0.06788     0.05828     0.06790     0.04890     0.02874     0.07678     0.02874     0.04890     0.48046
     9.24648     0.07132     0.07714     0.00982     0.07714     0.03164     0.01917     0.06480     0.01917     0.03164     0.40184
     9.34548     0.03554     0.09666     0.01276     0.09666     0.02594     0.01655     0.03960     0.01655     0.02596     0.36622
     9.44348     0.04634     0.09012     0.09330     0.09012     0.04144     0.03304     0.08720     0.03304     0.04144     0.55604
     9.54248     0.07248     0.18342     0.17508     0.18342     0.04304     0.03328     0.09532     0.03328     0.04304     0.86236
     9.64148     0.02932     0.03342     0.05318     0.03342     0.02190     0.01629     0.01970     0.01629     0.02190     0.24542
     9.73948     0.04844     0.15320     0.19930     0.15320     0.03348     0.03064     0.08144     0.03064     0.03348     0.76382
     9.83848     0.02452     0.10658     0.18538     0.10658     0.02948     0.01566     0.06148     0.01566     0.02948     0.57482
     9.93748     0.03096     0.13096     0.09294     0.13096     0.04358     0.03276     0.02354     0.03276     0.04358     0.56204
    10.03548     0.01043     0.17116     0.11394     0.17116     0.04726     0.02176     0.02492     0.02176     0.04726     0.62965
    10.13448     0.05066     0.21680     0.15840     0.21680     0.03166     0.01925     0.08808     0.01925     0.03166     0.83257
    10.23348     0.01420     0.16220     0.13574     0.16220     0.01992     0.01147     0.06634     0.01147     0.01992     0.60345
    10.33148     0.00659     0.16160     0.08038     0.16160     0.02996     0.02388     0.02022     0.02388     0.02996     0.53807
    10.43048     0.04138     0.09834     0.06234     0.09834     0.03700     0.01649     0.02258     0.01649     0.03700     0.42996
    10.52848     0.04412     0.10478     0.03946     0.10478     0.02424     0.01308     0.05310     0.01308     0.02424     0.42088
    10.62748     0.04122     0.16478     0.04140     0.16478     0.04272     0.02570     0.06792     0.02570     0.04272     0.61694
    10.72648     0.01663     0.11302     0.07790     0.11302     0.03296     0.02306     0.04946     0.02306     0.03296     0.48207
    10.82448     0.05300     0.11714     0.09044     0.11714     0.04328     0.04424     0.11854     0.04424     0.04328     0.67130
    10.92348     0.02920     0.02262     0.03966     0.02262     0.01904     0.01143     0.04290     0.01143     0.01905     0.21796
    11.02248     0.02232     0.06886     0.05308     0.06886     0.01801     0.02310     0.05600     0.02310     0.01801     0.35134
    11.12048     0.05138     0.08540     0.03848     0.08540     0.03990     0.03122     0.08714     0.03122     0.03990     0.49004
    11.21948     0.04550     0.18250     0.05898     0.18250     0.06678     0.03774     0.02320     0.03774     0.06678     0.70172
    11.31748     0.02854     0.16232     0.07224     0.16232     0.03122     0.02782     0.03572     0.02782     0.03122     0.57922
    11.41648     0.01675     0.11178     0.09684     0.11178     0.04464     0.02296     0.07956     0.02296     0.04464     0.55191
    11.51548     0.01931     0.03000     0.08694     0.03000     0.02312     0.01523     0.06712     0.01523     0.02312     0.31008
    11.61348     0.02622     0.02082     0.07548     0.02082     0.01795     0.01505     0.08290     0.01505     0.01795     0.29226
    11.71248     0.02790     0.04048     0.08172     0.04048     0.02620     0.02068     0.06094     0.02068     0.02620     0.34528
    11.81148     0.03952     0.05126     0.11492     0.05126     0.04499     0.03172     0.09218     0.03172     0.04500     0.50257
    11.90948     0.01819     0.06330     0.05808     0.06330     0.02911     0.01491     0.01314     0.01491     0.02912     0.30407
    12.00848     0.01012     0.01571     0.04358     0.01571     0.05553     0.04334     0.01371     0.04334     0.05553     0.29658
    12.10748     0.00338     0.00996     0.00858     0.00996     0.00359     0.00301     0.00811     0.00301     0.00358     0.05317
    12.20548     0.00733     0.02018     0.00710     0.02018     0.00745     0.00452     0.02262     0.00452     0.00745     0.10136
    12.30448     0.00010     0.00026     0.00003     0.00026     0.00035     0.00017     0.00029     0.00017     0.00035     0.00198
    12.40248     0.00000     0.00000     0.00000     0.00000     0.00000     0.00000     0.00000     0.00000     0.00000     0.00000
    12.50148     0.00285     0.00221     0.00071     0.00221     0.00001     0.00002     0.00133     0.00002     0.00001     0.00938
    12.60048     0.00010     0.00008     0.00003     0.00008     0.00000     0.00000     0.00005     0.00000     0.00000     0.00034
    12.69848     0.00000     0.00000     0.00000     0.00000     0.00000     0.00000     0.00000     0.00000     0.00000     0.00000
    12.79748     0.00000     0.00000     0.00000     0.00000     0.00000     0.00000     0.00000     0.00000     0.00000     0.00000
    12.89648     0.00000     0.00000     0.00000     0.00000     0.00000     0.00000     0.00000     0.00000     0.00000     0.00000
    12.99448     0.00000     0.00000     0.00000     0.00000     0.00000     0.00000     0.00000     0.00000     0.00000     0.00000
    13.09348     0.00000     0.00000     0.00000     0.00000     0.00000     0.00000     0.00000     0.00000     0.00000     0.00000
    13.19148     0.00000     0.00000     0.00000     0.00000     0.00000     0.00000     0.00000     0.00000     0.00000     0.00000
    13.29048     0.00000     0.00000     0.00000     0.00000     0.00000     0.00000     0.00000     0.00000     0.00000     0.00000
    13.38948     0.00000     0.00000     0.00000     0.00000     0.00000     0.00000     0.00000     0.00000     0.00000     0.00000
    13.48748     0.00000     0.00000     0.00000     0.00000     0.00000     0.00000     0.00000     0.00000     0.00000     0.00000
    13.58648     0.00000     0.00000     0.00000     0.00000     0.00000     0.00000     0.00000     0.00000     0.00000     0.00000
    13.68548     0.00000     0.00000     0.00000     0.00000     0.00000     0.00000     0.00000     0.00000     0.00000     0.00000
    13.78348     0.00000     0.00000     0.00000     0.00000     0.00000     0.00000     0.00000     0.00000     0.00000     0.00000
    13.88248     0.00000     0.00000     0.00000     0.00000     0.00000     0.00000     0.00000     0.00000     0.00000     0.00000
