      #Energy        TDOS-UP        TDOS-DOWN
     -15.70752       0.00000       0.00000
     -15.60852       0.00000       0.00000
     -15.50952       0.00000       0.00000
     -15.41152       0.00000       0.00000
     -15.31252       0.00000       0.00000
     -15.21352       0.00000       0.00000
     -15.11552       0.00000       0.00000
     -15.01652       0.00000       0.00000
     -14.91752       0.00000       0.00000
     -14.81952       0.00000       0.00000
     -14.72052       0.00000       0.00000
     -14.62252       0.00000       0.00000
     -14.52352       0.00000       0.00000
     -14.42452       0.00000      -0.00000
     -14.32652       0.00002      -0.00260
     -14.22752       0.00537      -0.00696
     -14.12852       0.00812      -0.00885
     -14.03052       0.00965      -0.01267
     -13.93152       0.00976      -0.00338
     -13.83352       0.00179      -0.01061
     -13.73452       0.01202      -0.01431
     -13.63552       0.01382      -0.04026
     -13.53752       0.04191      -0.04859
     -13.43852       0.05180      -0.05452
     -13.33952       0.04852      -0.00003
     -13.24152       0.00000       0.00000
     -13.14252       0.00000       0.00000
     -13.04352       0.00000       0.00000
     -12.94552       0.00000       0.00000
     -12.84652       0.00000       0.00000
     -12.74852       0.00000       0.00000
     -12.64952       0.00000       0.00000
     -12.55052       0.00000       0.00000
     -12.45252       0.00000       0.00000
     -12.35352       0.00000       0.00000
     -12.25452       0.00000       0.00000
     -12.15652       0.00000       0.00000
     -12.05752       0.00000       0.00000
     -11.95952       0.00000       0.00000
     -11.86052       0.00000       0.00000
     -11.76152       0.00000       0.00000
     -11.66352       0.00000       0.00000
     -11.56452       0.00000       0.00000
     -11.46552       0.00000       0.00000
     -11.36752       0.00000       0.00000
     -11.26852       0.00000       0.00000
     -11.16952       0.00000       0.00000
     -11.07152       0.00000       0.00000
     -10.97252       0.00000       0.00000
     -10.87452       0.00000       0.00000
     -10.77552       0.00000       0.00000
     -10.67652       0.00000       0.00000
     -10.57852       0.00000       0.00000
     -10.47952       0.00000       0.00000
     -10.38052       0.00000       0.00000
     -10.28252       0.00000       0.00000
     -10.18352       0.00000       0.00000
     -10.08552       0.00000       0.00000
      -9.98652       0.00000       0.00000
      -9.88752       0.00000       0.00000
      -9.78952       0.00000       0.00000
      -9.69052       0.00000       0.00000
      -9.59152       0.00000       0.00000
      -9.49352       0.00000       0.00000
      -9.39452       0.00000       0.00000
      -9.29552       0.00000       0.00000
      -9.19752       0.00000       0.00000
      -9.09852       0.00000       0.00000
      -9.00052       0.00000       0.00000
      -8.90152       0.00000       0.00000
      -8.80252       0.00000       0.00000
      -8.70452       0.00000       0.00000
      -8.60552       0.00000       0.00000
      -8.50652       0.00000       0.00000
      -8.40852       0.00000       0.00000
      -8.30952       0.00000       0.00000
      -8.21152       0.00000       0.00000
      -8.11252       0.00000       0.00000
      -8.01352       0.00000       0.00000
      -7.91552       0.00000       0.00000
      -7.81652       0.00000       0.00000
      -7.71752       0.00000       0.00000
      -7.61952       0.00000       0.00000
      -7.52052       0.00000       0.00000
      -7.42152       0.00000       0.00000
      -7.32352       0.00000       0.00000
      -7.22452       0.00000       0.00000
      -7.12652       0.00000       0.00000
      -7.02752       0.00000       0.00000
      -6.92852       0.00000       0.00000
      -6.83052       0.00000       0.00000
      -6.73152       0.00000       0.00000
      -6.63252       0.00000       0.00000
      -6.53452       0.00000       0.00000
      -6.43552       0.00000       0.00000
      -6.33752       0.00000       0.00000
      -6.23852       0.00000       0.00000
      -6.13952       0.00000       0.00000
      -6.04152       0.00000       0.00000
      -5.94252       0.00000       0.00000
      -5.84352       0.00000       0.00000
      -5.74552       0.00000       0.00000
      -5.64652       0.00000       0.00000
      -5.54752       0.00000       0.00000
      -5.44952       0.00000       0.00000
      -5.35052       0.00000       0.00000
      -5.25252       0.00000       0.00000
      -5.15352       0.00000       0.00000
      -5.05452       0.00000       0.00000
      -4.95652       0.00000       0.00000
      -4.85752       0.00000       0.00000
      -4.75852       0.00000       0.00000
      -4.66052       0.00000       0.00000
      -4.56152       0.00000       0.00000
      -4.46352       0.00000       0.00000
      -4.36452       0.00000       0.00000
      -4.26552       0.00189       0.00000
      -4.16752       0.02330       0.00000
      -4.06852       0.00693       0.00000
      -3.96952       0.00187      -0.00000
      -3.87152       0.01629      -0.00899
      -3.77252       0.01425      -0.01860
      -3.67352       0.00572      -0.00536
      -3.57552       0.02298      -0.00012
      -3.47652       0.01364      -0.00255
      -3.37852       0.01724      -0.02867
      -3.27952       0.02562      -0.00331
      -3.18052       0.05102      -0.00751
      -3.08252       0.00301      -0.01876
      -2.98352       0.00683      -0.01952
      -2.88452       0.01057      -0.01982
      -2.78652       0.01284      -0.01523
      -2.68752       0.03954      -0.02073
      -2.58952       0.01898      -0.00987
      -2.49052       0.01419      -0.02251
      -2.39152       0.02467      -0.01149
      -2.29352       0.01261      -0.01729
      -2.19452       0.02045      -0.00708
      -2.09552       0.04337      -0.00783
      -1.99752       0.02994      -0.01323
      -1.89852       0.00933      -0.03550
      -1.80052       0.01314      -0.01330
      -1.70152       0.01425      -0.01944
      -1.60252       0.02449      -0.02483
      -1.50452       0.00860      -0.01756
      -1.40552       0.02136      -0.02051
      -1.30652       0.01993      -0.02106
      -1.20852       0.01936      -0.01536
      -1.10952       0.01606      -0.01892
      -1.01052       0.02715      -0.01506
      -0.91252       0.03017      -0.01805
      -0.81352       0.00373      -0.01661
      -0.71552       0.00997      -0.01857
      -0.61652       0.01329      -0.01740
      -0.51752       0.03703      -0.03888
      -0.41952       0.04521      -0.01441
      -0.32052       0.01460      -0.02089
      -0.22152       0.01437      -0.00351
      -0.12352       0.02591      -0.00001
      -0.02452       0.00536       0.00000
       0.07348       0.00000       0.00000
       0.17248       0.00000       0.00000
       0.27148       0.00000       0.00000
       0.36948       0.00000       0.00000
       0.46848       0.00000       0.00000
       0.56748       0.00000       0.00000
       0.66548       0.00000       0.00000
       0.76448       0.00000       0.00000
       0.86348       0.00000       0.00000
       0.96148       0.00000       0.00000
       1.06048       0.00000       0.00000
       1.15848       0.00000       0.00000
       1.25748       0.00000       0.00000
       1.35648       0.00000       0.00000
       1.45448       0.00000       0.00000
       1.55348       0.00000       0.00000
       1.65248       0.00000       0.00000
       1.75048       0.00652       0.00000
       1.84948       0.06969       0.00000
       1.94748       0.02615       0.00000
       2.04648       0.02670       0.00000
       2.14548       0.00611       0.00000
       2.24348       0.00000       0.00000
       2.34248       0.00000       0.00000
       2.44148       0.00000       0.00000
       2.53948       0.00000       0.00000
       2.63848       0.00000       0.00000
       2.73748       0.00000       0.00000
       2.83548       0.00000       0.00000
       2.93448       0.00000       0.00000
       3.03248       0.00000       0.00000
       3.13148       0.00000       0.00000
       3.23048       0.00000      -0.00000
       3.32848       0.00000      -0.00638
       3.42748       0.00000      -0.02725
       3.52648       0.00000      -0.03225
       3.62448       0.00000      -0.03402
       3.72348       0.00000      -0.06763
       3.82148       0.00000      -0.02267
       3.92048       0.00000      -0.03808
       4.01948       0.00000      -0.03261
       4.11748       0.00000      -0.06241
       4.21648       0.00000      -0.01467
       4.31548       0.00000       0.00000
       4.41348       0.00000       0.00000
       4.51248       0.00000       0.00000
       4.61148       0.00000       0.00000
       4.70948       0.00000       0.00000
       4.80848       0.00000       0.00000
       4.90648       0.00000       0.00000
       5.00548       0.00000       0.00000
       5.10448       0.00000       0.00000
       5.20248       0.00000       0.00000
       5.30148       0.00000       0.00000
       5.40048       0.00011       0.00000
       5.49848       0.00031      -0.00000
       5.59748       0.00250      -0.00026
       5.69548       0.00000      -0.00028
       5.79448       0.00121      -0.00238
       5.89348       0.00173      -0.00000
       5.99148       0.00206      -0.00250
       6.09048       0.00000      -0.00250
       6.18948       0.00271      -0.00001
       6.28748       0.00230      -0.00008
       6.38648       0.00283      -0.00610
       6.48548       0.00760      -0.00284
       6.58348       0.01526      -0.00567
       6.68248       0.01253      -0.00273
       6.78048       0.01144      -0.01028
       6.87948       0.02060      -0.00529
       6.97848       0.01286      -0.00516
       7.07648       0.00773      -0.02675
       7.17548       0.01878      -0.01177
       7.27448       0.01947      -0.02132
       7.37248       0.02195      -0.01965
       7.47148       0.01811      -0.01771
       7.56948       0.01994      -0.01965
       7.66848       0.02149      -0.02068
       7.76748       0.00908      -0.02246
       7.86548       0.01965      -0.01467
       7.96448       0.02089      -0.01965
       8.06348       0.01333      -0.02014
       8.16148       0.02711      -0.02308
       8.26048       0.01877      -0.02657
       8.35948       0.02886      -0.02465
       8.45748       0.02279      -0.02274
       8.55648       0.03693      -0.02878
       8.65448       0.02569      -0.02812
       8.75348       0.02739      -0.02400
       8.85248       0.01826      -0.01637
       8.95048       0.03032      -0.03837
       9.04948       0.01801      -0.02037
       9.14848       0.02808      -0.01677
       9.24648       0.02296      -0.03377
       9.34548       0.02147      -0.02104
       9.44348       0.03582      -0.02023
       9.54248       0.03902      -0.02592
       9.64148       0.01319      -0.02578
       9.73948       0.03516      -0.03356
       9.83848       0.03765      -0.03728
       9.93748       0.03730      -0.04169
      10.03548       0.03112      -0.03620
      10.13448       0.03929      -0.03159
      10.23348       0.03270      -0.03408
      10.33148       0.02646      -0.03517
      10.43048       0.02435      -0.02060
      10.52848       0.02852      -0.02948
      10.62748       0.03947      -0.04016
      10.72648       0.03327      -0.03813
      10.82448       0.04330      -0.02455
      10.92348       0.02100      -0.02874
      11.02248       0.02982      -0.04619
      11.12048       0.04001      -0.03029
      11.21948       0.05583      -0.04631
      11.31748       0.04276      -0.04207
      11.41648       0.04200      -0.04802
      11.51548       0.02548      -0.03830
      11.61348       0.02793      -0.02923
      11.71248       0.03626      -0.03628
      11.81148       0.03971      -0.04137
      11.90948       0.03879      -0.03822
      12.00848       0.02600      -0.03522
      12.10748       0.00797      -0.01094
      12.20548       0.01029      -0.01322
      12.30448       0.00020      -0.00953
      12.40248       0.00000      -0.00032
      12.50148       0.00081      -0.00000
      12.60048       0.00003      -0.00083
      12.69848       0.00000       0.00000
      12.79748       0.00000       0.00000
      12.89648       0.00000       0.00000
      12.99448       0.00000       0.00000
      13.09348       0.00000       0.00000
      13.19148       0.00000       0.00000
      13.29048       0.00000       0.00000
      13.38948       0.00000       0.00000
      13.48748       0.00000       0.00000
      13.58648       0.00000       0.00000
      13.68548       0.00000       0.00000
      13.78348       0.00000       0.00000
      13.88248       0.00000       0.00000
