     #Energy           s          py          pz          px         dxy         dyz         dz2         dxz         dx2       tot  
   -16.29365     0.00000     0.00000     0.00000     0.00000     0.00000     0.00000     0.00000     0.00000     0.00000     0.00000
   -16.19665     0.00000     0.00000     0.00000     0.00000     0.00000     0.00000     0.00000     0.00000     0.00000     0.00000
   -16.10065     0.00000     0.00000     0.00000     0.00000     0.00000     0.00000     0.00000     0.00000     0.00000     0.00000
   -16.00465     0.00000     0.00000     0.00000     0.00000     0.00000     0.00000     0.00000     0.00000     0.00000     0.00000
   -15.90865     0.00000     0.00000     0.00000     0.00000     0.00000     0.00000     0.00000     0.00000     0.00000     0.00000
   -15.81165     0.00000     0.00000     0.00000     0.00000     0.00000     0.00000     0.00000     0.00000     0.00000     0.00000
   -15.71565     0.00000     0.00000     0.00000     0.00000     0.00000     0.00000     0.00000     0.00000     0.00000     0.00000
   -15.61965     0.00000     0.00000     0.00000     0.00000     0.00000     0.00000     0.00000     0.00000     0.00000     0.00000
   -15.52265     0.00000     0.00000     0.00000     0.00000     0.00000     0.00000     0.00000     0.00000     0.00000     0.00000
   -15.42665     0.00000     0.00000     0.00000     0.00000     0.00000     0.00000     0.00000     0.00000     0.00000     0.00000
   -15.33065     0.00000     0.00000     0.00000     0.00000     0.00000     0.00000     0.00000     0.00000     0.00000     0.00000
   -15.23465     0.00000     0.00000     0.00000     0.00000     0.00000     0.00000     0.00000     0.00000     0.00000     0.00000
   -15.13765     0.00000     0.00000     0.00000     0.00000     0.00000     0.00000     0.00000     0.00000     0.00000     0.00000
   -15.04165     0.00000     0.00000     0.00000     0.00000     0.00000     0.00000     0.00000     0.00000     0.00000     0.00000
   -14.94565     0.00000     0.00000     0.00000     0.00000     0.00000     0.00000     0.00000     0.00000     0.00000     0.00000
   -14.84965     0.00000     0.00000     0.00000     0.00000     0.00000     0.00000     0.00000     0.00000     0.00000     0.00000
   -14.75265     0.00000     0.00000     0.00000     0.00000     0.00000     0.00000     0.00000     0.00000     0.00000     0.00000
   -14.65665     0.00000     0.00000     0.00000     0.00000     0.00000     0.00000     0.00000     0.00000     0.00000     0.00000
   -14.56065     7.01820     0.01239     0.01407     0.01324     0.00002     0.00003     0.00092     0.00002     0.00093     7.05982
   -14.46465     6.64520     0.01227     0.01357     0.01295     0.00003     0.00004     0.00089     0.00002     0.00090     6.68586
   -14.36765     9.86230     0.01858     0.02011     0.01946     0.00006     0.00008     0.00136     0.00005     0.00136     9.92337
   -14.27165     3.16190     0.00582     0.00627     0.00606     0.00003     0.00004     0.00044     0.00003     0.00044     3.18101
   -14.17565     5.09960     0.00859     0.00924     0.00893     0.00008     0.00008     0.00066     0.00007     0.00066     5.12790
   -14.07865     9.69080     0.01437     0.01538     0.01497     0.00018     0.00019     0.00111     0.00017     0.00108     9.73825
   -13.98265    29.47080     0.01838     0.01960     0.01879     0.00093     0.00104     0.00215     0.00110     0.00230    29.53510
   -13.88665    96.56200     0.07534     0.07823     0.07893     0.00307     0.00313     0.00746     0.00300     0.00692    96.81808
   -13.79065    66.87700     0.02622     0.02910     0.02777     0.00070     0.00071     0.00471     0.00060     0.00486    66.97167
   -13.69365     0.00000     0.00000     0.00000     0.00000     0.00000     0.00000     0.00000     0.00000     0.00000     0.00000
   -13.59765     0.00000     0.00000     0.00000     0.00000     0.00000     0.00000     0.00000     0.00000     0.00000     0.00000
   -13.50165     0.00000     0.00000     0.00000     0.00000     0.00000     0.00000     0.00000     0.00000     0.00000     0.00000
   -13.40565     0.00000     0.00000     0.00000     0.00000     0.00000     0.00000     0.00000     0.00000     0.00000     0.00000
   -13.30865     0.00000     0.00000     0.00000     0.00000     0.00000     0.00000     0.00000     0.00000     0.00000     0.00000
   -13.21265     0.00000     0.00000     0.00000     0.00000     0.00000     0.00000     0.00000     0.00000     0.00000     0.00000
   -13.11665     0.00000     0.00000     0.00000     0.00000     0.00000     0.00000     0.00000     0.00000     0.00000     0.00000
   -13.02065     0.00000     0.00000     0.00000     0.00000     0.00000     0.00000     0.00000     0.00000     0.00000     0.00000
   -12.92365     0.00000     0.00000     0.00000     0.00000     0.00000     0.00000     0.00000     0.00000     0.00000     0.00000
   -12.82765     0.00000     0.00000     0.00000     0.00000     0.00000     0.00000     0.00000     0.00000     0.00000     0.00000
   -12.73165     0.00000     0.00000     0.00000     0.00000     0.00000     0.00000     0.00000     0.00000     0.00000     0.00000
   -12.63465     0.00000     0.00000     0.00000     0.00000     0.00000     0.00000     0.00000     0.00000     0.00000     0.00000
   -12.53865     0.00000     0.00000     0.00000     0.00000     0.00000     0.00000     0.00000     0.00000     0.00000     0.00000
   -12.44265     0.00000     0.00000     0.00000     0.00000     0.00000     0.00000     0.00000     0.00000     0.00000     0.00000
   -12.34665     0.00000     0.00000     0.00000     0.00000     0.00000     0.00000     0.00000     0.00000     0.00000     0.00000
   -12.24965     0.00000     0.00000     0.00000     0.00000     0.00000     0.00000     0.00000     0.00000     0.00000     0.00000
   -12.15365     0.00000     0.00000     0.00000     0.00000     0.00000     0.00000     0.00000     0.00000     0.00000     0.00000
   -12.05765     0.00000     0.00000     0.00000     0.00000     0.00000     0.00000     0.00000     0.00000     0.00000     0.00000
   -11.96165     0.00000     0.00000     0.00000     0.00000     0.00000     0.00000     0.00000     0.00000     0.00000     0.00000
   -11.86465     0.00000     0.00000     0.00000     0.00000     0.00000     0.00000     0.00000     0.00000     0.00000     0.00000
   -11.76865     0.00000     0.00000     0.00000     0.00000     0.00000     0.00000     0.00000     0.00000     0.00000     0.00000
   -11.67265     0.00000     0.00000     0.00000     0.00000     0.00000     0.00000     0.00000     0.00000     0.00000     0.00000
   -11.57665     0.00000     0.00000     0.00000     0.00000     0.00000     0.00000     0.00000     0.00000     0.00000     0.00000
   -11.47965     0.00000     0.00000     0.00000     0.00000     0.00000     0.00000     0.00000     0.00000     0.00000     0.00000
   -11.38365     0.00000     0.00000     0.00000     0.00000     0.00000     0.00000     0.00000     0.00000     0.00000     0.00000
   -11.28765     0.00000     0.00000     0.00000     0.00000     0.00000     0.00000     0.00000     0.00000     0.00000     0.00000
   -11.19065     0.00000     0.00000     0.00000     0.00000     0.00000     0.00000     0.00000     0.00000     0.00000     0.00000
   -11.09465     0.00000     0.00000     0.00000     0.00000     0.00000     0.00000     0.00000     0.00000     0.00000     0.00000
   -10.99865     0.00000     0.00000     0.00000     0.00000     0.00000     0.00000     0.00000     0.00000     0.00000     0.00000
   -10.90265     0.00000     0.00000     0.00000     0.00000     0.00000     0.00000     0.00000     0.00000     0.00000     0.00000
   -10.80565     0.00000     0.00000     0.00000     0.00000     0.00000     0.00000     0.00000     0.00000     0.00000     0.00000
   -10.70965     0.00000     0.00000     0.00000     0.00000     0.00000     0.00000     0.00000     0.00000     0.00000     0.00000
   -10.61365     0.00000     0.00000     0.00000     0.00000     0.00000     0.00000     0.00000     0.00000     0.00000     0.00000
   -10.51765     0.00000     0.00000     0.00000     0.00000     0.00000     0.00000     0.00000     0.00000     0.00000     0.00000
   -10.42065     0.00000     0.00000     0.00000     0.00000     0.00000     0.00000     0.00000     0.00000     0.00000     0.00000
   -10.32465     0.00000     0.00000     0.00000     0.00000     0.00000     0.00000     0.00000     0.00000     0.00000     0.00000
   -10.22865     0.00000     0.00000     0.00000     0.00000     0.00000     0.00000     0.00000     0.00000     0.00000     0.00000
   -10.13265     0.00000     0.00000     0.00000     0.00000     0.00000     0.00000     0.00000     0.00000     0.00000     0.00000
   -10.03565     0.00000     0.00000     0.00000     0.00000     0.00000     0.00000     0.00000     0.00000     0.00000     0.00000
    -9.93965     0.00000     0.00000     0.00000     0.00000     0.00000     0.00000     0.00000     0.00000     0.00000     0.00000
    -9.84365     0.00000     0.00000     0.00000     0.00000     0.00000     0.00000     0.00000     0.00000     0.00000     0.00000
    -9.74665     0.00000     0.00000     0.00000     0.00000     0.00000     0.00000     0.00000     0.00000     0.00000     0.00000
    -9.65065     0.00000     0.00000     0.00000     0.00000     0.00000     0.00000     0.00000     0.00000     0.00000     0.00000
    -9.55465     0.00000     0.00000     0.00000     0.00000     0.00000     0.00000     0.00000     0.00000     0.00000     0.00000
    -9.45865     0.00000     0.00000     0.00000     0.00000     0.00000     0.00000     0.00000     0.00000     0.00000     0.00000
    -9.36165     0.00000     0.00000     0.00000     0.00000     0.00000     0.00000     0.00000     0.00000     0.00000     0.00000
    -9.26565     0.00000     0.00000     0.00000     0.00000     0.00000     0.00000     0.00000     0.00000     0.00000     0.00000
    -9.16965     0.00000     0.00000     0.00000     0.00000     0.00000     0.00000     0.00000     0.00000     0.00000     0.00000
    -9.07365     0.00000     0.00000     0.00000     0.00000     0.00000     0.00000     0.00000     0.00000     0.00000     0.00000
    -8.97665     0.00000     0.00000     0.00000     0.00000     0.00000     0.00000     0.00000     0.00000     0.00000     0.00000
    -8.88065     0.00000     0.00000     0.00000     0.00000     0.00000     0.00000     0.00000     0.00000     0.00000     0.00000
    -8.78465     0.00000     0.00000     0.00000     0.00000     0.00000     0.00000     0.00000     0.00000     0.00000     0.00000
    -8.68765     0.00000     0.00000     0.00000     0.00000     0.00000     0.00000     0.00000     0.00000     0.00000     0.00000
    -8.59165     0.00000     0.00000     0.00000     0.00000     0.00000     0.00000     0.00000     0.00000     0.00000     0.00000
    -8.49565     0.00000     0.00000     0.00000     0.00000     0.00000     0.00000     0.00000     0.00000     0.00000     0.00000
    -8.39965     0.00000     0.00000     0.00000     0.00000     0.00000     0.00000     0.00000     0.00000     0.00000     0.00000
    -8.30265     0.00000     0.00000     0.00000     0.00000     0.00000     0.00000     0.00000     0.00000     0.00000     0.00000
    -8.20665     0.00000     0.00000     0.00000     0.00000     0.00000     0.00000     0.00000     0.00000     0.00000     0.00000
    -8.11065     0.00000     0.00000     0.00000     0.00000     0.00000     0.00000     0.00000     0.00000     0.00000     0.00000
    -8.01465     0.00000     0.00000     0.00000     0.00000     0.00000     0.00000     0.00000     0.00000     0.00000     0.00000
    -7.91765     0.00000     0.00000     0.00000     0.00000     0.00000     0.00000     0.00000     0.00000     0.00000     0.00000
    -7.82165     0.00000     0.00000     0.00000     0.00000     0.00000     0.00000     0.00000     0.00000     0.00000     0.00000
    -7.72565     0.00000     0.00000     0.00000     0.00000     0.00000     0.00000     0.00000     0.00000     0.00000     0.00000
    -7.62965     0.00000     0.00000     0.00000     0.00000     0.00000     0.00000     0.00000     0.00000     0.00000     0.00000
    -7.53265     0.00000     0.00000     0.00000     0.00000     0.00000     0.00000     0.00000     0.00000     0.00000     0.00000
    -7.43665     0.00000     0.00000     0.00000     0.00000     0.00000     0.00000     0.00000     0.00000     0.00000     0.00000
    -7.34065     0.00000     0.00000     0.00000     0.00000     0.00000     0.00000     0.00000     0.00000     0.00000     0.00000
    -7.24365     0.00000     0.00000     0.00000     0.00000     0.00000     0.00000     0.00000     0.00000     0.00000     0.00000
    -7.14765     0.00000     0.00000     0.00000     0.00000     0.00000     0.00000     0.00000     0.00000     0.00000     0.00000
    -7.05165     0.00000     0.00000     0.00000     0.00000     0.00000     0.00000     0.00000     0.00000     0.00000     0.00000
    -6.95565     0.00000     0.00000     0.00000     0.00000     0.00000     0.00000     0.00000     0.00000     0.00000     0.00000
    -6.85865     0.00000     0.00000     0.00000     0.00000     0.00000     0.00000     0.00000     0.00000     0.00000     0.00000
    -6.76265     0.00000     0.00000     0.00000     0.00000     0.00000     0.00000     0.00000     0.00000     0.00000     0.00000
    -6.66665     0.00000     0.00000     0.00000     0.00000     0.00000     0.00000     0.00000     0.00000     0.00000     0.00000
    -6.57065     0.00000     0.00000     0.00000     0.00000     0.00000     0.00000     0.00000     0.00000     0.00000     0.00000
    -6.47365     0.00000     0.00000     0.00000     0.00000     0.00000     0.00000     0.00000     0.00000     0.00000     0.00000
    -6.37765     0.00000     0.00000     0.00000     0.00000     0.00000     0.00000     0.00000     0.00000     0.00000     0.00000
    -6.28165     0.00000     0.00000     0.00000     0.00000     0.00000     0.00000     0.00000     0.00000     0.00000     0.00000
    -6.18565     0.00000     0.00000     0.00000     0.00000     0.00000     0.00000     0.00000     0.00000     0.00000     0.00000
    -6.08865     0.00000     0.00000     0.00000     0.00000     0.00000     0.00000     0.00000     0.00000     0.00000     0.00000
    -5.99265     0.00000     0.00000     0.00000     0.00000     0.00000     0.00000     0.00000     0.00000     0.00000     0.00000
    -5.89665     0.00000     0.00000     0.00000     0.00000     0.00000     0.00000     0.00000     0.00000     0.00000     0.00000
    -5.79965     0.00000     0.00000     0.00000     0.00000     0.00000     0.00000     0.00000     0.00000     0.00000     0.00000
    -5.70365     0.00000     0.00000     0.00000     0.00000     0.00000     0.00000     0.00000     0.00000     0.00000     0.00000
    -5.60765     0.00000     0.00000     0.00000     0.00000     0.00000     0.00000     0.00000     0.00000     0.00000     0.00000
    -5.51165     0.00000     0.00000     0.00000     0.00000     0.00000     0.00000     0.00000     0.00000     0.00000     0.00000
    -5.41465     0.00000     0.00000     0.00000     0.00000     0.00000     0.00000     0.00000     0.00000     0.00000     0.00000
    -5.31865     0.00000     0.00000     0.00000     0.00000     0.00000     0.00000     0.00000     0.00000     0.00000     0.00000
    -5.22265     0.00000     0.00000     0.00000     0.00000     0.00000     0.00000     0.00000     0.00000     0.00000     0.00000
    -5.12665     0.00000     0.00000     0.00000     0.00000     0.00000     0.00000     0.00000     0.00000     0.00000     0.00000
    -5.02965     0.00000     0.00000     0.00000     0.00000     0.00000     0.00000     0.00000     0.00000     0.00000     0.00000
    -4.93365     0.00000     0.00000     0.00000     0.00000     0.00000     0.00000     0.00000     0.00000     0.00000     0.00000
    -4.83765     0.00000     0.00000     0.00000     0.00000     0.00000     0.00000     0.00000     0.00000     0.00000     0.00000
    -4.74165     0.00000     0.00000     0.00000     0.00000     0.00000     0.00000     0.00000     0.00000     0.00000     0.00000
    -4.64465     0.00000     0.00000     0.00000     0.00000     0.00000     0.00000     0.00000     0.00000     0.00000     0.00000
    -4.54865     0.19540     2.48173     2.23640     2.35927     0.00489     0.00520     0.03257     0.00455     0.03311     7.35313
    -4.45265     0.09875     0.69177     0.64360     0.66504     0.00233     0.00227     0.00678     0.00220     0.00638     2.11913
    -4.35565     0.06162     0.33957     0.32133     0.33128     0.00120     0.00124     0.00320     0.00120     0.00308     1.06371
    -4.25965     0.36875     1.72898     1.88003     1.83027     0.01314     0.01320     0.01158     0.01353     0.01090     5.87038
    -4.16365     0.50768     1.90780     2.12438     2.00964     0.01159     0.01202     0.01624     0.01207     0.01458     6.61600
    -4.06765     0.02161     0.39485     0.40326     0.39661     0.00689     0.00661     0.00141     0.00676     0.00085     1.23886
    -3.97065     0.15968     2.37055     2.06166     2.49368     0.04254     0.02989     0.00647     0.03193     0.00603     7.20244
    -3.87465     0.01992     1.23904     1.19239     1.19785     0.01577     0.01672     0.00265     0.01698     0.00197     3.70330
    -3.77865     0.10175     2.45590     2.48823     2.39985     0.02583     0.02691     0.00656     0.02729     0.00543     7.53776
    -3.68265     0.17333     4.46780     4.36600     4.34780     0.03056     0.03319     0.01562     0.03410     0.01585    13.48426
    -3.58565     0.43692    10.23960     9.23300    10.36640     0.11399     0.11170     0.03555     0.11364     0.03563    30.68642
    -3.48965     0.00000     0.00000     0.00000     0.00000     0.00000     0.00000     0.00000     0.00000     0.00000     0.00000
    -3.39365     0.01548     1.23602     1.22744     1.18087     0.00343     0.00365     0.01074     0.00385     0.00977     3.69126
    -3.29765     0.01735     1.58526     1.32180     1.53843     0.00480     0.00554     0.01317     0.00575     0.01353     4.50562
    -3.20065     0.03606     1.27953     1.18550     1.23749     0.00424     0.00444     0.01421     0.00442     0.01398     3.77986
    -3.10465     0.21266     6.14715     5.76991     5.92704     0.02713     0.02429     0.05037     0.02269     0.05201    18.23325
    -3.00865     0.06348     1.31501     1.15097     1.29173     0.00498     0.00475     0.01775     0.00449     0.01950     3.87266
    -2.91165     0.09743     2.54664     2.69041     2.44524     0.01345     0.00890     0.04496     0.00839     0.03967     7.89509
    -2.81565     0.13568     2.48572     2.05257     2.38658     0.01298     0.01379     0.03200     0.01349     0.03813     7.17095
    -2.71965     0.06763     1.17139     1.11340     1.13305     0.00892     0.00947     0.01676     0.00908     0.01609     3.54579
    -2.62365     0.07428     1.71149     1.75959     1.70622     0.01351     0.01497     0.01964     0.01418     0.01963     5.33351
    -2.52665     0.12306     1.58245     2.12887     1.70091     0.01566     0.01566     0.01869     0.01502     0.01867     5.61900
    -2.43065     0.33895     3.52295     3.74455     3.65990     0.02946     0.03176     0.03265     0.03048     0.04124    11.43193
    -2.33465     0.04866     0.71789     0.23188     0.72830     0.00293     0.00146     0.00240     0.00174     0.00309     1.73836
    -2.23865     0.08816     1.51242     1.57335     1.56217     0.00498     0.00504     0.00841     0.00481     0.00814     4.76748
    -2.14165     0.08183     1.62110     1.74767     1.68925     0.00503     0.00509     0.00916     0.00491     0.00905     5.17309
    -2.04565     0.16865     3.57834     4.29019     3.69914     0.01343     0.01945     0.02196     0.01988     0.02731    11.83835
    -1.94965     0.10419     3.13965     3.63829     3.31851     0.00925     0.00929     0.01918     0.00861     0.02070    10.26766
    -1.85365     0.00151     0.05530     0.08258     0.06268     0.00011     0.00011     0.00009     0.00011     0.00011     0.20260
    -1.75665     0.04558     3.06573     3.55325     3.15118     0.00465     0.00472     0.01332     0.00440     0.01255     9.85539
    -1.66065     0.06681     4.99393     6.29890     5.14381     0.00721     0.00812     0.01770     0.00757     0.01723    16.56128
    -1.56465     0.04146     3.86918     3.77482     3.96235     0.00432     0.00410     0.01320     0.00382     0.01395    11.68719
    -1.46765     0.02758     3.27158     5.54709     3.72013     0.00348     0.00469     0.01889     0.00424     0.01590    12.61359
    -1.37165     0.04323     4.20210     4.00430     4.21960     0.00503     0.00538     0.00980     0.00532     0.00972    12.50448
    -1.27565     0.01186     1.65048     1.07872     1.69945     0.00179     0.00132     0.00270     0.00136     0.00380     4.45148
    -1.17965     0.03914     1.93182     2.09091     2.04510     0.00147     0.00151     0.00339     0.00154     0.00338     6.11826
    -1.08265     0.07956     4.13509     4.40464     4.29299     0.00385     0.00411     0.00686     0.00416     0.00692    12.93818
    -0.98665     0.02574     1.73735     1.60705     1.77467     0.00171     0.00165     0.00278     0.00171     0.00268     5.15534
    -0.89065     0.09395     8.05329     6.88800     7.85678     0.00592     0.00670     0.01124     0.00631     0.01046    22.93264
    -0.79465     0.06925     9.60891    12.01136     9.31905     0.00472     0.00580     0.03110     0.00479     0.02923    31.08421
    -0.69765     0.02909     2.69018     2.94245     2.69297     0.00127     0.00136     0.00382     0.00124     0.00364     8.36602
    -0.60165     0.03616     4.64002     4.48956     4.55247     0.00122     0.00135     0.00568     0.00121     0.00580    13.73346
    -0.50565     0.00990     7.34550     6.80720     6.94200     0.00139     0.00152     0.00958     0.00130     0.01037    21.12875
    -0.40865     0.00000     0.00000     0.00000     0.00000     0.00000     0.00000     0.00000     0.00000     0.00000     0.00000
    -0.31265     0.00000     0.00000     0.00000     0.00000     0.00000     0.00000     0.00000     0.00000     0.00000     0.00000
    -0.21665     0.00000     0.00000     0.00000     0.00000     0.00000     0.00000     0.00000     0.00000     0.00000     0.00000
    -0.12065     0.00000     0.00000     0.00000     0.00000     0.00000     0.00000     0.00000     0.00000     0.00000     0.00000
    -0.02365     0.00000     0.00000     0.00000     0.00000     0.00000     0.00000     0.00000     0.00000     0.00000     0.00000
     0.07235     0.00000     0.00000     0.00000     0.00000     0.00000     0.00000     0.00000     0.00000     0.00000     0.00000
     0.16835     0.00000     0.00000     0.00000     0.00000     0.00000     0.00000     0.00000     0.00000     0.00000     0.00000
     0.26435     0.00000     0.00000     0.00000     0.00000     0.00000     0.00000     0.00000     0.00000     0.00000     0.00000
     0.36135     0.00000     0.00000     0.00000     0.00000     0.00000     0.00000     0.00000     0.00000     0.00000     0.00000
     0.45735     0.00000     0.00000     0.00000     0.00000     0.00000     0.00000     0.00000     0.00000     0.00000     0.00000
     0.55335     0.00000     0.00000     0.00000     0.00000     0.00000     0.00000     0.00000     0.00000     0.00000     0.00000
     0.64935     0.00000     0.00000     0.00000     0.00000     0.00000     0.00000     0.00000     0.00000     0.00000     0.00000
     0.74635     0.00000     0.00000     0.00000     0.00000     0.00000     0.00000     0.00000     0.00000     0.00000     0.00000
     0.84235     0.00000     0.00000     0.00000     0.00000     0.00000     0.00000     0.00000     0.00000     0.00000     0.00000
     0.93835     0.00000     0.00000     0.00000     0.00000     0.00000     0.00000     0.00000     0.00000     0.00000     0.00000
     1.03535     0.00000     0.00000     0.00000     0.00000     0.00000     0.00000     0.00000     0.00000     0.00000     0.00000
     1.13135     0.00000     0.00000     0.00000     0.00000     0.00000     0.00000     0.00000     0.00000     0.00000     0.00000
     1.22735     0.00000     0.00000     0.00000     0.00000     0.00000     0.00000     0.00000     0.00000     0.00000     0.00000
     1.32335     0.00000     0.00000     0.00000     0.00000     0.00000     0.00000     0.00000     0.00000     0.00000     0.00000
     1.42035     1.57229    12.50662     8.73261    12.34218     0.02717     0.02578     0.50316     0.01527     0.44641    36.17150
     1.51635     0.99990     9.09061     8.88374     9.12073     0.02835     0.03531     0.31318     0.02745     0.35120    28.85046
     1.61235     0.07808     1.59749     1.43246     1.53163     0.00218     0.00335     0.06533     0.00209     0.06605     4.77866
     1.70835     0.09785     4.35011     4.20395     4.12651     0.00287     0.00535     0.17433     0.00199     0.16408    13.12704
     1.80535     0.00000     0.00000     0.00000     0.00000     0.00000     0.00000     0.00000     0.00000     0.00000     0.00000
     1.90135     0.00000     0.00000     0.00000     0.00000     0.00000     0.00000     0.00000     0.00000     0.00000     0.00000
     1.99735     0.00000     0.00000     0.00000     0.00000     0.00000     0.00000     0.00000     0.00000     0.00000     0.00000
     2.09335     0.00000     0.00000     0.00000     0.00000     0.00000     0.00000     0.00000     0.00000     0.00000     0.00000
     2.19035     0.00000     0.00000     0.00000     0.00000     0.00000     0.00000     0.00000     0.00000     0.00000     0.00000
     2.28635     0.00000     0.00000     0.00000     0.00000     0.00000     0.00000     0.00000     0.00000     0.00000     0.00000
     2.38235     0.00000     0.00000     0.00000     0.00000     0.00000     0.00000     0.00000     0.00000     0.00000     0.00000
     2.47935     0.00000     0.00000     0.00000     0.00000     0.00000     0.00000     0.00000     0.00000     0.00000     0.00000
     2.57535     0.00000     0.00000     0.00000     0.00000     0.00000     0.00000     0.00000     0.00000     0.00000     0.00000
     2.67135     0.00000     0.00000     0.00000     0.00000     0.00000     0.00000     0.00000     0.00000     0.00000     0.00000
     2.76735     0.00000     0.00000     0.00000     0.00000     0.00000     0.00000     0.00000     0.00000     0.00000     0.00000
     2.86435     0.00000     0.00000     0.00000     0.00000     0.00000     0.00000     0.00000     0.00000     0.00000     0.00000
     2.96035     0.00000     0.00000     0.00000     0.00000     0.00000     0.00000     0.00000     0.00000     0.00000     0.00000
     3.05635     0.00000     0.00000     0.00000     0.00000     0.00000     0.00000     0.00000     0.00000     0.00000     0.00000
     3.15235     0.00000     0.00000     0.00000     0.00000     0.00000     0.00000     0.00000     0.00000     0.00000     0.00000
     3.24935     0.00000     0.00000     0.00000     0.00000     0.00000     0.00000     0.00000     0.00000     0.00000     0.00000
     3.34535     0.00000     0.00000     0.00000     0.00000     0.00000     0.00000     0.00000     0.00000     0.00000     0.00000
     3.44135     0.00000     0.00000     0.00000     0.00000     0.00000     0.00000     0.00000     0.00000     0.00000     0.00000
     3.53735     0.00000     0.00000     0.00000     0.00000     0.00000     0.00000     0.00000     0.00000     0.00000     0.00000
     3.63435     0.00000     0.00000     0.00000     0.00000     0.00000     0.00000     0.00000     0.00000     0.00000     0.00000
     3.73035     0.00000     0.00000     0.00000     0.00000     0.00000     0.00000     0.00000     0.00000     0.00000     0.00000
     3.82635     0.00000     0.00000     0.00000     0.00000     0.00000     0.00000     0.00000     0.00000     0.00000     0.00000
     3.92335     0.00000     0.00000     0.00000     0.00000     0.00000     0.00000     0.00000     0.00000     0.00000     0.00000
     4.01935     0.00000     0.00000     0.00000     0.00000     0.00000     0.00000     0.00000     0.00000     0.00000     0.00000
     4.11535     0.00000     0.00000     0.00000     0.00000     0.00000     0.00000     0.00000     0.00000     0.00000     0.00000
     4.21135     0.00000     0.00000     0.00000     0.00000     0.00000     0.00000     0.00000     0.00000     0.00000     0.00000
     4.30835     0.00000     0.00000     0.00000     0.00000     0.00000     0.00000     0.00000     0.00000     0.00000     0.00000
     4.40435     0.00000     0.00000     0.00000     0.00000     0.00000     0.00000     0.00000     0.00000     0.00000     0.00000
     4.50035     0.00000     0.00000     0.00000     0.00000     0.00000     0.00000     0.00000     0.00000     0.00000     0.00000
     4.59635     0.00000     0.00000     0.00000     0.00000     0.00000     0.00000     0.00000     0.00000     0.00000     0.00000
     4.69335     0.00000     0.00000     0.00000     0.00000     0.00000     0.00000     0.00000     0.00000     0.00000     0.00000
     4.78935     0.00000     0.00000     0.00000     0.00000     0.00000     0.00000     0.00000     0.00000     0.00000     0.00000
     4.88535     0.00000     0.00000     0.00000     0.00000     0.00000     0.00000     0.00000     0.00000     0.00000     0.00000
     4.98135     0.00000     0.00000     0.00000     0.00000     0.00000     0.00000     0.00000     0.00000     0.00000     0.00000
     5.07835     0.12024     0.00878     0.00791     0.00869     0.00010     0.00008     0.00084     0.00008     0.00089     0.14760
     5.17435     0.14401     0.01366     0.01223     0.01332     0.00017     0.00015     0.00111     0.00015     0.00120     0.18600
     5.27035     0.13370     0.01726     0.01533     0.01663     0.00028     0.00027     0.00122     0.00027     0.00133     0.18629
     5.36735     0.13342     0.02150     0.01903     0.02058     0.00045     0.00045     0.00144     0.00047     0.00157     0.19891
     5.46335     0.16874     0.03185     0.02837     0.03038     0.00079     0.00082     0.00207     0.00085     0.00227     0.26612
     5.55935     0.18348     0.03883     0.03478     0.03699     0.00118     0.00123     0.00255     0.00128     0.00280     0.30312
     5.65535     0.11065     0.02863     0.02503     0.02727     0.00133     0.00133     0.00241     0.00140     0.00255     0.20060
     5.75235     0.19241     0.06269     0.06534     0.06414     0.00227     0.00231     0.00421     0.00240     0.00434     0.40010
     5.84835     0.05637     0.01887     0.01839     0.01888     0.00131     0.00123     0.00218     0.00129     0.00208     0.12060
     5.94435     0.23170     0.10182     0.10801     0.10428     0.00530     0.00535     0.02347     0.00525     0.01882     0.60400
     6.04035     0.20408     0.10396     0.10425     0.10214     0.00737     0.00802     0.07879     0.00692     0.06351     0.67904
     6.13735     0.25876     0.24026     0.23391     0.23964     0.01293     0.01878     0.27893     0.01270     0.34968     1.64559
     6.23335     0.84044     0.95418     0.81530     0.95393     0.05643     0.08980     1.05435     0.06669     1.23541     6.06655
     6.32935     0.64159     0.70529     0.64190     0.69625     0.06249     0.07284     0.80300     0.05547     0.93385     4.61268
     6.42635     0.40642     0.51569     0.46934     0.50674     0.05633     0.06770     0.55621     0.05580     0.58554     3.21976
     6.52235     0.28302     0.25131     0.23616     0.24639     0.05455     0.05914     0.25897     0.05696     0.26498     1.71148
     6.61835     0.30100     0.14529     0.13339     0.14899     0.05636     0.05516     0.08119     0.05456     0.07493     1.05086
     6.71435     0.54346     0.25698     0.28621     0.26008     0.09047     0.08514     0.19156     0.08315     0.20995     2.00700
     6.81135     0.80494     0.35062     0.32145     0.35620     0.19790     0.19337     0.23799     0.19133     0.24553     2.89933
     6.90735     0.58577     0.30505     0.33430     0.31120     0.15757     0.14943     0.19166     0.14387     0.18954     2.36838
     7.00335     1.09080     0.55683     0.59105     0.56906     0.33801     0.34374     0.28464     0.33578     0.32176     4.43167
     7.09935     0.26959     0.12334     0.15232     0.12414     0.10423     0.10390     0.07587     0.10163     0.05516     1.11019
     7.19635     0.58108     0.24470     0.23326     0.24880     0.20590     0.23547     0.11724     0.24265     0.11012     2.21922
     7.29235     0.25066     0.10315     0.12160     0.10569     0.11502     0.09456     0.07545     0.09627     0.06589     1.02830
     7.38835     1.33850     0.68875     0.69350     0.67884     0.67434     0.57107     0.50079     0.61210     0.47366     6.23155
     7.48435     0.09298     0.04962     0.04737     0.05034     0.03818     0.04081     0.03364     0.04021     0.03917     0.43233
     7.58135     0.48454     0.23378     0.24047     0.23607     0.20200     0.21133     0.17465     0.21379     0.18723     2.18386
     7.67735     0.23458     0.12151     0.12694     0.12086     0.12031     0.11529     0.09879     0.11523     0.09881     1.15233
     7.77335     0.64950     0.34145     0.32244     0.34255     0.33013     0.33950     0.35626     0.34330     0.34858     3.37370
     7.87035     0.39415     0.20815     0.21123     0.21256     0.19332     0.22741     0.19403     0.23089     0.20120     2.07294
     7.96635     0.53737     0.33803     0.37545     0.34198     0.39055     0.38180     0.26417     0.37775     0.28125     3.28835
     8.06235     0.79234     0.50900     0.52179     0.52072     0.65392     0.64838     0.42899     0.70287     0.40409     5.18210
     8.15835     0.55674     0.33983     0.38628     0.34675     0.38583     0.39750     0.25529     0.40492     0.29182     3.36497
     8.25535     0.43831     0.31688     0.34224     0.32567     0.32658     0.30647     0.33543     0.30699     0.28862     2.98719
     8.35135     0.37594     0.34382     0.33792     0.35281     0.34625     0.36660     0.25688     0.36406     0.25491     2.99920
     8.44735     0.34275     0.40002     0.41578     0.40296     0.42484     0.60589     0.26400     0.60816     0.31614     3.78054
     8.54335     0.14673     0.21452     0.21852     0.21604     0.24164     0.28698     0.18091     0.28154     0.16844     1.95531
     8.64035     0.23509     0.42697     0.48161     0.43990     0.66114     0.64291     0.38241     0.64298     0.28255     4.19557
     8.73635     0.12652     0.24453     0.27585     0.25791     0.32258     0.28261     0.22687     0.30232     0.23365     2.27284
     8.83235     0.16720     0.41612     0.42513     0.42157     0.49129     0.50899     0.38422     0.50327     0.34854     3.66633
     8.92835     0.06320     0.22442     0.22044     0.21550     0.24848     0.23308     0.18587     0.22585     0.17609     1.79294
     9.02535     0.21468     0.59407     0.56130     0.59832     0.57956     0.54280     0.52995     0.55146     0.55770     4.72984
     9.12135     0.12970     0.41542     0.41510     0.41064     0.46298     0.49867     0.45786     0.50443     0.50030     3.79511
     9.21735     0.12155     0.44464     0.44729     0.44587     0.61682     0.53802     0.43864     0.52427     0.60300     4.18010
     9.31435     0.09135     0.31043     0.30806     0.30724     0.40753     0.36799     0.41921     0.37323     0.38368     2.96871
     9.41035     0.14867     0.39207     0.42230     0.39072     0.44290     0.49057     0.49675     0.49057     0.62988     3.90444
     9.50635     0.22468     0.70647     0.66880     0.75727     0.64430     0.77023     0.83663     0.77333     0.75576     6.13747
     9.60235     0.14045     0.59112     0.59767     0.58642     0.62029     0.55045     0.64713     0.54110     0.68523     4.95986
     9.69935     0.10869     0.37056     0.36092     0.36111     0.32921     0.29744     0.40708     0.29844     0.44614     2.97959
     9.79535     0.07692     0.30822     0.35951     0.31100     0.26373     0.26528     0.33216     0.26586     0.31002     2.49269
     9.89135     0.13593     0.48405     0.53790     0.47465     0.43622     0.41170     0.50380     0.40247     0.54030     3.92702
     9.98735     0.09533     0.42453     0.41307     0.41786     0.37404     0.36124     0.42103     0.36186     0.38862     3.25758
    10.08435     0.10592     0.48122     0.51081     0.46944     0.43318     0.45352     0.52388     0.44496     0.53763     3.96056
    10.18035     0.11246     0.46154     0.41195     0.44524     0.44507     0.44946     0.46854     0.44890     0.47816     3.72132
    10.27635     0.07624     0.40056     0.37247     0.39720     0.41485     0.38877     0.45148     0.40087     0.39261     3.29505
    10.37235     0.08379     0.48288     0.45729     0.48691     0.40365     0.48396     0.41341     0.50161     0.42306     3.73656
    10.46935     0.12506     0.73998     0.65523     0.73932     0.66714     0.68602     0.56739     0.70596     0.53143     5.41753
    10.56535     0.11817     0.65377     0.59286     0.64762     0.55428     0.55043     0.40043     0.57893     0.45108     4.54757
    10.66135     0.10934     0.62668     0.59462     0.62648     0.53802     0.59259     0.45533     0.61997     0.43431     4.59734
    10.75835     0.24128     1.40418     1.18155     1.24210     1.33810     1.27286     1.24114     1.48287     1.23062    10.63470
    10.85435     0.10344     0.67828     0.69591     0.66574     0.77139     0.72657     0.90236     0.75909     0.85593     6.15871
    10.95035     0.08234     0.55594     0.52197     0.54513     0.62747     0.61272     0.71230     0.63186     0.64234     4.93207
    11.04635     0.12677     0.86568     0.87321     0.84966     0.82021     0.77670     0.78995     0.80123     0.71856     6.62197
    11.14335     0.00000     0.00000     0.00000     0.00000     0.00000     0.00000     0.00000     0.00000     0.00000     0.00000
    11.23935     0.00000     0.00000     0.00000     0.00000     0.00000     0.00000     0.00000     0.00000     0.00000     0.00000
    11.33535     0.00000     0.00000     0.00000     0.00000     0.00000     0.00000     0.00000     0.00000     0.00000     0.00000
    11.43135     0.00000     0.00000     0.00000     0.00000     0.00000     0.00000     0.00000     0.00000     0.00000     0.00000
    11.52835     0.00000     0.00000     0.00000     0.00000     0.00000     0.00000     0.00000     0.00000     0.00000     0.00000
    11.62435     0.00000     0.00000     0.00000     0.00000     0.00000     0.00000     0.00000     0.00000     0.00000     0.00000
    11.72035     0.00000     0.00000     0.00000     0.00000     0.00000     0.00000     0.00000     0.00000     0.00000     0.00000
    11.81635     0.00000     0.00000     0.00000     0.00000     0.00000     0.00000     0.00000     0.00000     0.00000     0.00000
    11.91335     0.00000     0.00000     0.00000     0.00000     0.00000     0.00000     0.00000     0.00000     0.00000     0.00000
    12.00935     0.00000     0.00000     0.00000     0.00000     0.00000     0.00000     0.00000     0.00000     0.00000     0.00000
    12.10535     0.00000     0.00000     0.00000     0.00000     0.00000     0.00000     0.00000     0.00000     0.00000     0.00000
    12.20235     0.00000     0.00000     0.00000     0.00000     0.00000     0.00000     0.00000     0.00000     0.00000     0.00000
    12.29835     0.00000     0.00000     0.00000     0.00000     0.00000     0.00000     0.00000     0.00000     0.00000     0.00000
    12.39435     0.00000     0.00000     0.00000     0.00000     0.00000     0.00000     0.00000     0.00000     0.00000     0.00000
    12.49035     0.00000     0.00000     0.00000     0.00000     0.00000     0.00000     0.00000     0.00000     0.00000     0.00000
    12.58735     0.00000     0.00000     0.00000     0.00000     0.00000     0.00000     0.00000     0.00000     0.00000     0.00000
