     #Energy           s          py          pz          px         dxy         dyz         dz2         dxz         dx2       tot  
   -16.29365     0.00000     0.00000     0.00000     0.00000     0.00000     0.00000     0.00000     0.00000     0.00000     0.00000
   -16.19665     0.00000     0.00000     0.00000     0.00000     0.00000     0.00000     0.00000     0.00000     0.00000     0.00000
   -16.10065     0.00000     0.00000     0.00000     0.00000     0.00000     0.00000     0.00000     0.00000     0.00000     0.00000
   -16.00465     0.00000     0.00000     0.00000     0.00000     0.00000     0.00000     0.00000     0.00000     0.00000     0.00000
   -15.90865     0.00000     0.00000     0.00000     0.00000     0.00000     0.00000     0.00000     0.00000     0.00000     0.00000
   -15.81165     0.00000     0.00000     0.00000     0.00000     0.00000     0.00000     0.00000     0.00000     0.00000     0.00000
   -15.71565     0.00000     0.00000     0.00000     0.00000     0.00000     0.00000     0.00000     0.00000     0.00000     0.00000
   -15.61965     0.00000     0.00000     0.00000     0.00000     0.00000     0.00000     0.00000     0.00000     0.00000     0.00000
   -15.52265     0.00000     0.00000     0.00000     0.00000     0.00000     0.00000     0.00000     0.00000     0.00000     0.00000
   -15.42665     0.00000     0.00000     0.00000     0.00000     0.00000     0.00000     0.00000     0.00000     0.00000     0.00000
   -15.33065     0.00000     0.00000     0.00000     0.00000     0.00000     0.00000     0.00000     0.00000     0.00000     0.00000
   -15.23465     0.00000     0.00000     0.00000     0.00000     0.00000     0.00000     0.00000     0.00000     0.00000     0.00000
   -15.13765     0.00000     0.00000     0.00000     0.00000     0.00000     0.00000     0.00000     0.00000     0.00000     0.00000
   -15.04165     0.00000     0.00000     0.00000     0.00000     0.00000     0.00000     0.00000     0.00000     0.00000     0.00000
   -14.94565     0.00000     0.00000     0.00000     0.00000     0.00000     0.00000     0.00000     0.00000     0.00000     0.00000
   -14.84965     0.00000     0.00000     0.00000     0.00000     0.00000     0.00000     0.00000     0.00000     0.00000     0.00000
   -14.75265     0.00000     0.00000     0.00000     0.00000     0.00000     0.00000     0.00000     0.00000     0.00000     0.00000
   -14.65665     0.00000     0.00000     0.00000     0.00000     0.00000     0.00000     0.00000     0.00000     0.00000     0.00000
   -14.56065     0.00773     0.00028     0.00025     0.00027     0.00000     0.00000     0.00000     0.00000     0.00000     0.00854
   -14.46465     0.00788     0.00029     0.00025     0.00028     0.00000     0.00000     0.00000     0.00000     0.00000     0.00870
   -14.36765     0.00425     0.00016     0.00013     0.00015     0.00000     0.00000     0.00000     0.00000     0.00000     0.00469
   -14.27165     0.00128     0.00005     0.00003     0.00004     0.00000     0.00000     0.00000     0.00000     0.00000     0.00141
   -14.17565     0.00124     0.00004     0.00003     0.00004     0.00000     0.00000     0.00000     0.00000     0.00000     0.00136
   -14.07865     0.00193     0.00006     0.00005     0.00006     0.00000     0.00000     0.00000     0.00000     0.00000     0.00211
   -13.98265     0.00432     0.00020     0.00018     0.00019     0.00000     0.00000     0.00000     0.00000     0.00000     0.00487
   -13.88665     0.00864     0.00031     0.00028     0.00029     0.00000     0.00000     0.00000     0.00000     0.00000     0.00952
   -13.79065     0.00549     0.00021     0.00016     0.00020     0.00000     0.00000     0.00000     0.00000     0.00000     0.00606
   -13.69365     0.00000     0.00000     0.00000     0.00000     0.00000     0.00000     0.00000     0.00000     0.00000     0.00000
   -13.59765     0.00000     0.00000     0.00000     0.00000     0.00000     0.00000     0.00000     0.00000     0.00000     0.00000
   -13.50165     0.00000     0.00000     0.00000     0.00000     0.00000     0.00000     0.00000     0.00000     0.00000     0.00000
   -13.40565     0.00000     0.00000     0.00000     0.00000     0.00000     0.00000     0.00000     0.00000     0.00000     0.00000
   -13.30865     0.00000     0.00000     0.00000     0.00000     0.00000     0.00000     0.00000     0.00000     0.00000     0.00000
   -13.21265     0.00000     0.00000     0.00000     0.00000     0.00000     0.00000     0.00000     0.00000     0.00000     0.00000
   -13.11665     0.00000     0.00000     0.00000     0.00000     0.00000     0.00000     0.00000     0.00000     0.00000     0.00000
   -13.02065     0.00000     0.00000     0.00000     0.00000     0.00000     0.00000     0.00000     0.00000     0.00000     0.00000
   -12.92365     0.00000     0.00000     0.00000     0.00000     0.00000     0.00000     0.00000     0.00000     0.00000     0.00000
   -12.82765     0.00000     0.00000     0.00000     0.00000     0.00000     0.00000     0.00000     0.00000     0.00000     0.00000
   -12.73165     0.00000     0.00000     0.00000     0.00000     0.00000     0.00000     0.00000     0.00000     0.00000     0.00000
   -12.63465     0.00000     0.00000     0.00000     0.00000     0.00000     0.00000     0.00000     0.00000     0.00000     0.00000
   -12.53865     0.00000     0.00000     0.00000     0.00000     0.00000     0.00000     0.00000     0.00000     0.00000     0.00000
   -12.44265     0.00000     0.00000     0.00000     0.00000     0.00000     0.00000     0.00000     0.00000     0.00000     0.00000
   -12.34665     0.00000     0.00000     0.00000     0.00000     0.00000     0.00000     0.00000     0.00000     0.00000     0.00000
   -12.24965     0.00000     0.00000     0.00000     0.00000     0.00000     0.00000     0.00000     0.00000     0.00000     0.00000
   -12.15365     0.00000     0.00000     0.00000     0.00000     0.00000     0.00000     0.00000     0.00000     0.00000     0.00000
   -12.05765     0.00000     0.00000     0.00000     0.00000     0.00000     0.00000     0.00000     0.00000     0.00000     0.00000
   -11.96165     0.00000     0.00000     0.00000     0.00000     0.00000     0.00000     0.00000     0.00000     0.00000     0.00000
   -11.86465     0.00000     0.00000     0.00000     0.00000     0.00000     0.00000     0.00000     0.00000     0.00000     0.00000
   -11.76865     0.00000     0.00000     0.00000     0.00000     0.00000     0.00000     0.00000     0.00000     0.00000     0.00000
   -11.67265     0.00000     0.00000     0.00000     0.00000     0.00000     0.00000     0.00000     0.00000     0.00000     0.00000
   -11.57665     0.00000     0.00000     0.00000     0.00000     0.00000     0.00000     0.00000     0.00000     0.00000     0.00000
   -11.47965     0.00000     0.00000     0.00000     0.00000     0.00000     0.00000     0.00000     0.00000     0.00000     0.00000
   -11.38365     0.00000     0.00000     0.00000     0.00000     0.00000     0.00000     0.00000     0.00000     0.00000     0.00000
   -11.28765     0.00000     0.00000     0.00000     0.00000     0.00000     0.00000     0.00000     0.00000     0.00000     0.00000
   -11.19065     0.00000     0.00000     0.00000     0.00000     0.00000     0.00000     0.00000     0.00000     0.00000     0.00000
   -11.09465     0.00000     0.00000     0.00000     0.00000     0.00000     0.00000     0.00000     0.00000     0.00000     0.00000
   -10.99865     0.00000     0.00000     0.00000     0.00000     0.00000     0.00000     0.00000     0.00000     0.00000     0.00000
   -10.90265     0.00000     0.00000     0.00000     0.00000     0.00000     0.00000     0.00000     0.00000     0.00000     0.00000
   -10.80565     0.00000     0.00000     0.00000     0.00000     0.00000     0.00000     0.00000     0.00000     0.00000     0.00000
   -10.70965     0.00000     0.00000     0.00000     0.00000     0.00000     0.00000     0.00000     0.00000     0.00000     0.00000
   -10.61365     0.00000     0.00000     0.00000     0.00000     0.00000     0.00000     0.00000     0.00000     0.00000     0.00000
   -10.51765     0.00000     0.00000     0.00000     0.00000     0.00000     0.00000     0.00000     0.00000     0.00000     0.00000
   -10.42065     0.00000     0.00000     0.00000     0.00000     0.00000     0.00000     0.00000     0.00000     0.00000     0.00000
   -10.32465     0.00000     0.00000     0.00000     0.00000     0.00000     0.00000     0.00000     0.00000     0.00000     0.00000
   -10.22865     0.00000     0.00000     0.00000     0.00000     0.00000     0.00000     0.00000     0.00000     0.00000     0.00000
   -10.13265     0.00000     0.00000     0.00000     0.00000     0.00000     0.00000     0.00000     0.00000     0.00000     0.00000
   -10.03565     0.00000     0.00000     0.00000     0.00000     0.00000     0.00000     0.00000     0.00000     0.00000     0.00000
    -9.93965     0.00000     0.00000     0.00000     0.00000     0.00000     0.00000     0.00000     0.00000     0.00000     0.00000
    -9.84365     0.00000     0.00000     0.00000     0.00000     0.00000     0.00000     0.00000     0.00000     0.00000     0.00000
    -9.74665     0.00000     0.00000     0.00000     0.00000     0.00000     0.00000     0.00000     0.00000     0.00000     0.00000
    -9.65065     0.00000     0.00000     0.00000     0.00000     0.00000     0.00000     0.00000     0.00000     0.00000     0.00000
    -9.55465     0.00000     0.00000     0.00000     0.00000     0.00000     0.00000     0.00000     0.00000     0.00000     0.00000
    -9.45865     0.00000     0.00000     0.00000     0.00000     0.00000     0.00000     0.00000     0.00000     0.00000     0.00000
    -9.36165     0.00000     0.00000     0.00000     0.00000     0.00000     0.00000     0.00000     0.00000     0.00000     0.00000
    -9.26565     0.00000     0.00000     0.00000     0.00000     0.00000     0.00000     0.00000     0.00000     0.00000     0.00000
    -9.16965     0.00000     0.00000     0.00000     0.00000     0.00000     0.00000     0.00000     0.00000     0.00000     0.00000
    -9.07365     0.00000     0.00000     0.00000     0.00000     0.00000     0.00000     0.00000     0.00000     0.00000     0.00000
    -8.97665     0.00000     0.00000     0.00000     0.00000     0.00000     0.00000     0.00000     0.00000     0.00000     0.00000
    -8.88065     0.00000     0.00000     0.00000     0.00000     0.00000     0.00000     0.00000     0.00000     0.00000     0.00000
    -8.78465     0.00000     0.00000     0.00000     0.00000     0.00000     0.00000     0.00000     0.00000     0.00000     0.00000
    -8.68765     0.00000     0.00000     0.00000     0.00000     0.00000     0.00000     0.00000     0.00000     0.00000     0.00000
    -8.59165     0.00000     0.00000     0.00000     0.00000     0.00000     0.00000     0.00000     0.00000     0.00000     0.00000
    -8.49565     0.00000     0.00000     0.00000     0.00000     0.00000     0.00000     0.00000     0.00000     0.00000     0.00000
    -8.39965     0.00000     0.00000     0.00000     0.00000     0.00000     0.00000     0.00000     0.00000     0.00000     0.00000
    -8.30265     0.00000     0.00000     0.00000     0.00000     0.00000     0.00000     0.00000     0.00000     0.00000     0.00000
    -8.20665     0.00000     0.00000     0.00000     0.00000     0.00000     0.00000     0.00000     0.00000     0.00000     0.00000
    -8.11065     0.00000     0.00000     0.00000     0.00000     0.00000     0.00000     0.00000     0.00000     0.00000     0.00000
    -8.01465     0.00000     0.00000     0.00000     0.00000     0.00000     0.00000     0.00000     0.00000     0.00000     0.00000
    -7.91765     0.00000     0.00000     0.00000     0.00000     0.00000     0.00000     0.00000     0.00000     0.00000     0.00000
    -7.82165     0.00000     0.00000     0.00000     0.00000     0.00000     0.00000     0.00000     0.00000     0.00000     0.00000
    -7.72565     0.00000     0.00000     0.00000     0.00000     0.00000     0.00000     0.00000     0.00000     0.00000     0.00000
    -7.62965     0.00000     0.00000     0.00000     0.00000     0.00000     0.00000     0.00000     0.00000     0.00000     0.00000
    -7.53265     0.00000     0.00000     0.00000     0.00000     0.00000     0.00000     0.00000     0.00000     0.00000     0.00000
    -7.43665     0.00000     0.00000     0.00000     0.00000     0.00000     0.00000     0.00000     0.00000     0.00000     0.00000
    -7.34065     0.00000     0.00000     0.00000     0.00000     0.00000     0.00000     0.00000     0.00000     0.00000     0.00000
    -7.24365     0.00000     0.00000     0.00000     0.00000     0.00000     0.00000     0.00000     0.00000     0.00000     0.00000
    -7.14765     0.00000     0.00000     0.00000     0.00000     0.00000     0.00000     0.00000     0.00000     0.00000     0.00000
    -7.05165     0.00000     0.00000     0.00000     0.00000     0.00000     0.00000     0.00000     0.00000     0.00000     0.00000
    -6.95565     0.00000     0.00000     0.00000     0.00000     0.00000     0.00000     0.00000     0.00000     0.00000     0.00000
    -6.85865     0.00000     0.00000     0.00000     0.00000     0.00000     0.00000     0.00000     0.00000     0.00000     0.00000
    -6.76265     0.00000     0.00000     0.00000     0.00000     0.00000     0.00000     0.00000     0.00000     0.00000     0.00000
    -6.66665     0.00000     0.00000     0.00000     0.00000     0.00000     0.00000     0.00000     0.00000     0.00000     0.00000
    -6.57065     0.00000     0.00000     0.00000     0.00000     0.00000     0.00000     0.00000     0.00000     0.00000     0.00000
    -6.47365     0.00000     0.00000     0.00000     0.00000     0.00000     0.00000     0.00000     0.00000     0.00000     0.00000
    -6.37765     0.00000     0.00000     0.00000     0.00000     0.00000     0.00000     0.00000     0.00000     0.00000     0.00000
    -6.28165     0.00000     0.00000     0.00000     0.00000     0.00000     0.00000     0.00000     0.00000     0.00000     0.00000
    -6.18565     0.00000     0.00000     0.00000     0.00000     0.00000     0.00000     0.00000     0.00000     0.00000     0.00000
    -6.08865     0.00000     0.00000     0.00000     0.00000     0.00000     0.00000     0.00000     0.00000     0.00000     0.00000
    -5.99265     0.00000     0.00000     0.00000     0.00000     0.00000     0.00000     0.00000     0.00000     0.00000     0.00000
    -5.89665     0.00000     0.00000     0.00000     0.00000     0.00000     0.00000     0.00000     0.00000     0.00000     0.00000
    -5.79965     0.00000     0.00000     0.00000     0.00000     0.00000     0.00000     0.00000     0.00000     0.00000     0.00000
    -5.70365     0.00000     0.00000     0.00000     0.00000     0.00000     0.00000     0.00000     0.00000     0.00000     0.00000
    -5.60765     0.00000     0.00000     0.00000     0.00000     0.00000     0.00000     0.00000     0.00000     0.00000     0.00000
    -5.51165     0.00000     0.00000     0.00000     0.00000     0.00000     0.00000     0.00000     0.00000     0.00000     0.00000
    -5.41465     0.00000     0.00000     0.00000     0.00000     0.00000     0.00000     0.00000     0.00000     0.00000     0.00000
    -5.31865     0.00000     0.00000     0.00000     0.00000     0.00000     0.00000     0.00000     0.00000     0.00000     0.00000
    -5.22265     0.00000     0.00000     0.00000     0.00000     0.00000     0.00000     0.00000     0.00000     0.00000     0.00000
    -5.12665     0.00000     0.00000     0.00000     0.00000     0.00000     0.00000     0.00000     0.00000     0.00000     0.00000
    -5.02965     0.00000     0.00000     0.00000     0.00000     0.00000     0.00000     0.00000     0.00000     0.00000     0.00000
    -4.93365     0.00000     0.00000     0.00000     0.00000     0.00000     0.00000     0.00000     0.00000     0.00000     0.00000
    -4.83765     0.00000     0.00000     0.00000     0.00000     0.00000     0.00000     0.00000     0.00000     0.00000     0.00000
    -4.74165     0.00000     0.00000     0.00000     0.00000     0.00000     0.00000     0.00000     0.00000     0.00000     0.00000
    -4.64465     0.00000     0.00000     0.00000     0.00000     0.00000     0.00000     0.00000     0.00000     0.00000     0.00000
    -4.54865     0.00209     0.01446     0.01277     0.01379     0.00000     0.00000     0.00000     0.00000     0.00000     0.04312
    -4.45265     0.00034     0.00130     0.00132     0.00126     0.00000     0.00000     0.00000     0.00000     0.00000     0.00422
    -4.35565     0.00013     0.00092     0.00059     0.00090     0.00000     0.00000     0.00000     0.00000     0.00000     0.00254
    -4.25965     0.00483     0.03548     0.02444     0.03622     0.00000     0.00000     0.00000     0.00000     0.00000     0.10098
    -4.16365     0.01012     0.08894     0.05441     0.08628     0.00000     0.00000     0.00000     0.00000     0.00000     0.23975
    -4.06765     0.00639     0.05106     0.06164     0.04709     0.00000     0.00000     0.00000     0.00000     0.00000     0.16619
    -3.97065     0.43170     4.42640     3.75225     4.31810     0.00000     0.00000     0.00000     0.00000     0.00000    12.92845
    -3.87465     0.00230     0.02903     0.02619     0.02752     0.00000     0.00000     0.00000     0.00000     0.00000     0.08503
    -3.77865     0.00181     0.01402     0.01386     0.01391     0.00000     0.00000     0.00000     0.00000     0.00000     0.04359
    -3.68265     0.00188     0.02799     0.03462     0.02929     0.00000     0.00000     0.00000     0.00000     0.00000     0.09378
    -3.58565     0.00572     0.06701     0.09091     0.07173     0.00000     0.00000     0.00000     0.00000     0.00000     0.23537
    -3.48965     0.00000     0.00000     0.00000     0.00000     0.00000     0.00000     0.00000     0.00000     0.00000     0.00000
    -3.39365     0.00016     0.00980     0.01597     0.01113     0.00000     0.00000     0.00000     0.00000     0.00000     0.03705
    -3.29765     0.00021     0.01907     0.02608     0.02199     0.00000     0.00000     0.00000     0.00000     0.00000     0.06735
    -3.20065     0.00022     0.02855     0.03365     0.03268     0.00000     0.00000     0.00000     0.00000     0.00000     0.09510
    -3.10465     0.00086     0.07665     0.07548     0.08605     0.00000     0.00000     0.00000     0.00000     0.00000     0.23903
    -3.00865     0.00023     0.07957     0.09112     0.09091     0.00000     0.00000     0.00000     0.00000     0.00000     0.26183
    -2.91165     0.00062     0.65331     0.76740     0.75000     0.00000     0.00000     0.00000     0.00000     0.00000     2.17133
    -2.81565     0.00014     0.04831     0.06282     0.05562     0.00000     0.00000     0.00000     0.00000     0.00000     0.16688
    -2.71965     0.00013     0.04823     0.06201     0.05556     0.00000     0.00000     0.00000     0.00000     0.00000     0.16592
    -2.62365     0.00029     0.04245     0.06104     0.04861     0.00000     0.00000     0.00000     0.00000     0.00000     0.15239
    -2.52665     0.00086     0.01497     0.01906     0.01642     0.00000     0.00000     0.00000     0.00000     0.00000     0.05132
    -2.43065     0.00121     0.03618     0.04202     0.03733     0.00000     0.00000     0.00000     0.00000     0.00000     0.11674
    -2.33465     0.00021     0.02167     0.02165     0.02326     0.00000     0.00000     0.00000     0.00000     0.00000     0.06678
    -2.23865     0.00073     0.02805     0.03310     0.02769     0.00000     0.00000     0.00000     0.00000     0.00000     0.08957
    -2.14165     0.00088     0.07800     0.08111     0.07141     0.00000     0.00000     0.00000     0.00000     0.00000     0.23140
    -2.04565     0.00472     0.65228     0.74560     0.59178     0.00000     0.00000     0.00000     0.00000     0.00000     1.99438
    -1.94965     0.00354     1.77240     1.14560     1.70300     0.00000     0.00000     0.00000     0.00000     0.00000     4.62454
    -1.85365     0.00000     0.00828     0.00112     0.00822     0.00000     0.00000     0.00000     0.00000     0.00000     0.01762
    -1.75665     0.00039     0.05721     0.07137     0.05466     0.00000     0.00000     0.00000     0.00000     0.00000     0.18363
    -1.66065     0.00100     0.04252     0.05184     0.04133     0.00000     0.00000     0.00000     0.00000     0.00000     0.13670
    -1.56465     0.00079     0.01876     0.02095     0.01897     0.00000     0.00000     0.00000     0.00000     0.00000     0.05947
    -1.46765     0.00067     0.01607     0.02266     0.01626     0.00000     0.00000     0.00000     0.00000     0.00000     0.05566
    -1.37165     0.00065     0.01331     0.01581     0.01450     0.00000     0.00000     0.00000     0.00000     0.00000     0.04427
    -1.27565     0.00026     0.00606     0.00568     0.00652     0.00000     0.00000     0.00000     0.00000     0.00000     0.01851
    -1.17965     0.00105     0.01427     0.01323     0.01578     0.00000     0.00000     0.00000     0.00000     0.00000     0.04432
    -1.08265     0.00111     0.01664     0.01550     0.01819     0.00000     0.00000     0.00000     0.00000     0.00000     0.05145
    -0.98665     0.00021     0.00479     0.00450     0.00521     0.00000     0.00000     0.00000     0.00000     0.00000     0.01471
    -0.89065     0.00141     0.02465     0.02649     0.02762     0.00000     0.00000     0.00000     0.00000     0.00000     0.08017
    -0.79465     0.00188     0.05023     0.04847     0.05573     0.00000     0.00000     0.00000     0.00000     0.00000     0.15631
    -0.69765     0.00102     0.02598     0.03035     0.02974     0.00000     0.00000     0.00000     0.00000     0.00000     0.08707
    -0.60165     0.00127     0.03572     0.04030     0.04073     0.00000     0.00000     0.00000     0.00000     0.00000     0.11802
    -0.50565     0.00051     0.02819     0.03147     0.03220     0.00000     0.00000     0.00000     0.00000     0.00000     0.09236
    -0.40865     0.00000     0.00000     0.00000     0.00000     0.00000     0.00000     0.00000     0.00000     0.00000     0.00000
    -0.31265     0.00000     0.00000     0.00000     0.00000     0.00000     0.00000     0.00000     0.00000     0.00000     0.00000
    -0.21665     0.00000     0.00000     0.00000     0.00000     0.00000     0.00000     0.00000     0.00000     0.00000     0.00000
    -0.12065     0.00000     0.00000     0.00000     0.00000     0.00000     0.00000     0.00000     0.00000     0.00000     0.00000
    -0.02365     0.00000     0.00000     0.00000     0.00000     0.00000     0.00000     0.00000     0.00000     0.00000     0.00000
     0.07235     0.00000     0.00000     0.00000     0.00000     0.00000     0.00000     0.00000     0.00000     0.00000     0.00000
     0.16835     0.00000     0.00000     0.00000     0.00000     0.00000     0.00000     0.00000     0.00000     0.00000     0.00000
     0.26435     0.00000     0.00000     0.00000     0.00000     0.00000     0.00000     0.00000     0.00000     0.00000     0.00000
     0.36135     0.00000     0.00000     0.00000     0.00000     0.00000     0.00000     0.00000     0.00000     0.00000     0.00000
     0.45735     0.00000     0.00000     0.00000     0.00000     0.00000     0.00000     0.00000     0.00000     0.00000     0.00000
     0.55335     0.00000     0.00000     0.00000     0.00000     0.00000     0.00000     0.00000     0.00000     0.00000     0.00000
     0.64935     0.00000     0.00000     0.00000     0.00000     0.00000     0.00000     0.00000     0.00000     0.00000     0.00000
     0.74635     0.00000     0.00000     0.00000     0.00000     0.00000     0.00000     0.00000     0.00000     0.00000     0.00000
     0.84235     0.00000     0.00000     0.00000     0.00000     0.00000     0.00000     0.00000     0.00000     0.00000     0.00000
     0.93835     0.00000     0.00000     0.00000     0.00000     0.00000     0.00000     0.00000     0.00000     0.00000     0.00000
     1.03535     0.00000     0.00000     0.00000     0.00000     0.00000     0.00000     0.00000     0.00000     0.00000     0.00000
     1.13135     0.00000     0.00000     0.00000     0.00000     0.00000     0.00000     0.00000     0.00000     0.00000     0.00000
     1.22735     0.00000     0.00000     0.00000     0.00000     0.00000     0.00000     0.00000     0.00000     0.00000     0.00000
     1.32335     0.00000     0.00000     0.00000     0.00000     0.00000     0.00000     0.00000     0.00000     0.00000     0.00000
     1.42035     0.00411     0.01966     0.02054     0.02178     0.00000     0.00000     0.00000     0.00000     0.00000     0.06608
     1.51635     0.00329     0.02510     0.02643     0.02794     0.00000     0.00000     0.00000     0.00000     0.00000     0.08275
     1.61235     0.00033     0.00201     0.00233     0.00227     0.00000     0.00000     0.00000     0.00000     0.00000     0.00694
     1.70835     0.00050     0.00491     0.00669     0.00565     0.00000     0.00000     0.00000     0.00000     0.00000     0.01775
     1.80535     0.00000     0.00000     0.00000     0.00000     0.00000     0.00000     0.00000     0.00000     0.00000     0.00000
     1.90135     0.00000     0.00000     0.00000     0.00000     0.00000     0.00000     0.00000     0.00000     0.00000     0.00000
     1.99735     0.00000     0.00000     0.00000     0.00000     0.00000     0.00000     0.00000     0.00000     0.00000     0.00000
     2.09335     0.00000     0.00000     0.00000     0.00000     0.00000     0.00000     0.00000     0.00000     0.00000     0.00000
     2.19035     0.00000     0.00000     0.00000     0.00000     0.00000     0.00000     0.00000     0.00000     0.00000     0.00000
     2.28635     0.00000     0.00000     0.00000     0.00000     0.00000     0.00000     0.00000     0.00000     0.00000     0.00000
     2.38235     0.00000     0.00000     0.00000     0.00000     0.00000     0.00000     0.00000     0.00000     0.00000     0.00000
     2.47935     0.00000     0.00000     0.00000     0.00000     0.00000     0.00000     0.00000     0.00000     0.00000     0.00000
     2.57535     0.00000     0.00000     0.00000     0.00000     0.00000     0.00000     0.00000     0.00000     0.00000     0.00000
     2.67135     0.00000     0.00000     0.00000     0.00000     0.00000     0.00000     0.00000     0.00000     0.00000     0.00000
     2.76735     0.00000     0.00000     0.00000     0.00000     0.00000     0.00000     0.00000     0.00000     0.00000     0.00000
     2.86435     0.00000     0.00000     0.00000     0.00000     0.00000     0.00000     0.00000     0.00000     0.00000     0.00000
     2.96035     0.00000     0.00000     0.00000     0.00000     0.00000     0.00000     0.00000     0.00000     0.00000     0.00000
     3.05635     0.00000     0.00000     0.00000     0.00000     0.00000     0.00000     0.00000     0.00000     0.00000     0.00000
     3.15235     0.00000     0.00000     0.00000     0.00000     0.00000     0.00000     0.00000     0.00000     0.00000     0.00000
     3.24935     0.00000     0.00000     0.00000     0.00000     0.00000     0.00000     0.00000     0.00000     0.00000     0.00000
     3.34535     0.00000     0.00000     0.00000     0.00000     0.00000     0.00000     0.00000     0.00000     0.00000     0.00000
     3.44135     0.00000     0.00000     0.00000     0.00000     0.00000     0.00000     0.00000     0.00000     0.00000     0.00000
     3.53735     0.00000     0.00000     0.00000     0.00000     0.00000     0.00000     0.00000     0.00000     0.00000     0.00000
     3.63435     0.00000     0.00000     0.00000     0.00000     0.00000     0.00000     0.00000     0.00000     0.00000     0.00000
     3.73035     0.00000     0.00000     0.00000     0.00000     0.00000     0.00000     0.00000     0.00000     0.00000     0.00000
     3.82635     0.00000     0.00000     0.00000     0.00000     0.00000     0.00000     0.00000     0.00000     0.00000     0.00000
     3.92335     0.00000     0.00000     0.00000     0.00000     0.00000     0.00000     0.00000     0.00000     0.00000     0.00000
     4.01935     0.00000     0.00000     0.00000     0.00000     0.00000     0.00000     0.00000     0.00000     0.00000     0.00000
     4.11535     0.00000     0.00000     0.00000     0.00000     0.00000     0.00000     0.00000     0.00000     0.00000     0.00000
     4.21135     0.00000     0.00000     0.00000     0.00000     0.00000     0.00000     0.00000     0.00000     0.00000     0.00000
     4.30835     0.00000     0.00000     0.00000     0.00000     0.00000     0.00000     0.00000     0.00000     0.00000     0.00000
     4.40435     0.00000     0.00000     0.00000     0.00000     0.00000     0.00000     0.00000     0.00000     0.00000     0.00000
     4.50035     0.00000     0.00000     0.00000     0.00000     0.00000     0.00000     0.00000     0.00000     0.00000     0.00000
     4.59635     0.00000     0.00000     0.00000     0.00000     0.00000     0.00000     0.00000     0.00000     0.00000     0.00000
     4.69335     0.00000     0.00000     0.00000     0.00000     0.00000     0.00000     0.00000     0.00000     0.00000     0.00000
     4.78935     0.00000     0.00000     0.00000     0.00000     0.00000     0.00000     0.00000     0.00000     0.00000     0.00000
     4.88535     0.00000     0.00000     0.00000     0.00000     0.00000     0.00000     0.00000     0.00000     0.00000     0.00000
     4.98135     0.00000     0.00000     0.00000     0.00000     0.00000     0.00000     0.00000     0.00000     0.00000     0.00000
     5.07835     0.00641     0.00427     0.00428     0.00426     0.00000     0.00000     0.00000     0.00000     0.00000     0.01923
     5.17435     0.00841     0.00509     0.00484     0.00494     0.00000     0.00000     0.00000     0.00000     0.00000     0.02328
     5.27035     0.00900     0.00535     0.00484     0.00508     0.00000     0.00000     0.00000     0.00000     0.00000     0.02427
     5.36735     0.00979     0.00637     0.00561     0.00601     0.00000     0.00000     0.00000     0.00000     0.00000     0.02778
     5.46335     0.01112     0.00909     0.00771     0.00856     0.00000     0.00000     0.00000     0.00000     0.00000     0.03649
     5.55935     0.01182     0.01124     0.00939     0.01057     0.00000     0.00000     0.00000     0.00000     0.00000     0.04302
     5.65535     0.01757     0.01052     0.00952     0.00987     0.00000     0.00000     0.00000     0.00000     0.00000     0.04747
     5.75235     0.03925     0.02493     0.02254     0.02355     0.00000     0.00000     0.00000     0.00000     0.00000     0.11027
     5.84835     0.01409     0.00897     0.00815     0.00844     0.00000     0.00000     0.00000     0.00000     0.00000     0.03965
     5.94435     0.04423     0.03690     0.03290     0.03493     0.00000     0.00000     0.00000     0.00000     0.00000     0.14895
     6.04035     0.02524     0.02809     0.02470     0.02655     0.00000     0.00000     0.00000     0.00000     0.00000     0.10459
     6.13735     0.02013     0.03096     0.02646     0.03020     0.00000     0.00000     0.00000     0.00000     0.00000     0.10775
     6.23335     0.08148     0.08435     0.08940     0.08248     0.00000     0.00000     0.00000     0.00000     0.00000     0.33770
     6.32935     0.09488     0.05192     0.05714     0.05245     0.00000     0.00000     0.00000     0.00000     0.00000     0.25640
     6.42635     0.05968     0.03909     0.04951     0.03794     0.00000     0.00000     0.00000     0.00000     0.00000     0.18623
     6.52235     0.02544     0.02572     0.02231     0.02367     0.00000     0.00000     0.00000     0.00000     0.00000     0.09715
     6.61835     0.11701     0.07912     0.07009     0.07349     0.00000     0.00000     0.00000     0.00000     0.00000     0.33971
     6.71435     0.04065     0.03129     0.03188     0.03009     0.00000     0.00000     0.00000     0.00000     0.00000     0.13391
     6.81135     0.03829     0.02787     0.02839     0.02829     0.00000     0.00000     0.00000     0.00000     0.00000     0.12284
     6.90735     0.05116     0.03179     0.02960     0.03214     0.00000     0.00000     0.00000     0.00000     0.00000     0.14469
     7.00335     0.05563     0.04774     0.03823     0.04768     0.00000     0.00000     0.00000     0.00000     0.00000     0.18928
     7.09935     0.02277     0.01263     0.01112     0.01373     0.00000     0.00000     0.00000     0.00000     0.00000     0.06024
     7.19635     0.05508     0.02532     0.02746     0.02588     0.00000     0.00000     0.00000     0.00000     0.00000     0.13373
     7.29235     0.02042     0.01603     0.01570     0.01619     0.00000     0.00000     0.00000     0.00000     0.00000     0.06834
     7.38835     0.11371     0.07987     0.06851     0.08155     0.00000     0.00000     0.00000     0.00000     0.00000     0.34364
     7.48435     0.01546     0.00953     0.00939     0.00965     0.00000     0.00000     0.00000     0.00000     0.00000     0.04403
     7.58135     0.05825     0.03644     0.04225     0.03729     0.00000     0.00000     0.00000     0.00000     0.00000     0.17423
     7.67735     0.03971     0.02500     0.02678     0.02437     0.00000     0.00000     0.00000     0.00000     0.00000     0.11587
     7.77335     0.07756     0.05885     0.05858     0.05903     0.00000     0.00000     0.00000     0.00000     0.00000     0.25402
     7.87035     0.04666     0.03928     0.03369     0.03926     0.00000     0.00000     0.00000     0.00000     0.00000     0.15889
     7.96635     0.05336     0.04959     0.05371     0.05238     0.00000     0.00000     0.00000     0.00000     0.00000     0.20904
     8.06235     0.08865     0.07556     0.06842     0.07757     0.00000     0.00000     0.00000     0.00000     0.00000     0.31020
     8.15835     0.05301     0.06307     0.06527     0.07114     0.00000     0.00000     0.00000     0.00000     0.00000     0.25248
     8.25535     0.04876     0.04578     0.05538     0.04908     0.00000     0.00000     0.00000     0.00000     0.00000     0.19900
     8.35135     0.06566     0.06364     0.06731     0.06550     0.00000     0.00000     0.00000     0.00000     0.00000     0.26211
     8.44735     0.07070     0.10767     0.10968     0.11656     0.00000     0.00000     0.00000     0.00000     0.00000     0.40461
     8.54335     0.05829     0.11554     0.12773     0.13125     0.00000     0.00000     0.00000     0.00000     0.00000     0.43281
     8.64035     0.10237     0.20114     0.27846     0.22198     0.00000     0.00000     0.00000     0.00000     0.00000     0.80395
     8.73635     0.09162     0.27239     0.31339     0.31665     0.00000     0.00000     0.00000     0.00000     0.00000     0.99405
     8.83235     0.11091     0.65277     0.65864     0.73060     0.00000     0.00000     0.00000     0.00000     0.00000     2.15292
     8.92835     0.03069     0.11335     0.12639     0.12822     0.00000     0.00000     0.00000     0.00000     0.00000     0.39865
     9.02535     0.12779     0.16709     0.22437     0.18372     0.00000     0.00000     0.00000     0.00000     0.00000     0.70297
     9.12135     0.07744     0.11987     0.11128     0.12757     0.00000     0.00000     0.00000     0.00000     0.00000     0.43616
     9.21735     0.08156     0.08430     0.07465     0.09346     0.00000     0.00000     0.00000     0.00000     0.00000     0.33397
     9.31435     0.06387     0.04813     0.04923     0.05016     0.00000     0.00000     0.00000     0.00000     0.00000     0.21138
     9.41035     0.07685     0.06439     0.06709     0.06543     0.00000     0.00000     0.00000     0.00000     0.00000     0.27377
     9.50635     0.10673     0.08973     0.10746     0.08991     0.00000     0.00000     0.00000     0.00000     0.00000     0.39384
     9.60235     0.09036     0.06854     0.06340     0.07211     0.00000     0.00000     0.00000     0.00000     0.00000     0.29441
     9.69935     0.04511     0.04072     0.04436     0.04352     0.00000     0.00000     0.00000     0.00000     0.00000     0.17371
     9.79535     0.04744     0.03912     0.04004     0.04160     0.00000     0.00000     0.00000     0.00000     0.00000     0.16819
     9.89135     0.06638     0.05738     0.06534     0.05602     0.00000     0.00000     0.00000     0.00000     0.00000     0.24512
     9.98735     0.07279     0.04987     0.05279     0.05236     0.00000     0.00000     0.00000     0.00000     0.00000     0.22781
    10.08435     0.07896     0.06232     0.05934     0.06667     0.00000     0.00000     0.00000     0.00000     0.00000     0.26730
    10.18035     0.07155     0.05575     0.05709     0.06009     0.00000     0.00000     0.00000     0.00000     0.00000     0.24448
    10.27635     0.08135     0.04305     0.05306     0.04298     0.00000     0.00000     0.00000     0.00000     0.00000     0.22043
    10.37235     0.06259     0.04328     0.04035     0.04491     0.00000     0.00000     0.00000     0.00000     0.00000     0.19112
    10.46935     0.07793     0.06108     0.07889     0.06358     0.00000     0.00000     0.00000     0.00000     0.00000     0.28148
    10.56535     0.08355     0.06135     0.05992     0.06003     0.00000     0.00000     0.00000     0.00000     0.00000     0.26486
    10.66135     0.09589     0.05950     0.05578     0.06110     0.00000     0.00000     0.00000     0.00000     0.00000     0.27227
    10.75835     0.21523     0.18799     0.14374     0.13706     0.00000     0.00000     0.00000     0.00000     0.00000     0.68402
    10.85435     0.11666     0.06209     0.08470     0.06187     0.00000     0.00000     0.00000     0.00000     0.00000     0.32532
    10.95035     0.08934     0.05371     0.05456     0.05496     0.00000     0.00000     0.00000     0.00000     0.00000     0.25256
    11.04635     0.12238     0.08951     0.09275     0.09232     0.00000     0.00000     0.00000     0.00000     0.00000     0.39696
    11.14335     0.00000     0.00000     0.00000     0.00000     0.00000     0.00000     0.00000     0.00000     0.00000     0.00000
    11.23935     0.00000     0.00000     0.00000     0.00000     0.00000     0.00000     0.00000     0.00000     0.00000     0.00000
    11.33535     0.00000     0.00000     0.00000     0.00000     0.00000     0.00000     0.00000     0.00000     0.00000     0.00000
    11.43135     0.00000     0.00000     0.00000     0.00000     0.00000     0.00000     0.00000     0.00000     0.00000     0.00000
    11.52835     0.00000     0.00000     0.00000     0.00000     0.00000     0.00000     0.00000     0.00000     0.00000     0.00000
    11.62435     0.00000     0.00000     0.00000     0.00000     0.00000     0.00000     0.00000     0.00000     0.00000     0.00000
    11.72035     0.00000     0.00000     0.00000     0.00000     0.00000     0.00000     0.00000     0.00000     0.00000     0.00000
    11.81635     0.00000     0.00000     0.00000     0.00000     0.00000     0.00000     0.00000     0.00000     0.00000     0.00000
    11.91335     0.00000     0.00000     0.00000     0.00000     0.00000     0.00000     0.00000     0.00000     0.00000     0.00000
    12.00935     0.00000     0.00000     0.00000     0.00000     0.00000     0.00000     0.00000     0.00000     0.00000     0.00000
    12.10535     0.00000     0.00000     0.00000     0.00000     0.00000     0.00000     0.00000     0.00000     0.00000     0.00000
    12.20235     0.00000     0.00000     0.00000     0.00000     0.00000     0.00000     0.00000     0.00000     0.00000     0.00000
    12.29835     0.00000     0.00000     0.00000     0.00000     0.00000     0.00000     0.00000     0.00000     0.00000     0.00000
    12.39435     0.00000     0.00000     0.00000     0.00000     0.00000     0.00000     0.00000     0.00000     0.00000     0.00000
    12.49035     0.00000     0.00000     0.00000     0.00000     0.00000     0.00000     0.00000     0.00000     0.00000     0.00000
    12.58735     0.00000     0.00000     0.00000     0.00000     0.00000     0.00000     0.00000     0.00000     0.00000     0.00000
