     #Energy           s          py          pz          px         dxy         dyz         dz2         dxz         dx2       tot  
   -16.29365     0.00000     0.00000     0.00000     0.00000     0.00000     0.00000     0.00000     0.00000     0.00000     0.00000
   -16.19665     0.00000     0.00000     0.00000     0.00000     0.00000     0.00000     0.00000     0.00000     0.00000     0.00000
   -16.10065     0.00000     0.00000     0.00000     0.00000     0.00000     0.00000     0.00000     0.00000     0.00000     0.00000
   -16.00465     0.00000     0.00000     0.00000     0.00000     0.00000     0.00000     0.00000     0.00000     0.00000     0.00000
   -15.90865     0.00000     0.00000     0.00000     0.00000     0.00000     0.00000     0.00000     0.00000     0.00000     0.00000
   -15.81165     0.00000     0.00000     0.00000     0.00000     0.00000     0.00000     0.00000     0.00000     0.00000     0.00000
   -15.71565     0.00000     0.00000     0.00000     0.00000     0.00000     0.00000     0.00000     0.00000     0.00000     0.00000
   -15.61965     0.00000     0.00000     0.00000     0.00000     0.00000     0.00000     0.00000     0.00000     0.00000     0.00000
   -15.52265     0.00000     0.00000     0.00000     0.00000     0.00000     0.00000     0.00000     0.00000     0.00000     0.00000
   -15.42665     0.00000     0.00000     0.00000     0.00000     0.00000     0.00000     0.00000     0.00000     0.00000     0.00000
   -15.33065     0.00000     0.00000     0.00000     0.00000     0.00000     0.00000     0.00000     0.00000     0.00000     0.00000
   -15.23465     0.00000     0.00000     0.00000     0.00000     0.00000     0.00000     0.00000     0.00000     0.00000     0.00000
   -15.13765     0.00000     0.00000     0.00000     0.00000     0.00000     0.00000     0.00000     0.00000     0.00000     0.00000
   -15.04165     0.00000     0.00000     0.00000     0.00000     0.00000     0.00000     0.00000     0.00000     0.00000     0.00000
   -14.94565     0.00000     0.00000     0.00000     0.00000     0.00000     0.00000     0.00000     0.00000     0.00000     0.00000
   -14.84965     0.00000     0.00000     0.00000     0.00000     0.00000     0.00000     0.00000     0.00000     0.00000     0.00000
   -14.75265     0.00000     0.00000     0.00000     0.00000     0.00000     0.00000     0.00000     0.00000     0.00000     0.00000
   -14.65665    -0.29428    -0.00296    -0.00258    -0.00278    -0.00008    -0.00009    -0.00041    -0.00009    -0.00044    -0.30373
   -14.56065    -0.39634    -0.01222    -0.01040    -0.01150    -0.00019    -0.00023    -0.00221    -0.00019    -0.00234    -0.43562
   -14.46465    -0.34670    -0.01829    -0.01611    -0.01717    -0.00026    -0.00034    -0.00479    -0.00024    -0.00511    -0.40900
   -14.36765    -0.15092    -0.01308    -0.01144    -0.01230    -0.00018    -0.00024    -0.00387    -0.00015    -0.00400    -0.19618
   -14.27165    -0.05919    -0.00940    -0.00820    -0.00884    -0.00011    -0.00014    -0.00223    -0.00009    -0.00230    -0.09050
   -14.17565    -0.15305    -0.04810    -0.04340    -0.04508    -0.00045    -0.00057    -0.00826    -0.00040    -0.00890    -0.30821
   -14.07865    -0.09445    -0.14627    -0.16778    -0.15722    -0.00051    -0.00118    -0.03436    -0.00046    -0.03462    -0.63685
   -13.98265    -0.03628    -0.34528    -0.33273    -0.33800    -0.00235    -0.00396    -0.09040    -0.00203    -0.09235    -1.24338
   -13.88665    -0.00730    -0.07733    -0.07122    -0.08387    -0.00030    -0.00517    -0.24817    -0.00017    -0.23488    -0.72839
   -13.79065     0.00000     0.00000     0.00000     0.00000     0.00000     0.00000     0.00000     0.00000     0.00000     0.00000
   -13.69365     0.00000     0.00000     0.00000     0.00000     0.00000     0.00000     0.00000     0.00000     0.00000     0.00000
   -13.59765     0.00000     0.00000     0.00000     0.00000     0.00000     0.00000     0.00000     0.00000     0.00000     0.00000
   -13.50165     0.00000     0.00000     0.00000     0.00000     0.00000     0.00000     0.00000     0.00000     0.00000     0.00000
   -13.40565     0.00000     0.00000     0.00000     0.00000     0.00000     0.00000     0.00000     0.00000     0.00000     0.00000
   -13.30865     0.00000     0.00000     0.00000     0.00000     0.00000     0.00000     0.00000     0.00000     0.00000     0.00000
   -13.21265     0.00000     0.00000     0.00000     0.00000     0.00000     0.00000     0.00000     0.00000     0.00000     0.00000
   -13.11665     0.00000     0.00000     0.00000     0.00000     0.00000     0.00000     0.00000     0.00000     0.00000     0.00000
   -13.02065     0.00000     0.00000     0.00000     0.00000     0.00000     0.00000     0.00000     0.00000     0.00000     0.00000
   -12.92365     0.00000     0.00000     0.00000     0.00000     0.00000     0.00000     0.00000     0.00000     0.00000     0.00000
   -12.82765     0.00000     0.00000     0.00000     0.00000     0.00000     0.00000     0.00000     0.00000     0.00000     0.00000
   -12.73165     0.00000     0.00000     0.00000     0.00000     0.00000     0.00000     0.00000     0.00000     0.00000     0.00000
   -12.63465     0.00000     0.00000     0.00000     0.00000     0.00000     0.00000     0.00000     0.00000     0.00000     0.00000
   -12.53865     0.00000     0.00000     0.00000     0.00000     0.00000     0.00000     0.00000     0.00000     0.00000     0.00000
   -12.44265     0.00000     0.00000     0.00000     0.00000     0.00000     0.00000     0.00000     0.00000     0.00000     0.00000
   -12.34665     0.00000     0.00000     0.00000     0.00000     0.00000     0.00000     0.00000     0.00000     0.00000     0.00000
   -12.24965     0.00000     0.00000     0.00000     0.00000     0.00000     0.00000     0.00000     0.00000     0.00000     0.00000
   -12.15365     0.00000     0.00000     0.00000     0.00000     0.00000     0.00000     0.00000     0.00000     0.00000     0.00000
   -12.05765     0.00000     0.00000     0.00000     0.00000     0.00000     0.00000     0.00000     0.00000     0.00000     0.00000
   -11.96165     0.00000     0.00000     0.00000     0.00000     0.00000     0.00000     0.00000     0.00000     0.00000     0.00000
   -11.86465     0.00000     0.00000     0.00000     0.00000     0.00000     0.00000     0.00000     0.00000     0.00000     0.00000
   -11.76865     0.00000     0.00000     0.00000     0.00000     0.00000     0.00000     0.00000     0.00000     0.00000     0.00000
   -11.67265     0.00000     0.00000     0.00000     0.00000     0.00000     0.00000     0.00000     0.00000     0.00000     0.00000
   -11.57665     0.00000     0.00000     0.00000     0.00000     0.00000     0.00000     0.00000     0.00000     0.00000     0.00000
   -11.47965     0.00000     0.00000     0.00000     0.00000     0.00000     0.00000     0.00000     0.00000     0.00000     0.00000
   -11.38365     0.00000     0.00000     0.00000     0.00000     0.00000     0.00000     0.00000     0.00000     0.00000     0.00000
   -11.28765     0.00000     0.00000     0.00000     0.00000     0.00000     0.00000     0.00000     0.00000     0.00000     0.00000
   -11.19065     0.00000     0.00000     0.00000     0.00000     0.00000     0.00000     0.00000     0.00000     0.00000     0.00000
   -11.09465     0.00000     0.00000     0.00000     0.00000     0.00000     0.00000     0.00000     0.00000     0.00000     0.00000
   -10.99865     0.00000     0.00000     0.00000     0.00000     0.00000     0.00000     0.00000     0.00000     0.00000     0.00000
   -10.90265     0.00000     0.00000     0.00000     0.00000     0.00000     0.00000     0.00000     0.00000     0.00000     0.00000
   -10.80565     0.00000     0.00000     0.00000     0.00000     0.00000     0.00000     0.00000     0.00000     0.00000     0.00000
   -10.70965     0.00000     0.00000     0.00000     0.00000     0.00000     0.00000     0.00000     0.00000     0.00000     0.00000
   -10.61365     0.00000     0.00000     0.00000     0.00000     0.00000     0.00000     0.00000     0.00000     0.00000     0.00000
   -10.51765     0.00000     0.00000     0.00000     0.00000     0.00000     0.00000     0.00000     0.00000     0.00000     0.00000
   -10.42065     0.00000     0.00000     0.00000     0.00000     0.00000     0.00000     0.00000     0.00000     0.00000     0.00000
   -10.32465     0.00000     0.00000     0.00000     0.00000     0.00000     0.00000     0.00000     0.00000     0.00000     0.00000
   -10.22865     0.00000     0.00000     0.00000     0.00000     0.00000     0.00000     0.00000     0.00000     0.00000     0.00000
   -10.13265     0.00000     0.00000     0.00000     0.00000     0.00000     0.00000     0.00000     0.00000     0.00000     0.00000
   -10.03565     0.00000     0.00000     0.00000     0.00000     0.00000     0.00000     0.00000     0.00000     0.00000     0.00000
    -9.93965     0.00000     0.00000     0.00000     0.00000     0.00000     0.00000     0.00000     0.00000     0.00000     0.00000
    -9.84365     0.00000     0.00000     0.00000     0.00000     0.00000     0.00000     0.00000     0.00000     0.00000     0.00000
    -9.74665     0.00000     0.00000     0.00000     0.00000     0.00000     0.00000     0.00000     0.00000     0.00000     0.00000
    -9.65065     0.00000     0.00000     0.00000     0.00000     0.00000     0.00000     0.00000     0.00000     0.00000     0.00000
    -9.55465     0.00000     0.00000     0.00000     0.00000     0.00000     0.00000     0.00000     0.00000     0.00000     0.00000
    -9.45865     0.00000     0.00000     0.00000     0.00000     0.00000     0.00000     0.00000     0.00000     0.00000     0.00000
    -9.36165     0.00000     0.00000     0.00000     0.00000     0.00000     0.00000     0.00000     0.00000     0.00000     0.00000
    -9.26565     0.00000     0.00000     0.00000     0.00000     0.00000     0.00000     0.00000     0.00000     0.00000     0.00000
    -9.16965     0.00000     0.00000     0.00000     0.00000     0.00000     0.00000     0.00000     0.00000     0.00000     0.00000
    -9.07365     0.00000     0.00000     0.00000     0.00000     0.00000     0.00000     0.00000     0.00000     0.00000     0.00000
    -8.97665     0.00000     0.00000     0.00000     0.00000     0.00000     0.00000     0.00000     0.00000     0.00000     0.00000
    -8.88065     0.00000     0.00000     0.00000     0.00000     0.00000     0.00000     0.00000     0.00000     0.00000     0.00000
    -8.78465     0.00000     0.00000     0.00000     0.00000     0.00000     0.00000     0.00000     0.00000     0.00000     0.00000
    -8.68765     0.00000     0.00000     0.00000     0.00000     0.00000     0.00000     0.00000     0.00000     0.00000     0.00000
    -8.59165     0.00000     0.00000     0.00000     0.00000     0.00000     0.00000     0.00000     0.00000     0.00000     0.00000
    -8.49565     0.00000     0.00000     0.00000     0.00000     0.00000     0.00000     0.00000     0.00000     0.00000     0.00000
    -8.39965     0.00000     0.00000     0.00000     0.00000     0.00000     0.00000     0.00000     0.00000     0.00000     0.00000
    -8.30265     0.00000     0.00000     0.00000     0.00000     0.00000     0.00000     0.00000     0.00000     0.00000     0.00000
    -8.20665     0.00000     0.00000     0.00000     0.00000     0.00000     0.00000     0.00000     0.00000     0.00000     0.00000
    -8.11065     0.00000     0.00000     0.00000     0.00000     0.00000     0.00000     0.00000     0.00000     0.00000     0.00000
    -8.01465     0.00000     0.00000     0.00000     0.00000     0.00000     0.00000     0.00000     0.00000     0.00000     0.00000
    -7.91765     0.00000     0.00000     0.00000     0.00000     0.00000     0.00000     0.00000     0.00000     0.00000     0.00000
    -7.82165     0.00000     0.00000     0.00000     0.00000     0.00000     0.00000     0.00000     0.00000     0.00000     0.00000
    -7.72565     0.00000     0.00000     0.00000     0.00000     0.00000     0.00000     0.00000     0.00000     0.00000     0.00000
    -7.62965     0.00000     0.00000     0.00000     0.00000     0.00000     0.00000     0.00000     0.00000     0.00000     0.00000
    -7.53265     0.00000     0.00000     0.00000     0.00000     0.00000     0.00000     0.00000     0.00000     0.00000     0.00000
    -7.43665     0.00000     0.00000     0.00000     0.00000     0.00000     0.00000     0.00000     0.00000     0.00000     0.00000
    -7.34065     0.00000     0.00000     0.00000     0.00000     0.00000     0.00000     0.00000     0.00000     0.00000     0.00000
    -7.24365     0.00000     0.00000     0.00000     0.00000     0.00000     0.00000     0.00000     0.00000     0.00000     0.00000
    -7.14765     0.00000     0.00000     0.00000     0.00000     0.00000     0.00000     0.00000     0.00000     0.00000     0.00000
    -7.05165     0.00000     0.00000     0.00000     0.00000     0.00000     0.00000     0.00000     0.00000     0.00000     0.00000
    -6.95565     0.00000     0.00000     0.00000     0.00000     0.00000     0.00000     0.00000     0.00000     0.00000     0.00000
    -6.85865     0.00000     0.00000     0.00000     0.00000     0.00000     0.00000     0.00000     0.00000     0.00000     0.00000
    -6.76265     0.00000     0.00000     0.00000     0.00000     0.00000     0.00000     0.00000     0.00000     0.00000     0.00000
    -6.66665     0.00000     0.00000     0.00000     0.00000     0.00000     0.00000     0.00000     0.00000     0.00000     0.00000
    -6.57065     0.00000     0.00000     0.00000     0.00000     0.00000     0.00000     0.00000     0.00000     0.00000     0.00000
    -6.47365     0.00000     0.00000     0.00000     0.00000     0.00000     0.00000     0.00000     0.00000     0.00000     0.00000
    -6.37765     0.00000     0.00000     0.00000     0.00000     0.00000     0.00000     0.00000     0.00000     0.00000     0.00000
    -6.28165     0.00000     0.00000     0.00000     0.00000     0.00000     0.00000     0.00000     0.00000     0.00000     0.00000
    -6.18565     0.00000     0.00000     0.00000     0.00000     0.00000     0.00000     0.00000     0.00000     0.00000     0.00000
    -6.08865     0.00000     0.00000     0.00000     0.00000     0.00000     0.00000     0.00000     0.00000     0.00000     0.00000
    -5.99265     0.00000     0.00000     0.00000     0.00000     0.00000     0.00000     0.00000     0.00000     0.00000     0.00000
    -5.89665     0.00000     0.00000     0.00000     0.00000     0.00000     0.00000     0.00000     0.00000     0.00000     0.00000
    -5.79965     0.00000     0.00000     0.00000     0.00000     0.00000     0.00000     0.00000     0.00000     0.00000     0.00000
    -5.70365     0.00000     0.00000     0.00000     0.00000     0.00000     0.00000     0.00000     0.00000     0.00000     0.00000
    -5.60765     0.00000     0.00000     0.00000     0.00000     0.00000     0.00000     0.00000     0.00000     0.00000     0.00000
    -5.51165     0.00000     0.00000     0.00000     0.00000     0.00000     0.00000     0.00000     0.00000     0.00000     0.00000
    -5.41465     0.00000     0.00000     0.00000     0.00000     0.00000     0.00000     0.00000     0.00000     0.00000     0.00000
    -5.31865     0.00000     0.00000     0.00000     0.00000     0.00000     0.00000     0.00000     0.00000     0.00000     0.00000
    -5.22265     0.00000     0.00000     0.00000     0.00000     0.00000     0.00000     0.00000     0.00000     0.00000     0.00000
    -5.12665     0.00000     0.00000     0.00000     0.00000     0.00000     0.00000     0.00000     0.00000     0.00000     0.00000
    -5.02965     0.00000     0.00000     0.00000     0.00000     0.00000     0.00000     0.00000     0.00000     0.00000     0.00000
    -4.93365     0.00000     0.00000     0.00000     0.00000     0.00000     0.00000     0.00000     0.00000     0.00000     0.00000
    -4.83765     0.00000     0.00000     0.00000     0.00000     0.00000     0.00000     0.00000     0.00000     0.00000     0.00000
    -4.74165     0.00000     0.00000     0.00000     0.00000     0.00000     0.00000     0.00000     0.00000     0.00000     0.00000
    -4.64465     0.00000     0.00000     0.00000     0.00000     0.00000     0.00000     0.00000     0.00000     0.00000     0.00000
    -4.54865     0.00000     0.00000     0.00000     0.00000     0.00000     0.00000     0.00000     0.00000     0.00000     0.00000
    -4.45265     0.00000     0.00000     0.00000     0.00000     0.00000     0.00000     0.00000     0.00000     0.00000     0.00000
    -4.35565     0.00000     0.00000     0.00000     0.00000     0.00000     0.00000     0.00000     0.00000     0.00000     0.00000
    -4.25965     0.00000     0.00000     0.00000     0.00000     0.00000     0.00000     0.00000     0.00000     0.00000     0.00000
    -4.16365    -1.66070    -0.00219    -0.00192    -0.00209    -0.04730    -0.04508    -0.01138    -0.04448    -0.00736    -1.82249
    -4.06765    -0.60280    -0.00050    -0.00044    -0.00047    -0.01740    -0.01633    -0.00353    -0.01575    -0.00194    -0.65917
    -3.97065    -0.49099    -0.00045    -0.00052    -0.00048    -0.01464    -0.01293    -0.00341    -0.01236    -0.00192    -0.53770
    -3.87465     0.00000     0.00000     0.00000     0.00000     0.00000     0.00000     0.00000     0.00000     0.00000     0.00000
    -3.77865    -3.88770    -0.00756    -0.00692    -0.00726    -0.14908    -0.14442    -0.03904    -0.14870    -0.03150    -4.42218
    -3.68265     0.00000     0.00000     0.00000     0.00000     0.00000     0.00000     0.00000     0.00000     0.00000     0.00000
    -3.58565     0.00000     0.00000     0.00000     0.00000     0.00000     0.00000     0.00000     0.00000     0.00000     0.00000
    -3.48965    -0.01077    -0.50583    -0.53795    -0.52649    -0.03751    -0.03512    -0.08180    -0.03272    -0.09154    -1.85973
    -3.39365    -0.01261    -0.84378    -0.84373    -0.82823    -0.15560    -0.19113    -0.21171    -0.18308    -0.22869    -3.49856
    -3.29765    -0.00562    -0.23021    -0.22925    -0.23061    -0.07509    -0.07446    -0.16353    -0.06995    -0.17519    -1.25391
    -3.20065    -0.04928    -0.53069    -0.33527    -0.52722    -0.28524    -0.20976    -0.71036    -0.22027    -0.36140    -3.22949
    -3.10465    -0.06461    -0.36475    -0.30069    -0.34945    -0.14838    -0.16602    -0.30936    -0.17111    -0.36083    -2.23520
    -3.00865    -0.04496    -0.29919    -0.31401    -0.28780    -0.10089    -0.11786    -0.32186    -0.11414    -0.34941    -1.95011
    -2.91165    -0.03797    -0.15247    -0.17532    -0.15061    -0.09191    -0.10049    -0.37503    -0.09101    -0.35753    -1.53233
    -2.81565    -0.03251    -0.20647    -0.19791    -0.20498    -0.06338    -0.10734    -0.37531    -0.11083    -0.69440    -1.99314
    -2.71965    -0.02033    -0.19677    -0.19592    -0.19169    -0.13970    -0.15750    -0.73234    -0.14906    -0.68841    -2.47172
    -2.62365    -0.01648    -0.11052    -0.09524    -0.11038    -0.08440    -0.07724    -0.56273    -0.08001    -0.56832    -1.70532
    -2.52665     0.00000     0.00000     0.00000     0.00000     0.00000     0.00000     0.00000     0.00000     0.00000     0.00000
    -2.43065    -0.01142    -0.06559    -0.06730    -0.06635    -0.05369    -0.06330    -0.65449    -0.05028    -0.70385    -1.73626
    -2.33465    -0.34989    -0.22403    -0.23268    -0.20677    -0.44511    -0.51700    -6.71610    -0.29666    -5.75040   -14.73864
    -2.23865    -0.08604    -0.10364    -0.05634    -0.10142    -0.08872    -0.07852    -1.04770    -0.07457    -0.82961    -2.46655
    -2.14165    -0.07272    -0.10970    -0.08209    -0.10252    -0.06059    -0.07290    -0.74158    -0.06412    -0.50956    -1.81579
    -2.04565    -0.02429    -0.10507    -0.10669    -0.10061    -0.05217    -0.08742    -1.25810    -0.05087    -1.34700    -3.13222
    -1.94965    -0.04385    -0.12147    -0.09488    -0.11546    -0.05551    -0.06786    -0.75428    -0.05155    -0.70169    -2.00655
    -1.85365    -0.01864    -0.16539    -0.17226    -0.16367    -0.04432    -0.05824    -0.68491    -0.04461    -0.72292    -2.07496
    -1.75665    -0.04656    -0.15509    -0.18194    -0.16301    -0.05456    -0.05945    -0.47696    -0.05363    -0.48184    -1.67304
    -1.66065    -0.01629    -0.13882    -0.16642    -0.15576    -0.02668    -0.03194    -0.27147    -0.02758    -0.29312    -1.12807
    -1.56465    -0.01609    -0.12190    -0.15556    -0.13651    -0.03495    -0.04256    -0.28501    -0.04092    -0.29827    -1.13178
    -1.46765    -0.02910    -0.12096    -0.10938    -0.12700    -0.10480    -0.07777    -0.26895    -0.07365    -0.21859    -1.13020
    -1.37165    -0.02831    -0.07289    -0.05814    -0.07234    -0.07972    -0.07743    -0.12778    -0.07450    -0.10941    -0.70052
    -1.27565    -0.00904    -0.04790    -0.03928    -0.04688    -0.06732    -0.07230    -0.14554    -0.06955    -0.13199    -0.62980
    -1.17965    -0.08177    -0.12398    -0.07970    -0.12028    -0.18033    -0.17974    -0.24261    -0.17568    -0.14839    -1.33248
    -1.08265    -0.05086    -0.05440    -0.05240    -0.05271    -0.05916    -0.06435    -0.06037    -0.06737    -0.06921    -0.53084
    -0.98665    -0.06459    -0.03542    -0.03330    -0.03398    -0.08071    -0.08779    -0.13760    -0.08738    -0.17691    -0.73768
    -0.89065    -0.01799    -0.06704    -0.06942    -0.07150    -0.09307    -0.08828    -0.19000    -0.09107    -0.16379    -0.85217
    -0.79465    -0.01240    -0.04806    -0.04530    -0.04724    -0.08285    -0.07470    -0.14146    -0.07148    -0.13152    -0.65500
    -0.69765    -0.00335    -0.08447    -0.07694    -0.08041    -0.05393    -0.04937    -0.06619    -0.04614    -0.06483    -0.52564
    -0.60165    -0.00000    -0.00711    -0.00257    -0.00680    -0.00304    -0.00168    -0.00206    -0.00119    -0.00109    -0.02553
    -0.50565     0.00000     0.00000     0.00000     0.00000     0.00000     0.00000     0.00000     0.00000     0.00000     0.00000
    -0.40865     0.00000     0.00000     0.00000     0.00000     0.00000     0.00000     0.00000     0.00000     0.00000     0.00000
    -0.31265     0.00000     0.00000     0.00000     0.00000     0.00000     0.00000     0.00000     0.00000     0.00000     0.00000
    -0.21665     0.00000     0.00000     0.00000     0.00000     0.00000     0.00000     0.00000     0.00000     0.00000     0.00000
    -0.12065     0.00000     0.00000     0.00000     0.00000     0.00000     0.00000     0.00000     0.00000     0.00000     0.00000
    -0.02365     0.00000     0.00000     0.00000     0.00000     0.00000     0.00000     0.00000     0.00000     0.00000     0.00000
     0.07235     0.00000     0.00000     0.00000     0.00000     0.00000     0.00000     0.00000     0.00000     0.00000     0.00000
     0.16835     0.00000     0.00000     0.00000     0.00000     0.00000     0.00000     0.00000     0.00000     0.00000     0.00000
     0.26435     0.00000     0.00000     0.00000     0.00000     0.00000     0.00000     0.00000     0.00000     0.00000     0.00000
     0.36135     0.00000     0.00000     0.00000     0.00000     0.00000     0.00000     0.00000     0.00000     0.00000     0.00000
     0.45735     0.00000     0.00000     0.00000     0.00000     0.00000     0.00000     0.00000     0.00000     0.00000     0.00000
     0.55335     0.00000     0.00000     0.00000     0.00000     0.00000     0.00000     0.00000     0.00000     0.00000     0.00000
     0.64935     0.00000     0.00000     0.00000     0.00000     0.00000     0.00000     0.00000     0.00000     0.00000     0.00000
     0.74635     0.00000     0.00000     0.00000     0.00000     0.00000     0.00000     0.00000     0.00000     0.00000     0.00000
     0.84235     0.00000     0.00000     0.00000     0.00000     0.00000     0.00000     0.00000     0.00000     0.00000     0.00000
     0.93835     0.00000     0.00000     0.00000     0.00000     0.00000     0.00000     0.00000     0.00000     0.00000     0.00000
     1.03535     0.00000     0.00000     0.00000     0.00000     0.00000     0.00000     0.00000     0.00000     0.00000     0.00000
     1.13135     0.00000     0.00000     0.00000     0.00000     0.00000     0.00000     0.00000     0.00000     0.00000     0.00000
     1.22735     0.00000     0.00000     0.00000     0.00000     0.00000     0.00000     0.00000     0.00000     0.00000     0.00000
     1.32335     0.00000     0.00000     0.00000     0.00000     0.00000     0.00000     0.00000     0.00000     0.00000     0.00000
     1.42035     0.00000     0.00000     0.00000     0.00000     0.00000     0.00000     0.00000     0.00000     0.00000     0.00000
     1.51635     0.00000     0.00000     0.00000     0.00000     0.00000     0.00000     0.00000     0.00000     0.00000     0.00000
     1.61235     0.00000     0.00000     0.00000     0.00000     0.00000     0.00000     0.00000     0.00000     0.00000     0.00000
     1.70835     0.00000     0.00000     0.00000     0.00000     0.00000     0.00000     0.00000     0.00000     0.00000     0.00000
     1.80535     0.00000     0.00000     0.00000     0.00000     0.00000     0.00000     0.00000     0.00000     0.00000     0.00000
     1.90135     0.00000     0.00000     0.00000     0.00000     0.00000     0.00000     0.00000     0.00000     0.00000     0.00000
     1.99735     0.00000     0.00000     0.00000     0.00000     0.00000     0.00000     0.00000     0.00000     0.00000     0.00000
     2.09335     0.00000     0.00000     0.00000     0.00000     0.00000     0.00000     0.00000     0.00000     0.00000     0.00000
     2.19035     0.00000     0.00000     0.00000     0.00000     0.00000     0.00000     0.00000     0.00000     0.00000     0.00000
     2.28635     0.00000     0.00000     0.00000     0.00000     0.00000     0.00000     0.00000     0.00000     0.00000     0.00000
     2.38235     0.00000     0.00000     0.00000     0.00000     0.00000     0.00000     0.00000     0.00000     0.00000     0.00000
     2.47935     0.00000     0.00000     0.00000     0.00000     0.00000     0.00000     0.00000     0.00000     0.00000     0.00000
     2.57535     0.00000     0.00000     0.00000     0.00000     0.00000     0.00000     0.00000     0.00000     0.00000     0.00000
     2.67135     0.00000     0.00000     0.00000     0.00000     0.00000     0.00000     0.00000     0.00000     0.00000     0.00000
     2.76735     0.00000     0.00000     0.00000     0.00000     0.00000     0.00000     0.00000     0.00000     0.00000     0.00000
     2.86435     0.00000     0.00000     0.00000     0.00000     0.00000     0.00000     0.00000     0.00000     0.00000     0.00000
     2.96035    -0.02135    -0.00371    -0.00328    -0.00349    -2.94450    -3.08510    -1.20540    -3.20610    -0.90683   -11.37977
     3.05635    -0.18991    -0.02744    -0.02302    -0.02586   -11.67600   -12.76600    -3.06660   -13.38400    -2.03610   -43.19494
     3.15235    -0.04710    -0.00210    -0.00220    -0.00194    -2.55870    -2.61590    -0.73102    -2.66780    -0.73658    -9.36335
     3.24935    -0.04173    -0.00675    -0.00681    -0.00674    -7.22040    -6.86640    -9.30300    -6.66810    -8.78900   -38.90894
     3.34535    -0.12429    -0.01816    -0.01778    -0.01682    -6.68600    -7.27890   -18.24400    -7.12980   -26.74000   -66.25576
     3.44135    -0.06920    -0.01223    -0.01134    -0.01200    -3.06180    -3.11310    -5.66710    -3.01500    -6.82740   -21.78917
     3.53735    -0.12231    -0.01085    -0.00967    -0.01064    -4.72810    -4.91920    -5.69830    -4.99160    -7.82490   -28.31558
     3.63435    -0.04048    -0.01310    -0.01162    -0.01282    -6.31160    -5.47770    -6.77790    -5.30960    -6.69120   -30.64603
     3.73035    -0.05277    -0.01850    -0.01258    -0.01813   -20.89500   -17.10800   -11.64060   -17.91100    -7.04590   -74.70247
     3.82635     0.00000     0.00000     0.00000     0.00000     0.00000     0.00000     0.00000     0.00000     0.00000     0.00000
     3.92335     0.00000     0.00000     0.00000     0.00000     0.00000     0.00000     0.00000     0.00000     0.00000     0.00000
     4.01935     0.00000     0.00000     0.00000     0.00000     0.00000     0.00000     0.00000     0.00000     0.00000     0.00000
     4.11535     0.00000     0.00000     0.00000     0.00000     0.00000     0.00000     0.00000     0.00000     0.00000     0.00000
     4.21135     0.00000     0.00000     0.00000     0.00000     0.00000     0.00000     0.00000     0.00000     0.00000     0.00000
     4.30835     0.00000     0.00000     0.00000     0.00000     0.00000     0.00000     0.00000     0.00000     0.00000     0.00000
     4.40435     0.00000     0.00000     0.00000     0.00000     0.00000     0.00000     0.00000     0.00000     0.00000     0.00000
     4.50035     0.00000     0.00000     0.00000     0.00000     0.00000     0.00000     0.00000     0.00000     0.00000     0.00000
     4.59635     0.00000     0.00000     0.00000     0.00000     0.00000     0.00000     0.00000     0.00000     0.00000     0.00000
     4.69335     0.00000     0.00000     0.00000     0.00000     0.00000     0.00000     0.00000     0.00000     0.00000     0.00000
     4.78935     0.00000     0.00000     0.00000     0.00000     0.00000     0.00000     0.00000     0.00000     0.00000     0.00000
     4.88535     0.00000     0.00000     0.00000     0.00000     0.00000     0.00000     0.00000     0.00000     0.00000     0.00000
     4.98135     0.00000     0.00000     0.00000     0.00000     0.00000     0.00000     0.00000     0.00000     0.00000     0.00000
     5.07835     0.00000     0.00000     0.00000     0.00000     0.00000     0.00000     0.00000     0.00000     0.00000     0.00000
     5.17435    -0.02628    -0.00008    -0.00007    -0.00008    -0.00012    -0.00011    -0.00013    -0.00013    -0.00034    -0.02735
     5.27035    -0.07280    -0.00062    -0.00052    -0.00060    -0.00059    -0.00068    -0.00058    -0.00076    -0.00116    -0.07830
     5.36735    -0.06674    -0.00112    -0.00096    -0.00107    -0.00113    -0.00138    -0.00095    -0.00149    -0.00146    -0.07630
     5.46335    -0.07008    -0.00153    -0.00131    -0.00146    -0.00167    -0.00202    -0.00134    -0.00216    -0.00187    -0.08344
     5.55935    -0.08058    -0.00292    -0.00246    -0.00279    -0.00355    -0.00427    -0.00258    -0.00448    -0.00344    -0.10708
     5.65535    -0.12246    -0.00594    -0.00505    -0.00569    -0.00758    -0.00892    -0.00477    -0.00934    -0.00618    -0.17593
     5.75235    -0.06028    -0.00393    -0.00393    -0.00392    -0.00446    -0.00485    -0.00348    -0.00499    -0.00372    -0.09355
     5.84835    -0.10216    -0.00705    -0.00722    -0.00712    -0.00849    -0.00891    -0.00873    -0.00861    -0.01008    -0.16838
     5.94435    -0.03117    -0.00313    -0.00295    -0.00300    -0.00351    -0.00418    -0.00372    -0.00484    -0.00402    -0.06052
     6.04035    -0.07207    -0.00766    -0.00722    -0.00748    -0.00957    -0.00988    -0.01209    -0.00998    -0.01324    -0.14920
     6.13735    -0.05591    -0.00936    -0.00819    -0.00902    -0.01095    -0.01147    -0.01188    -0.01160    -0.01292    -0.14131
     6.23335    -0.06218    -0.01324    -0.01130    -0.01281    -0.01432    -0.01467    -0.01715    -0.01463    -0.01874    -0.17905
     6.32935    -0.05939    -0.01109    -0.01035    -0.01082    -0.01211    -0.01218    -0.01723    -0.01190    -0.01885    -0.16392
     6.42635    -0.07340    -0.01670    -0.01705    -0.01623    -0.01549    -0.01541    -0.01924    -0.01472    -0.02037    -0.20860
     6.52235    -0.25423    -0.05413    -0.06473    -0.05225    -0.03147    -0.02994    -0.03258    -0.03020    -0.03721    -0.58674
     6.61835    -0.98272    -0.10507    -0.09895    -0.10439    -0.02222    -0.02457    -0.02618    -0.02395    -0.02656    -1.41462
     6.71435    -1.80030    -0.13386    -0.11737    -0.12749    -0.03726    -0.03832    -0.03616    -0.03755    -0.04913    -2.37743
     6.81135    -1.69580    -0.17950    -0.15807    -0.17522    -0.05054    -0.04970    -0.05211    -0.04936    -0.06368    -2.47398
     6.90735    -1.09800    -0.14754    -0.14490    -0.15086    -0.03368    -0.03177    -0.03426    -0.03139    -0.03172    -1.70411
     7.00335    -1.00061    -0.08404    -0.08060    -0.08147    -0.02887    -0.02908    -0.01839    -0.03037    -0.01970    -1.37313
     7.09935    -0.17564    -0.04193    -0.04070    -0.04049    -0.00881    -0.00804    -0.00675    -0.00820    -0.00555    -0.33612
     7.19635    -1.44390    -0.12396    -0.13063    -0.12120    -0.07351    -0.07090    -0.03362    -0.07462    -0.02862    -2.10095
     7.29235    -1.65780    -0.22529    -0.20754    -0.22196    -0.09804    -0.10700    -0.05263    -0.10635    -0.04529    -2.72190
     7.38835    -0.93130    -0.17734    -0.15943    -0.17577    -0.06544    -0.06179    -0.03234    -0.05978    -0.03357    -1.69676
     7.48435    -1.48058    -0.15367    -0.17150    -0.15239    -0.09954    -0.08794    -0.03179    -0.08674    -0.03443    -2.29858
     7.58135    -0.50417    -0.06932    -0.05394    -0.06939    -0.04111    -0.03434    -0.01934    -0.03226    -0.02332    -0.84719
     7.67735    -0.51413    -0.07586    -0.08473    -0.07408    -0.03416    -0.02871    -0.01644    -0.02864    -0.01741    -0.87416
     7.77335    -0.99370    -0.15349    -0.31987    -0.15473    -0.06880    -0.06803    -0.03536    -0.06736    -0.04484    -1.90618
     7.87035    -1.91130    -0.22872    -0.20261    -0.23110    -0.08794    -0.08204    -0.04423    -0.08098    -0.04218    -2.91110
     7.96635    -1.13100    -0.22055    -0.21155    -0.22316    -0.06185    -0.06326    -0.02942    -0.06256    -0.03625    -2.03960
     8.06235    -0.40447    -0.29140    -0.30258    -0.30525    -0.04613    -0.04839    -0.03347    -0.04746    -0.03403    -1.51319
     8.15835    -0.39535    -0.34303    -0.31702    -0.34980    -0.07146    -0.05495    -0.04216    -0.05374    -0.03981    -1.66732
     8.25535    -0.38603    -0.31632    -0.32954    -0.32340    -0.06689    -0.06145    -0.03704    -0.06100    -0.03041    -1.61209
     8.35135    -0.29365    -0.33813    -0.37616    -0.34788    -0.07098    -0.07818    -0.03811    -0.07686    -0.03972    -1.65967
     8.44735    -0.20666    -0.21012    -0.23492    -0.21757    -0.05160    -0.05446    -0.02037    -0.05296    -0.02421    -1.07288
     8.54335    -0.20085    -0.34674    -0.34383    -0.36337    -0.20366    -0.15458    -0.04122    -0.15243    -0.02854    -1.83522
     8.64035    -0.22033    -0.23775    -0.19180    -0.24327    -0.18923    -0.13697    -0.03359    -0.13910    -0.03035    -1.42239
     8.73635    -0.09652    -0.16227    -0.17153    -0.16623    -0.09179    -0.12250    -0.02806    -0.10796    -0.02300    -0.96986
     8.83235    -0.17971    -0.22621    -0.26723    -0.23672    -0.14672    -0.19250    -0.03673    -0.18683    -0.03084    -1.50349
     8.92835    -0.16466    -0.18002    -0.18949    -0.17653    -0.18253    -0.17464    -0.02548    -0.17548    -0.02056    -1.28939
     9.02535    -0.46091    -0.30040    -0.30937    -0.28855    -0.27985    -0.30726    -0.04138    -0.30491    -0.03837    -2.33100
     9.12135    -0.25492    -0.24751    -0.28301    -0.23979    -0.15405    -0.17955    -0.03123    -0.18096    -0.02724    -1.59827
     9.21735    -0.23284    -0.30609    -0.25406    -0.29343    -0.22026    -0.27721    -0.04322    -0.26210    -0.03913    -1.92834
     9.31435    -0.22880    -0.31361    -0.27262    -0.30314    -0.27467    -0.23088    -0.04514    -0.23058    -0.03746    -1.93690
     9.41035    -0.25667    -0.34566    -0.28166    -0.33996    -0.37876    -0.34537    -0.05207    -0.35159    -0.04266    -2.39439
     9.50635    -0.27718    -0.46011    -0.46094    -0.42157    -0.47626    -0.40429    -0.07407    -0.41374    -0.06094    -3.04910
     9.60235    -0.20898    -0.27417    -0.27657    -0.27581    -0.24432    -0.24755    -0.04501    -0.25564    -0.04657    -1.87462
     9.69935    -0.18690    -0.33600    -0.33843    -0.33767    -0.26841    -0.27517    -0.05489    -0.28254    -0.06177    -2.14178
     9.79535    -0.14116    -0.35915    -0.32677    -0.35622    -0.21823    -0.22740    -0.05449    -0.24115    -0.05163    -1.97620
     9.89135    -0.21196    -0.40366    -0.39468    -0.41326    -0.18508    -0.21668    -0.05637    -0.21979    -0.06408    -2.16556
     9.98735    -0.23061    -0.50983    -0.46435    -0.49170    -0.19626    -0.21861    -0.06233    -0.21685    -0.05962    -2.45016
    10.08435    -0.18236    -0.37798    -0.40055    -0.37159    -0.16054    -0.16584    -0.04638    -0.17439    -0.04656    -1.92619
    10.18035    -0.16726    -0.36780    -0.36615    -0.34613    -0.19435    -0.18454    -0.03776    -0.18740    -0.03696    -1.88835
    10.27635    -0.19169    -0.40811    -0.37396    -0.39688    -0.18788    -0.17796    -0.04731    -0.17963    -0.03981    -2.00323
    10.37235    -0.15269    -0.34204    -0.37160    -0.32256    -0.13772    -0.15395    -0.03541    -0.16585    -0.04138    -1.72319
    10.46935    -0.22543    -0.57188    -0.49984    -0.53178    -0.23631    -0.19720    -0.04568    -0.18340    -0.03665    -2.52817
    10.56535    -0.14569    -0.31304    -0.33010    -0.30030    -0.23640    -0.18918    -0.04658    -0.20488    -0.03989    -1.80606
    10.66135    -0.18830    -0.43842    -0.40974    -0.43268    -0.35194    -0.31317    -0.05635    -0.33923    -0.04413    -2.57396
    10.75835    -0.23042    -0.49005    -0.44513    -0.47911    -0.28676    -0.34923    -0.08203    -0.35671    -0.06721    -2.78664
    10.85435    -0.15063    -0.33014    -0.28745    -0.32097    -0.17927    -0.16759    -0.03585    -0.17035    -0.04050    -1.68275
    10.95035    -0.21036    -0.42737    -0.42679    -0.42715    -0.21875    -0.18462    -0.06248    -0.18426    -0.05615    -2.19793
    11.04635    -0.18317    -0.35376    -0.36589    -0.34344    -0.19352    -0.22196    -0.06996    -0.21995    -0.05791    -2.00957
    11.14335    -0.15973    -0.45265    -0.41266    -0.44332    -0.23446    -0.23460    -0.07190    -0.23453    -0.06052    -2.30437
    11.23935    -0.05035    -0.10942    -0.11144    -0.10185    -0.06419    -0.06517    -0.01565    -0.06323    -0.01110    -0.59239
    11.33535     0.00000     0.00000     0.00000     0.00000     0.00000     0.00000     0.00000     0.00000     0.00000     0.00000
    11.43135     0.00000     0.00000     0.00000     0.00000     0.00000     0.00000     0.00000     0.00000     0.00000     0.00000
    11.52835     0.00000     0.00000     0.00000     0.00000     0.00000     0.00000     0.00000     0.00000     0.00000     0.00000
    11.62435     0.00000     0.00000     0.00000     0.00000     0.00000     0.00000     0.00000     0.00000     0.00000     0.00000
    11.72035     0.00000     0.00000     0.00000     0.00000     0.00000     0.00000     0.00000     0.00000     0.00000     0.00000
    11.81635     0.00000     0.00000     0.00000     0.00000     0.00000     0.00000     0.00000     0.00000     0.00000     0.00000
    11.91335     0.00000     0.00000     0.00000     0.00000     0.00000     0.00000     0.00000     0.00000     0.00000     0.00000
    12.00935     0.00000     0.00000     0.00000     0.00000     0.00000     0.00000     0.00000     0.00000     0.00000     0.00000
    12.10535     0.00000     0.00000     0.00000     0.00000     0.00000     0.00000     0.00000     0.00000     0.00000     0.00000
    12.20235     0.00000     0.00000     0.00000     0.00000     0.00000     0.00000     0.00000     0.00000     0.00000     0.00000
    12.29835     0.00000     0.00000     0.00000     0.00000     0.00000     0.00000     0.00000     0.00000     0.00000     0.00000
    12.39435     0.00000     0.00000     0.00000     0.00000     0.00000     0.00000     0.00000     0.00000     0.00000     0.00000
    12.49035     0.00000     0.00000     0.00000     0.00000     0.00000     0.00000     0.00000     0.00000     0.00000     0.00000
    12.58735     0.00000     0.00000     0.00000     0.00000     0.00000     0.00000     0.00000     0.00000     0.00000     0.00000
