     #Energy           s          py          pz          px         dxy         dyz         dz2         dxz         dx2       tot  
   -16.29365     0.00000     0.00000     0.00000     0.00000     0.00000     0.00000     0.00000     0.00000     0.00000     0.00000
   -16.19665     0.00000     0.00000     0.00000     0.00000     0.00000     0.00000     0.00000     0.00000     0.00000     0.00000
   -16.10065     0.00000     0.00000     0.00000     0.00000     0.00000     0.00000     0.00000     0.00000     0.00000     0.00000
   -16.00465     0.00000     0.00000     0.00000     0.00000     0.00000     0.00000     0.00000     0.00000     0.00000     0.00000
   -15.90865     0.00000     0.00000     0.00000     0.00000     0.00000     0.00000     0.00000     0.00000     0.00000     0.00000
   -15.81165     0.00000     0.00000     0.00000     0.00000     0.00000     0.00000     0.00000     0.00000     0.00000     0.00000
   -15.71565     0.00000     0.00000     0.00000     0.00000     0.00000     0.00000     0.00000     0.00000     0.00000     0.00000
   -15.61965     0.00000     0.00000     0.00000     0.00000     0.00000     0.00000     0.00000     0.00000     0.00000     0.00000
   -15.52265     0.00000     0.00000     0.00000     0.00000     0.00000     0.00000     0.00000     0.00000     0.00000     0.00000
   -15.42665     0.00000     0.00000     0.00000     0.00000     0.00000     0.00000     0.00000     0.00000     0.00000     0.00000
   -15.33065     0.00000     0.00000     0.00000     0.00000     0.00000     0.00000     0.00000     0.00000     0.00000     0.00000
   -15.23465     0.00000     0.00000     0.00000     0.00000     0.00000     0.00000     0.00000     0.00000     0.00000     0.00000
   -15.13765     0.00000     0.00000     0.00000     0.00000     0.00000     0.00000     0.00000     0.00000     0.00000     0.00000
   -15.04165     0.00000     0.00000     0.00000     0.00000     0.00000     0.00000     0.00000     0.00000     0.00000     0.00000
   -14.94565     0.00000     0.00000     0.00000     0.00000     0.00000     0.00000     0.00000     0.00000     0.00000     0.00000
   -14.84965     0.00000     0.00000     0.00000     0.00000     0.00000     0.00000     0.00000     0.00000     0.00000     0.00000
   -14.75265     0.00000     0.00000     0.00000     0.00000     0.00000     0.00000     0.00000     0.00000     0.00000     0.00000
   -14.65665    -0.01938    -0.00070    -0.00062    -0.00065     0.00000     0.00000     0.00000     0.00000     0.00000    -0.02135
   -14.56065    -0.01119    -0.00041    -0.00036    -0.00038     0.00000     0.00000     0.00000     0.00000     0.00000    -0.01234
   -14.46465    -0.00758    -0.00028    -0.00023    -0.00026     0.00000     0.00000     0.00000     0.00000     0.00000    -0.00836
   -14.36765    -0.00278    -0.00010    -0.00008    -0.00010     0.00000     0.00000     0.00000     0.00000     0.00000    -0.00305
   -14.27165    -0.00083    -0.00003    -0.00002    -0.00003     0.00000     0.00000     0.00000     0.00000     0.00000    -0.00091
   -14.17565    -0.00269    -0.00009    -0.00008    -0.00008     0.00000     0.00000     0.00000     0.00000     0.00000    -0.00293
   -14.07865    -0.00525    -0.00023    -0.00020    -0.00021     0.00000     0.00000     0.00000     0.00000     0.00000    -0.00589
   -13.98265    -0.00511    -0.00017    -0.00017    -0.00016     0.00000     0.00000     0.00000     0.00000     0.00000    -0.00562
   -13.88665    -0.00800    -0.00029    -0.00022    -0.00027     0.00000     0.00000     0.00000     0.00000     0.00000    -0.00878
   -13.79065     0.00000     0.00000     0.00000     0.00000     0.00000     0.00000     0.00000     0.00000     0.00000     0.00000
   -13.69365     0.00000     0.00000     0.00000     0.00000     0.00000     0.00000     0.00000     0.00000     0.00000     0.00000
   -13.59765     0.00000     0.00000     0.00000     0.00000     0.00000     0.00000     0.00000     0.00000     0.00000     0.00000
   -13.50165     0.00000     0.00000     0.00000     0.00000     0.00000     0.00000     0.00000     0.00000     0.00000     0.00000
   -13.40565     0.00000     0.00000     0.00000     0.00000     0.00000     0.00000     0.00000     0.00000     0.00000     0.00000
   -13.30865     0.00000     0.00000     0.00000     0.00000     0.00000     0.00000     0.00000     0.00000     0.00000     0.00000
   -13.21265     0.00000     0.00000     0.00000     0.00000     0.00000     0.00000     0.00000     0.00000     0.00000     0.00000
   -13.11665     0.00000     0.00000     0.00000     0.00000     0.00000     0.00000     0.00000     0.00000     0.00000     0.00000
   -13.02065     0.00000     0.00000     0.00000     0.00000     0.00000     0.00000     0.00000     0.00000     0.00000     0.00000
   -12.92365     0.00000     0.00000     0.00000     0.00000     0.00000     0.00000     0.00000     0.00000     0.00000     0.00000
   -12.82765     0.00000     0.00000     0.00000     0.00000     0.00000     0.00000     0.00000     0.00000     0.00000     0.00000
   -12.73165     0.00000     0.00000     0.00000     0.00000     0.00000     0.00000     0.00000     0.00000     0.00000     0.00000
   -12.63465     0.00000     0.00000     0.00000     0.00000     0.00000     0.00000     0.00000     0.00000     0.00000     0.00000
   -12.53865     0.00000     0.00000     0.00000     0.00000     0.00000     0.00000     0.00000     0.00000     0.00000     0.00000
   -12.44265     0.00000     0.00000     0.00000     0.00000     0.00000     0.00000     0.00000     0.00000     0.00000     0.00000
   -12.34665     0.00000     0.00000     0.00000     0.00000     0.00000     0.00000     0.00000     0.00000     0.00000     0.00000
   -12.24965     0.00000     0.00000     0.00000     0.00000     0.00000     0.00000     0.00000     0.00000     0.00000     0.00000
   -12.15365     0.00000     0.00000     0.00000     0.00000     0.00000     0.00000     0.00000     0.00000     0.00000     0.00000
   -12.05765     0.00000     0.00000     0.00000     0.00000     0.00000     0.00000     0.00000     0.00000     0.00000     0.00000
   -11.96165     0.00000     0.00000     0.00000     0.00000     0.00000     0.00000     0.00000     0.00000     0.00000     0.00000
   -11.86465     0.00000     0.00000     0.00000     0.00000     0.00000     0.00000     0.00000     0.00000     0.00000     0.00000
   -11.76865     0.00000     0.00000     0.00000     0.00000     0.00000     0.00000     0.00000     0.00000     0.00000     0.00000
   -11.67265     0.00000     0.00000     0.00000     0.00000     0.00000     0.00000     0.00000     0.00000     0.00000     0.00000
   -11.57665     0.00000     0.00000     0.00000     0.00000     0.00000     0.00000     0.00000     0.00000     0.00000     0.00000
   -11.47965     0.00000     0.00000     0.00000     0.00000     0.00000     0.00000     0.00000     0.00000     0.00000     0.00000
   -11.38365     0.00000     0.00000     0.00000     0.00000     0.00000     0.00000     0.00000     0.00000     0.00000     0.00000
   -11.28765     0.00000     0.00000     0.00000     0.00000     0.00000     0.00000     0.00000     0.00000     0.00000     0.00000
   -11.19065     0.00000     0.00000     0.00000     0.00000     0.00000     0.00000     0.00000     0.00000     0.00000     0.00000
   -11.09465     0.00000     0.00000     0.00000     0.00000     0.00000     0.00000     0.00000     0.00000     0.00000     0.00000
   -10.99865     0.00000     0.00000     0.00000     0.00000     0.00000     0.00000     0.00000     0.00000     0.00000     0.00000
   -10.90265     0.00000     0.00000     0.00000     0.00000     0.00000     0.00000     0.00000     0.00000     0.00000     0.00000
   -10.80565     0.00000     0.00000     0.00000     0.00000     0.00000     0.00000     0.00000     0.00000     0.00000     0.00000
   -10.70965     0.00000     0.00000     0.00000     0.00000     0.00000     0.00000     0.00000     0.00000     0.00000     0.00000
   -10.61365     0.00000     0.00000     0.00000     0.00000     0.00000     0.00000     0.00000     0.00000     0.00000     0.00000
   -10.51765     0.00000     0.00000     0.00000     0.00000     0.00000     0.00000     0.00000     0.00000     0.00000     0.00000
   -10.42065     0.00000     0.00000     0.00000     0.00000     0.00000     0.00000     0.00000     0.00000     0.00000     0.00000
   -10.32465     0.00000     0.00000     0.00000     0.00000     0.00000     0.00000     0.00000     0.00000     0.00000     0.00000
   -10.22865     0.00000     0.00000     0.00000     0.00000     0.00000     0.00000     0.00000     0.00000     0.00000     0.00000
   -10.13265     0.00000     0.00000     0.00000     0.00000     0.00000     0.00000     0.00000     0.00000     0.00000     0.00000
   -10.03565     0.00000     0.00000     0.00000     0.00000     0.00000     0.00000     0.00000     0.00000     0.00000     0.00000
    -9.93965     0.00000     0.00000     0.00000     0.00000     0.00000     0.00000     0.00000     0.00000     0.00000     0.00000
    -9.84365     0.00000     0.00000     0.00000     0.00000     0.00000     0.00000     0.00000     0.00000     0.00000     0.00000
    -9.74665     0.00000     0.00000     0.00000     0.00000     0.00000     0.00000     0.00000     0.00000     0.00000     0.00000
    -9.65065     0.00000     0.00000     0.00000     0.00000     0.00000     0.00000     0.00000     0.00000     0.00000     0.00000
    -9.55465     0.00000     0.00000     0.00000     0.00000     0.00000     0.00000     0.00000     0.00000     0.00000     0.00000
    -9.45865     0.00000     0.00000     0.00000     0.00000     0.00000     0.00000     0.00000     0.00000     0.00000     0.00000
    -9.36165     0.00000     0.00000     0.00000     0.00000     0.00000     0.00000     0.00000     0.00000     0.00000     0.00000
    -9.26565     0.00000     0.00000     0.00000     0.00000     0.00000     0.00000     0.00000     0.00000     0.00000     0.00000
    -9.16965     0.00000     0.00000     0.00000     0.00000     0.00000     0.00000     0.00000     0.00000     0.00000     0.00000
    -9.07365     0.00000     0.00000     0.00000     0.00000     0.00000     0.00000     0.00000     0.00000     0.00000     0.00000
    -8.97665     0.00000     0.00000     0.00000     0.00000     0.00000     0.00000     0.00000     0.00000     0.00000     0.00000
    -8.88065     0.00000     0.00000     0.00000     0.00000     0.00000     0.00000     0.00000     0.00000     0.00000     0.00000
    -8.78465     0.00000     0.00000     0.00000     0.00000     0.00000     0.00000     0.00000     0.00000     0.00000     0.00000
    -8.68765     0.00000     0.00000     0.00000     0.00000     0.00000     0.00000     0.00000     0.00000     0.00000     0.00000
    -8.59165     0.00000     0.00000     0.00000     0.00000     0.00000     0.00000     0.00000     0.00000     0.00000     0.00000
    -8.49565     0.00000     0.00000     0.00000     0.00000     0.00000     0.00000     0.00000     0.00000     0.00000     0.00000
    -8.39965     0.00000     0.00000     0.00000     0.00000     0.00000     0.00000     0.00000     0.00000     0.00000     0.00000
    -8.30265     0.00000     0.00000     0.00000     0.00000     0.00000     0.00000     0.00000     0.00000     0.00000     0.00000
    -8.20665     0.00000     0.00000     0.00000     0.00000     0.00000     0.00000     0.00000     0.00000     0.00000     0.00000
    -8.11065     0.00000     0.00000     0.00000     0.00000     0.00000     0.00000     0.00000     0.00000     0.00000     0.00000
    -8.01465     0.00000     0.00000     0.00000     0.00000     0.00000     0.00000     0.00000     0.00000     0.00000     0.00000
    -7.91765     0.00000     0.00000     0.00000     0.00000     0.00000     0.00000     0.00000     0.00000     0.00000     0.00000
    -7.82165     0.00000     0.00000     0.00000     0.00000     0.00000     0.00000     0.00000     0.00000     0.00000     0.00000
    -7.72565     0.00000     0.00000     0.00000     0.00000     0.00000     0.00000     0.00000     0.00000     0.00000     0.00000
    -7.62965     0.00000     0.00000     0.00000     0.00000     0.00000     0.00000     0.00000     0.00000     0.00000     0.00000
    -7.53265     0.00000     0.00000     0.00000     0.00000     0.00000     0.00000     0.00000     0.00000     0.00000     0.00000
    -7.43665     0.00000     0.00000     0.00000     0.00000     0.00000     0.00000     0.00000     0.00000     0.00000     0.00000
    -7.34065     0.00000     0.00000     0.00000     0.00000     0.00000     0.00000     0.00000     0.00000     0.00000     0.00000
    -7.24365     0.00000     0.00000     0.00000     0.00000     0.00000     0.00000     0.00000     0.00000     0.00000     0.00000
    -7.14765     0.00000     0.00000     0.00000     0.00000     0.00000     0.00000     0.00000     0.00000     0.00000     0.00000
    -7.05165     0.00000     0.00000     0.00000     0.00000     0.00000     0.00000     0.00000     0.00000     0.00000     0.00000
    -6.95565     0.00000     0.00000     0.00000     0.00000     0.00000     0.00000     0.00000     0.00000     0.00000     0.00000
    -6.85865     0.00000     0.00000     0.00000     0.00000     0.00000     0.00000     0.00000     0.00000     0.00000     0.00000
    -6.76265     0.00000     0.00000     0.00000     0.00000     0.00000     0.00000     0.00000     0.00000     0.00000     0.00000
    -6.66665     0.00000     0.00000     0.00000     0.00000     0.00000     0.00000     0.00000     0.00000     0.00000     0.00000
    -6.57065     0.00000     0.00000     0.00000     0.00000     0.00000     0.00000     0.00000     0.00000     0.00000     0.00000
    -6.47365     0.00000     0.00000     0.00000     0.00000     0.00000     0.00000     0.00000     0.00000     0.00000     0.00000
    -6.37765     0.00000     0.00000     0.00000     0.00000     0.00000     0.00000     0.00000     0.00000     0.00000     0.00000
    -6.28165     0.00000     0.00000     0.00000     0.00000     0.00000     0.00000     0.00000     0.00000     0.00000     0.00000
    -6.18565     0.00000     0.00000     0.00000     0.00000     0.00000     0.00000     0.00000     0.00000     0.00000     0.00000
    -6.08865     0.00000     0.00000     0.00000     0.00000     0.00000     0.00000     0.00000     0.00000     0.00000     0.00000
    -5.99265     0.00000     0.00000     0.00000     0.00000     0.00000     0.00000     0.00000     0.00000     0.00000     0.00000
    -5.89665     0.00000     0.00000     0.00000     0.00000     0.00000     0.00000     0.00000     0.00000     0.00000     0.00000
    -5.79965     0.00000     0.00000     0.00000     0.00000     0.00000     0.00000     0.00000     0.00000     0.00000     0.00000
    -5.70365     0.00000     0.00000     0.00000     0.00000     0.00000     0.00000     0.00000     0.00000     0.00000     0.00000
    -5.60765     0.00000     0.00000     0.00000     0.00000     0.00000     0.00000     0.00000     0.00000     0.00000     0.00000
    -5.51165     0.00000     0.00000     0.00000     0.00000     0.00000     0.00000     0.00000     0.00000     0.00000     0.00000
    -5.41465     0.00000     0.00000     0.00000     0.00000     0.00000     0.00000     0.00000     0.00000     0.00000     0.00000
    -5.31865     0.00000     0.00000     0.00000     0.00000     0.00000     0.00000     0.00000     0.00000     0.00000     0.00000
    -5.22265     0.00000     0.00000     0.00000     0.00000     0.00000     0.00000     0.00000     0.00000     0.00000     0.00000
    -5.12665     0.00000     0.00000     0.00000     0.00000     0.00000     0.00000     0.00000     0.00000     0.00000     0.00000
    -5.02965     0.00000     0.00000     0.00000     0.00000     0.00000     0.00000     0.00000     0.00000     0.00000     0.00000
    -4.93365     0.00000     0.00000     0.00000     0.00000     0.00000     0.00000     0.00000     0.00000     0.00000     0.00000
    -4.83765     0.00000     0.00000     0.00000     0.00000     0.00000     0.00000     0.00000     0.00000     0.00000     0.00000
    -4.74165     0.00000     0.00000     0.00000     0.00000     0.00000     0.00000     0.00000     0.00000     0.00000     0.00000
    -4.64465     0.00000     0.00000     0.00000     0.00000     0.00000     0.00000     0.00000     0.00000     0.00000     0.00000
    -4.54865     0.00000     0.00000     0.00000     0.00000     0.00000     0.00000     0.00000     0.00000     0.00000     0.00000
    -4.45265     0.00000     0.00000     0.00000     0.00000     0.00000     0.00000     0.00000     0.00000     0.00000     0.00000
    -4.35565     0.00000     0.00000     0.00000     0.00000     0.00000     0.00000     0.00000     0.00000     0.00000     0.00000
    -4.25965     0.00000     0.00000     0.00000     0.00000     0.00000     0.00000     0.00000     0.00000     0.00000     0.00000
    -4.16365    -0.00170    -0.00914    -0.00891    -0.00873     0.00000     0.00000     0.00000     0.00000     0.00000    -0.02848
    -4.06765    -0.00942    -0.09599    -0.08158    -0.08449     0.00000     0.00000     0.00000     0.00000     0.00000    -0.27147
    -3.97065    -0.07942    -0.82988    -0.61900    -0.83007     0.00000     0.00000     0.00000     0.00000     0.00000    -2.35837
    -3.87465     0.00000     0.00000     0.00000     0.00000     0.00000     0.00000     0.00000     0.00000     0.00000     0.00000
    -3.77865    -0.01584    -0.19328    -0.22135    -0.18052     0.00000     0.00000     0.00000     0.00000     0.00000    -0.61098
    -3.68265     0.00000     0.00000     0.00000     0.00000     0.00000     0.00000     0.00000     0.00000     0.00000     0.00000
    -3.58565     0.00000     0.00000     0.00000     0.00000     0.00000     0.00000     0.00000     0.00000     0.00000     0.00000
    -3.48965    -0.00068    -0.01672    -0.01730    -0.01830     0.00000     0.00000     0.00000     0.00000     0.00000    -0.05301
    -3.39365    -0.00299    -0.03420    -0.03925    -0.03756     0.00000     0.00000     0.00000     0.00000     0.00000    -0.11401
    -3.29765    -0.00065    -0.04939    -0.04953    -0.05545     0.00000     0.00000     0.00000     0.00000     0.00000    -0.15502
    -3.20065    -0.00311    -0.37104    -0.48344    -0.42707     0.00000     0.00000     0.00000     0.00000     0.00000    -1.28466
    -3.10465    -0.00146    -0.21340    -0.27406    -0.24502     0.00000     0.00000     0.00000     0.00000     0.00000    -0.73394
    -3.00865    -0.00060    -0.09409    -0.11878    -0.10729     0.00000     0.00000     0.00000     0.00000     0.00000    -0.32076
    -2.91165    -0.00041    -0.08019    -0.10126    -0.09180     0.00000     0.00000     0.00000     0.00000     0.00000    -0.27366
    -2.81565    -0.00043    -0.21646    -0.28722    -0.24952     0.00000     0.00000     0.00000     0.00000     0.00000    -0.75363
    -2.71965    -0.00055    -0.08981    -0.10014    -0.10283     0.00000     0.00000     0.00000     0.00000     0.00000    -0.29333
    -2.62365    -0.00053    -0.27472    -0.31373    -0.31484     0.00000     0.00000     0.00000     0.00000     0.00000    -0.90382
    -2.52665     0.00000     0.00000     0.00000     0.00000     0.00000     0.00000     0.00000     0.00000     0.00000     0.00000
    -2.43065    -0.00035    -0.01639    -0.01937    -0.01843     0.00000     0.00000     0.00000     0.00000     0.00000    -0.05453
    -2.33465    -0.00254    -0.11409    -0.08268    -0.11231     0.00000     0.00000     0.00000     0.00000     0.00000    -0.31162
    -2.23865    -0.00064    -0.04778    -0.01884    -0.04586     0.00000     0.00000     0.00000     0.00000     0.00000    -0.11313
    -2.14165    -0.00181    -0.22072    -0.04954    -0.19486     0.00000     0.00000     0.00000     0.00000     0.00000    -0.46693
    -2.04565    -0.00628    -1.32320    -1.24960    -1.22900     0.00000     0.00000     0.00000     0.00000     0.00000    -3.80808
    -1.94965    -0.00341    -1.86360    -0.32008    -1.75060     0.00000     0.00000     0.00000     0.00000     0.00000    -3.93769
    -1.85365    -0.00159    -0.19750    -0.09817    -0.18480     0.00000     0.00000     0.00000     0.00000     0.00000    -0.48206
    -1.75665    -0.00053    -0.10303    -0.12359    -0.09797     0.00000     0.00000     0.00000     0.00000     0.00000    -0.32512
    -1.66065    -0.00064    -0.02950    -0.04427    -0.02887     0.00000     0.00000     0.00000     0.00000     0.00000    -0.10328
    -1.56465    -0.00068    -0.02125    -0.03061    -0.02172     0.00000     0.00000     0.00000     0.00000     0.00000    -0.07427
    -1.46765    -0.00086    -0.02560    -0.02245    -0.02776     0.00000     0.00000     0.00000     0.00000     0.00000    -0.07667
    -1.37165    -0.00030    -0.00716    -0.00645    -0.00771     0.00000     0.00000     0.00000     0.00000     0.00000    -0.02161
    -1.27565    -0.00072    -0.00973    -0.00888    -0.01050     0.00000     0.00000     0.00000     0.00000     0.00000    -0.02983
    -1.17965    -0.00064    -0.01192    -0.00966    -0.01274     0.00000     0.00000     0.00000     0.00000     0.00000    -0.03496
    -1.08265    -0.00049    -0.01070    -0.00718    -0.01147     0.00000     0.00000     0.00000     0.00000     0.00000    -0.02985
    -0.98665    -0.00066    -0.01131    -0.00947    -0.01219     0.00000     0.00000     0.00000     0.00000     0.00000    -0.03363
    -0.89065    -0.00264    -0.02888    -0.03583    -0.03279     0.00000     0.00000     0.00000     0.00000     0.00000    -0.10014
    -0.79465    -0.00095    -0.01852    -0.02033    -0.02108     0.00000     0.00000     0.00000     0.00000     0.00000    -0.06087
    -0.69765    -0.00049    -0.01293    -0.01410    -0.01463     0.00000     0.00000     0.00000     0.00000     0.00000    -0.04216
    -0.60165    -0.00000    -0.00009    -0.00010    -0.00010     0.00000     0.00000     0.00000     0.00000     0.00000    -0.00029
    -0.50565     0.00000     0.00000     0.00000     0.00000     0.00000     0.00000     0.00000     0.00000     0.00000     0.00000
    -0.40865     0.00000     0.00000     0.00000     0.00000     0.00000     0.00000     0.00000     0.00000     0.00000     0.00000
    -0.31265     0.00000     0.00000     0.00000     0.00000     0.00000     0.00000     0.00000     0.00000     0.00000     0.00000
    -0.21665     0.00000     0.00000     0.00000     0.00000     0.00000     0.00000     0.00000     0.00000     0.00000     0.00000
    -0.12065     0.00000     0.00000     0.00000     0.00000     0.00000     0.00000     0.00000     0.00000     0.00000     0.00000
    -0.02365     0.00000     0.00000     0.00000     0.00000     0.00000     0.00000     0.00000     0.00000     0.00000     0.00000
     0.07235     0.00000     0.00000     0.00000     0.00000     0.00000     0.00000     0.00000     0.00000     0.00000     0.00000
     0.16835     0.00000     0.00000     0.00000     0.00000     0.00000     0.00000     0.00000     0.00000     0.00000     0.00000
     0.26435     0.00000     0.00000     0.00000     0.00000     0.00000     0.00000     0.00000     0.00000     0.00000     0.00000
     0.36135     0.00000     0.00000     0.00000     0.00000     0.00000     0.00000     0.00000     0.00000     0.00000     0.00000
     0.45735     0.00000     0.00000     0.00000     0.00000     0.00000     0.00000     0.00000     0.00000     0.00000     0.00000
     0.55335     0.00000     0.00000     0.00000     0.00000     0.00000     0.00000     0.00000     0.00000     0.00000     0.00000
     0.64935     0.00000     0.00000     0.00000     0.00000     0.00000     0.00000     0.00000     0.00000     0.00000     0.00000
     0.74635     0.00000     0.00000     0.00000     0.00000     0.00000     0.00000     0.00000     0.00000     0.00000     0.00000
     0.84235     0.00000     0.00000     0.00000     0.00000     0.00000     0.00000     0.00000     0.00000     0.00000     0.00000
     0.93835     0.00000     0.00000     0.00000     0.00000     0.00000     0.00000     0.00000     0.00000     0.00000     0.00000
     1.03535     0.00000     0.00000     0.00000     0.00000     0.00000     0.00000     0.00000     0.00000     0.00000     0.00000
     1.13135     0.00000     0.00000     0.00000     0.00000     0.00000     0.00000     0.00000     0.00000     0.00000     0.00000
     1.22735     0.00000     0.00000     0.00000     0.00000     0.00000     0.00000     0.00000     0.00000     0.00000     0.00000
     1.32335     0.00000     0.00000     0.00000     0.00000     0.00000     0.00000     0.00000     0.00000     0.00000     0.00000
     1.42035     0.00000     0.00000     0.00000     0.00000     0.00000     0.00000     0.00000     0.00000     0.00000     0.00000
     1.51635     0.00000     0.00000     0.00000     0.00000     0.00000     0.00000     0.00000     0.00000     0.00000     0.00000
     1.61235     0.00000     0.00000     0.00000     0.00000     0.00000     0.00000     0.00000     0.00000     0.00000     0.00000
     1.70835     0.00000     0.00000     0.00000     0.00000     0.00000     0.00000     0.00000     0.00000     0.00000     0.00000
     1.80535     0.00000     0.00000     0.00000     0.00000     0.00000     0.00000     0.00000     0.00000     0.00000     0.00000
     1.90135     0.00000     0.00000     0.00000     0.00000     0.00000     0.00000     0.00000     0.00000     0.00000     0.00000
     1.99735     0.00000     0.00000     0.00000     0.00000     0.00000     0.00000     0.00000     0.00000     0.00000     0.00000
     2.09335     0.00000     0.00000     0.00000     0.00000     0.00000     0.00000     0.00000     0.00000     0.00000     0.00000
     2.19035     0.00000     0.00000     0.00000     0.00000     0.00000     0.00000     0.00000     0.00000     0.00000     0.00000
     2.28635     0.00000     0.00000     0.00000     0.00000     0.00000     0.00000     0.00000     0.00000     0.00000     0.00000
     2.38235     0.00000     0.00000     0.00000     0.00000     0.00000     0.00000     0.00000     0.00000     0.00000     0.00000
     2.47935     0.00000     0.00000     0.00000     0.00000     0.00000     0.00000     0.00000     0.00000     0.00000     0.00000
     2.57535     0.00000     0.00000     0.00000     0.00000     0.00000     0.00000     0.00000     0.00000     0.00000     0.00000
     2.67135     0.00000     0.00000     0.00000     0.00000     0.00000     0.00000     0.00000     0.00000     0.00000     0.00000
     2.76735     0.00000     0.00000     0.00000     0.00000     0.00000     0.00000     0.00000     0.00000     0.00000     0.00000
     2.86435     0.00000     0.00000     0.00000     0.00000     0.00000     0.00000     0.00000     0.00000     0.00000     0.00000
     2.96035    -0.00027    -0.00076    -0.00147    -0.00087     0.00000     0.00000     0.00000     0.00000     0.00000    -0.00336
     3.05635    -0.00062    -0.00190    -0.00236    -0.00206     0.00000     0.00000     0.00000     0.00000     0.00000    -0.00693
     3.15235    -0.00019    -0.00036    -0.00052    -0.00039     0.00000     0.00000     0.00000     0.00000     0.00000    -0.00146
     3.24935    -0.00131    -0.00304    -0.00305    -0.00332     0.00000     0.00000     0.00000     0.00000     0.00000    -0.01072
     3.34535    -0.00203    -0.00695    -0.00726    -0.00769     0.00000     0.00000     0.00000     0.00000     0.00000    -0.02394
     3.44135    -0.00193    -0.00377    -0.00590    -0.00419     0.00000     0.00000     0.00000     0.00000     0.00000    -0.01579
     3.53735    -0.00173    -0.00411    -0.00588    -0.00459     0.00000     0.00000     0.00000     0.00000     0.00000    -0.01631
     3.63435    -0.00096    -0.00242    -0.00328    -0.00277     0.00000     0.00000     0.00000     0.00000     0.00000    -0.00943
     3.73035    -0.00178    -0.00613    -0.00435    -0.00662     0.00000     0.00000     0.00000     0.00000     0.00000    -0.01889
     3.82635     0.00000     0.00000     0.00000     0.00000     0.00000     0.00000     0.00000     0.00000     0.00000     0.00000
     3.92335     0.00000     0.00000     0.00000     0.00000     0.00000     0.00000     0.00000     0.00000     0.00000     0.00000
     4.01935     0.00000     0.00000     0.00000     0.00000     0.00000     0.00000     0.00000     0.00000     0.00000     0.00000
     4.11535     0.00000     0.00000     0.00000     0.00000     0.00000     0.00000     0.00000     0.00000     0.00000     0.00000
     4.21135     0.00000     0.00000     0.00000     0.00000     0.00000     0.00000     0.00000     0.00000     0.00000     0.00000
     4.30835     0.00000     0.00000     0.00000     0.00000     0.00000     0.00000     0.00000     0.00000     0.00000     0.00000
     4.40435     0.00000     0.00000     0.00000     0.00000     0.00000     0.00000     0.00000     0.00000     0.00000     0.00000
     4.50035     0.00000     0.00000     0.00000     0.00000     0.00000     0.00000     0.00000     0.00000     0.00000     0.00000
     4.59635     0.00000     0.00000     0.00000     0.00000     0.00000     0.00000     0.00000     0.00000     0.00000     0.00000
     4.69335     0.00000     0.00000     0.00000     0.00000     0.00000     0.00000     0.00000     0.00000     0.00000     0.00000
     4.78935     0.00000     0.00000     0.00000     0.00000     0.00000     0.00000     0.00000     0.00000     0.00000     0.00000
     4.88535     0.00000     0.00000     0.00000     0.00000     0.00000     0.00000     0.00000     0.00000     0.00000     0.00000
     4.98135     0.00000     0.00000     0.00000     0.00000     0.00000     0.00000     0.00000     0.00000     0.00000     0.00000
     5.07835     0.00000     0.00000     0.00000     0.00000     0.00000     0.00000     0.00000     0.00000     0.00000     0.00000
     5.17435    -0.00374    -0.00178    -0.00167    -0.00168     0.00000     0.00000     0.00000     0.00000     0.00000    -0.00887
     5.27035    -0.01176    -0.00592    -0.00542    -0.00556     0.00000     0.00000     0.00000     0.00000     0.00000    -0.02866
     5.36735    -0.01291    -0.00704    -0.00635    -0.00661     0.00000     0.00000     0.00000     0.00000     0.00000    -0.03291
     5.46335    -0.01503    -0.00856    -0.00768    -0.00803     0.00000     0.00000     0.00000     0.00000     0.00000    -0.03931
     5.55935    -0.02665    -0.01463    -0.01324    -0.01371     0.00000     0.00000     0.00000     0.00000     0.00000    -0.06824
     5.65535    -0.04840    -0.02734    -0.02482    -0.02561     0.00000     0.00000     0.00000     0.00000     0.00000    -0.12617
     5.75235    -0.01995    -0.01590    -0.01418    -0.01482     0.00000     0.00000     0.00000     0.00000     0.00000    -0.06485
     5.84835    -0.04447    -0.03103    -0.02829    -0.02882     0.00000     0.00000     0.00000     0.00000     0.00000    -0.13261
     5.94435    -0.01550    -0.01194    -0.01053    -0.01180     0.00000     0.00000     0.00000     0.00000     0.00000    -0.04976
     6.04035    -0.02993    -0.02694    -0.02426    -0.02556     0.00000     0.00000     0.00000     0.00000     0.00000    -0.10668
     6.13735    -0.02726    -0.02947    -0.02637    -0.02776     0.00000     0.00000     0.00000     0.00000     0.00000    -0.11086
     6.23335    -0.02916    -0.03895    -0.03508    -0.03674     0.00000     0.00000     0.00000     0.00000     0.00000    -0.13992
     6.32935    -0.01775    -0.02201    -0.02057    -0.02100     0.00000     0.00000     0.00000     0.00000     0.00000    -0.08132
     6.42635    -0.02761    -0.02452    -0.02323    -0.02524     0.00000     0.00000     0.00000     0.00000     0.00000    -0.10059
     6.52235    -0.07328    -0.04845    -0.04762    -0.04829     0.00000     0.00000     0.00000     0.00000     0.00000    -0.21764
     6.61835    -0.06268    -0.04030    -0.03844    -0.03932     0.00000     0.00000     0.00000     0.00000     0.00000    -0.18074
     6.71435    -0.07185    -0.04376    -0.03699    -0.04162     0.00000     0.00000     0.00000     0.00000     0.00000    -0.19422
     6.81135    -0.06276    -0.04177    -0.04796    -0.04030     0.00000     0.00000     0.00000     0.00000     0.00000    -0.19280
     6.90735    -0.03786    -0.02630    -0.02676    -0.02609     0.00000     0.00000     0.00000     0.00000     0.00000    -0.11701
     7.00335    -0.03009    -0.01741    -0.01767    -0.01769     0.00000     0.00000     0.00000     0.00000     0.00000    -0.08285
     7.09935    -0.00873    -0.00657    -0.00666    -0.00674     0.00000     0.00000     0.00000     0.00000     0.00000    -0.02870
     7.19635    -0.04167    -0.02781    -0.03243    -0.02799     0.00000     0.00000     0.00000     0.00000     0.00000    -0.12990
     7.29235    -0.05433    -0.04129    -0.04761    -0.04071     0.00000     0.00000     0.00000     0.00000     0.00000    -0.18394
     7.38835    -0.04483    -0.02681    -0.02750    -0.02774     0.00000     0.00000     0.00000     0.00000     0.00000    -0.12688
     7.48435    -0.04574    -0.03429    -0.03024    -0.03552     0.00000     0.00000     0.00000     0.00000     0.00000    -0.14580
     7.58135    -0.02004    -0.01741    -0.01386    -0.01847     0.00000     0.00000     0.00000     0.00000     0.00000    -0.06979
     7.67735    -0.02700    -0.01903    -0.02166    -0.01966     0.00000     0.00000     0.00000     0.00000     0.00000    -0.08735
     7.77335    -0.05144    -0.03495    -0.04214    -0.03581     0.00000     0.00000     0.00000     0.00000     0.00000    -0.16434
     7.87035    -0.05060    -0.04150    -0.04415    -0.04288     0.00000     0.00000     0.00000     0.00000     0.00000    -0.17912
     7.96635    -0.04795    -0.04024    -0.04150    -0.04102     0.00000     0.00000     0.00000     0.00000     0.00000    -0.17071
     8.06235    -0.04261    -0.04249    -0.04449    -0.04412     0.00000     0.00000     0.00000     0.00000     0.00000    -0.17372
     8.15835    -0.06311    -0.06939    -0.06567    -0.07365     0.00000     0.00000     0.00000     0.00000     0.00000    -0.27181
     8.25535    -0.07009    -0.06462    -0.06796    -0.06817     0.00000     0.00000     0.00000     0.00000     0.00000    -0.27083
     8.35135    -0.08241    -0.14657    -0.15849    -0.15841     0.00000     0.00000     0.00000     0.00000     0.00000    -0.54588
     8.44735    -0.05125    -0.08303    -0.10315    -0.09347     0.00000     0.00000     0.00000     0.00000     0.00000    -0.33090
     8.54335    -0.07816    -0.11721    -0.14046    -0.12738     0.00000     0.00000     0.00000     0.00000     0.00000    -0.46321
     8.64035    -0.05678    -0.14896    -0.20833    -0.16667     0.00000     0.00000     0.00000     0.00000     0.00000    -0.58074
     8.73635    -0.06114    -0.26037    -0.31634    -0.28838     0.00000     0.00000     0.00000     0.00000     0.00000    -0.92623
     8.83235    -0.07866    -0.35734    -0.46866    -0.40525     0.00000     0.00000     0.00000     0.00000     0.00000    -1.30991
     8.92835    -0.07953    -0.17796    -0.20139    -0.20549     0.00000     0.00000     0.00000     0.00000     0.00000    -0.66437
     9.02535    -0.11331    -0.17696    -0.22030    -0.19626     0.00000     0.00000     0.00000     0.00000     0.00000    -0.70683
     9.12135    -0.06951    -0.08381    -0.08631    -0.08230     0.00000     0.00000     0.00000     0.00000     0.00000    -0.32193
     9.21735    -0.09264    -0.09313    -0.10707    -0.09762     0.00000     0.00000     0.00000     0.00000     0.00000    -0.39046
     9.31435    -0.13954    -0.08573    -0.07818    -0.08480     0.00000     0.00000     0.00000     0.00000     0.00000    -0.38826
     9.41035    -0.06621    -0.07251    -0.07166    -0.07317     0.00000     0.00000     0.00000     0.00000     0.00000    -0.28355
     9.50635    -0.08150    -0.07161    -0.06345    -0.07659     0.00000     0.00000     0.00000     0.00000     0.00000    -0.29316
     9.60235    -0.06284    -0.06064    -0.04809    -0.06459     0.00000     0.00000     0.00000     0.00000     0.00000    -0.23615
     9.69935    -0.07315    -0.06306    -0.05763    -0.06444     0.00000     0.00000     0.00000     0.00000     0.00000    -0.25828
     9.79535    -0.05822    -0.04910    -0.04982    -0.05053     0.00000     0.00000     0.00000     0.00000     0.00000    -0.20768
     9.89135    -0.07829    -0.06559    -0.06428    -0.06901     0.00000     0.00000     0.00000     0.00000     0.00000    -0.27716
     9.98735    -0.11571    -0.06705    -0.08442    -0.06862     0.00000     0.00000     0.00000     0.00000     0.00000    -0.33580
    10.08435    -0.09335    -0.06739    -0.04961    -0.06312     0.00000     0.00000     0.00000     0.00000     0.00000    -0.27347
    10.18035    -0.08176    -0.05216    -0.06241    -0.05498     0.00000     0.00000     0.00000     0.00000     0.00000    -0.25132
    10.27635    -0.08164    -0.06393    -0.06744    -0.06926     0.00000     0.00000     0.00000     0.00000     0.00000    -0.28227
    10.37235    -0.06744    -0.06104    -0.06598    -0.06130     0.00000     0.00000     0.00000     0.00000     0.00000    -0.25576
    10.46935    -0.10085    -0.08683    -0.07597    -0.09414     0.00000     0.00000     0.00000     0.00000     0.00000    -0.35778
    10.56535    -0.07574    -0.06259    -0.05307    -0.06507     0.00000     0.00000     0.00000     0.00000     0.00000    -0.25648
    10.66135    -0.07763    -0.05978    -0.05079    -0.06192     0.00000     0.00000     0.00000     0.00000     0.00000    -0.25011
    10.75835    -0.11258    -0.07732    -0.07676    -0.07388     0.00000     0.00000     0.00000     0.00000     0.00000    -0.34054
    10.85435    -0.08123    -0.05312    -0.05328    -0.05473     0.00000     0.00000     0.00000     0.00000     0.00000    -0.24236
    10.95035    -0.10596    -0.08110    -0.07311    -0.07682     0.00000     0.00000     0.00000     0.00000     0.00000    -0.33699
    11.04635    -0.10534    -0.05998    -0.07395    -0.06362     0.00000     0.00000     0.00000     0.00000     0.00000    -0.30289
    11.14335    -0.13643    -0.07444    -0.09277    -0.07748     0.00000     0.00000     0.00000     0.00000     0.00000    -0.38111
    11.23935    -0.03223    -0.02055    -0.02190    -0.02126     0.00000     0.00000     0.00000     0.00000     0.00000    -0.09593
    11.33535     0.00000     0.00000     0.00000     0.00000     0.00000     0.00000     0.00000     0.00000     0.00000     0.00000
    11.43135     0.00000     0.00000     0.00000     0.00000     0.00000     0.00000     0.00000     0.00000     0.00000     0.00000
    11.52835     0.00000     0.00000     0.00000     0.00000     0.00000     0.00000     0.00000     0.00000     0.00000     0.00000
    11.62435     0.00000     0.00000     0.00000     0.00000     0.00000     0.00000     0.00000     0.00000     0.00000     0.00000
    11.72035     0.00000     0.00000     0.00000     0.00000     0.00000     0.00000     0.00000     0.00000     0.00000     0.00000
    11.81635     0.00000     0.00000     0.00000     0.00000     0.00000     0.00000     0.00000     0.00000     0.00000     0.00000
    11.91335     0.00000     0.00000     0.00000     0.00000     0.00000     0.00000     0.00000     0.00000     0.00000     0.00000
    12.00935     0.00000     0.00000     0.00000     0.00000     0.00000     0.00000     0.00000     0.00000     0.00000     0.00000
    12.10535     0.00000     0.00000     0.00000     0.00000     0.00000     0.00000     0.00000     0.00000     0.00000     0.00000
    12.20235     0.00000     0.00000     0.00000     0.00000     0.00000     0.00000     0.00000     0.00000     0.00000     0.00000
    12.29835     0.00000     0.00000     0.00000     0.00000     0.00000     0.00000     0.00000     0.00000     0.00000     0.00000
    12.39435     0.00000     0.00000     0.00000     0.00000     0.00000     0.00000     0.00000     0.00000     0.00000     0.00000
    12.49035     0.00000     0.00000     0.00000     0.00000     0.00000     0.00000     0.00000     0.00000     0.00000     0.00000
    12.58735     0.00000     0.00000     0.00000     0.00000     0.00000     0.00000     0.00000     0.00000     0.00000     0.00000
