     #Energy           s          py          pz          px         dxy         dyz         dz2         dxz         dx2       tot  
   -16.29365     0.00000     0.00000     0.00000     0.00000     0.00000     0.00000     0.00000     0.00000     0.00000     0.00000
   -16.19665     0.00000     0.00000     0.00000     0.00000     0.00000     0.00000     0.00000     0.00000     0.00000     0.00000
   -16.10065     0.00000     0.00000     0.00000     0.00000     0.00000     0.00000     0.00000     0.00000     0.00000     0.00000
   -16.00465     0.00000     0.00000     0.00000     0.00000     0.00000     0.00000     0.00000     0.00000     0.00000     0.00000
   -15.90865     0.00000     0.00000     0.00000     0.00000     0.00000     0.00000     0.00000     0.00000     0.00000     0.00000
   -15.81165     0.00000     0.00000     0.00000     0.00000     0.00000     0.00000     0.00000     0.00000     0.00000     0.00000
   -15.71565     0.00000     0.00000     0.00000     0.00000     0.00000     0.00000     0.00000     0.00000     0.00000     0.00000
   -15.61965     0.00000     0.00000     0.00000     0.00000     0.00000     0.00000     0.00000     0.00000     0.00000     0.00000
   -15.52265     0.00000     0.00000     0.00000     0.00000     0.00000     0.00000     0.00000     0.00000     0.00000     0.00000
   -15.42665     0.00000     0.00000     0.00000     0.00000     0.00000     0.00000     0.00000     0.00000     0.00000     0.00000
   -15.33065     0.00000     0.00000     0.00000     0.00000     0.00000     0.00000     0.00000     0.00000     0.00000     0.00000
   -15.23465     0.00000     0.00000     0.00000     0.00000     0.00000     0.00000     0.00000     0.00000     0.00000     0.00000
   -15.13765     0.00000     0.00000     0.00000     0.00000     0.00000     0.00000     0.00000     0.00000     0.00000     0.00000
   -15.04165     0.00000     0.00000     0.00000     0.00000     0.00000     0.00000     0.00000     0.00000     0.00000     0.00000
   -14.94565     0.00000     0.00000     0.00000     0.00000     0.00000     0.00000     0.00000     0.00000     0.00000     0.00000
   -14.84965     0.00000     0.00000     0.00000     0.00000     0.00000     0.00000     0.00000     0.00000     0.00000     0.00000
   -14.75265     0.00000     0.00000     0.00000     0.00000     0.00000     0.00000     0.00000     0.00000     0.00000     0.00000
   -14.65665    -6.84790    -0.01137    -0.01300    -0.01221    -0.00002    -0.00004    -0.00121    -0.00002    -0.00122    -6.88700
   -14.56065   -10.41660    -0.01817    -0.02022    -0.01926    -0.00004    -0.00007    -0.00186    -0.00003    -0.00187   -10.47812
   -14.46465   -10.34270    -0.01854    -0.02028    -0.01944    -0.00006    -0.00009    -0.00190    -0.00005    -0.00187   -10.40494
   -14.36765    -5.31680    -0.00944    -0.01018    -0.00984    -0.00005    -0.00007    -0.00098    -0.00005    -0.00098    -5.34837
   -14.27165    -2.72330    -0.00449    -0.00482    -0.00467    -0.00004    -0.00005    -0.00048    -0.00004    -0.00048    -2.73836
   -14.17565   -10.63680    -0.01527    -0.01678    -0.01595    -0.00018    -0.00021    -0.00166    -0.00018    -0.00168   -10.68871
   -14.07865   -30.68860    -0.02065    -0.02157    -0.02112    -0.00093    -0.00105    -0.00363    -0.00106    -0.00375   -30.76234
   -13.98265   -61.64700    -0.04642    -0.05282    -0.04909    -0.00197    -0.00202    -0.00710    -0.00191    -0.00718   -61.81551
   -13.88665   -36.41480    -0.01592    -0.01593    -0.01652    -0.00057    -0.00050    -0.00401    -0.00042    -0.00387   -36.47256
   -13.79065     0.00000     0.00000     0.00000     0.00000     0.00000     0.00000     0.00000     0.00000     0.00000     0.00000
   -13.69365     0.00000     0.00000     0.00000     0.00000     0.00000     0.00000     0.00000     0.00000     0.00000     0.00000
   -13.59765     0.00000     0.00000     0.00000     0.00000     0.00000     0.00000     0.00000     0.00000     0.00000     0.00000
   -13.50165     0.00000     0.00000     0.00000     0.00000     0.00000     0.00000     0.00000     0.00000     0.00000     0.00000
   -13.40565     0.00000     0.00000     0.00000     0.00000     0.00000     0.00000     0.00000     0.00000     0.00000     0.00000
   -13.30865     0.00000     0.00000     0.00000     0.00000     0.00000     0.00000     0.00000     0.00000     0.00000     0.00000
   -13.21265     0.00000     0.00000     0.00000     0.00000     0.00000     0.00000     0.00000     0.00000     0.00000     0.00000
   -13.11665     0.00000     0.00000     0.00000     0.00000     0.00000     0.00000     0.00000     0.00000     0.00000     0.00000
   -13.02065     0.00000     0.00000     0.00000     0.00000     0.00000     0.00000     0.00000     0.00000     0.00000     0.00000
   -12.92365     0.00000     0.00000     0.00000     0.00000     0.00000     0.00000     0.00000     0.00000     0.00000     0.00000
   -12.82765     0.00000     0.00000     0.00000     0.00000     0.00000     0.00000     0.00000     0.00000     0.00000     0.00000
   -12.73165     0.00000     0.00000     0.00000     0.00000     0.00000     0.00000     0.00000     0.00000     0.00000     0.00000
   -12.63465     0.00000     0.00000     0.00000     0.00000     0.00000     0.00000     0.00000     0.00000     0.00000     0.00000
   -12.53865     0.00000     0.00000     0.00000     0.00000     0.00000     0.00000     0.00000     0.00000     0.00000     0.00000
   -12.44265     0.00000     0.00000     0.00000     0.00000     0.00000     0.00000     0.00000     0.00000     0.00000     0.00000
   -12.34665     0.00000     0.00000     0.00000     0.00000     0.00000     0.00000     0.00000     0.00000     0.00000     0.00000
   -12.24965     0.00000     0.00000     0.00000     0.00000     0.00000     0.00000     0.00000     0.00000     0.00000     0.00000
   -12.15365     0.00000     0.00000     0.00000     0.00000     0.00000     0.00000     0.00000     0.00000     0.00000     0.00000
   -12.05765     0.00000     0.00000     0.00000     0.00000     0.00000     0.00000     0.00000     0.00000     0.00000     0.00000
   -11.96165     0.00000     0.00000     0.00000     0.00000     0.00000     0.00000     0.00000     0.00000     0.00000     0.00000
   -11.86465     0.00000     0.00000     0.00000     0.00000     0.00000     0.00000     0.00000     0.00000     0.00000     0.00000
   -11.76865     0.00000     0.00000     0.00000     0.00000     0.00000     0.00000     0.00000     0.00000     0.00000     0.00000
   -11.67265     0.00000     0.00000     0.00000     0.00000     0.00000     0.00000     0.00000     0.00000     0.00000     0.00000
   -11.57665     0.00000     0.00000     0.00000     0.00000     0.00000     0.00000     0.00000     0.00000     0.00000     0.00000
   -11.47965     0.00000     0.00000     0.00000     0.00000     0.00000     0.00000     0.00000     0.00000     0.00000     0.00000
   -11.38365     0.00000     0.00000     0.00000     0.00000     0.00000     0.00000     0.00000     0.00000     0.00000     0.00000
   -11.28765     0.00000     0.00000     0.00000     0.00000     0.00000     0.00000     0.00000     0.00000     0.00000     0.00000
   -11.19065     0.00000     0.00000     0.00000     0.00000     0.00000     0.00000     0.00000     0.00000     0.00000     0.00000
   -11.09465     0.00000     0.00000     0.00000     0.00000     0.00000     0.00000     0.00000     0.00000     0.00000     0.00000
   -10.99865     0.00000     0.00000     0.00000     0.00000     0.00000     0.00000     0.00000     0.00000     0.00000     0.00000
   -10.90265     0.00000     0.00000     0.00000     0.00000     0.00000     0.00000     0.00000     0.00000     0.00000     0.00000
   -10.80565     0.00000     0.00000     0.00000     0.00000     0.00000     0.00000     0.00000     0.00000     0.00000     0.00000
   -10.70965     0.00000     0.00000     0.00000     0.00000     0.00000     0.00000     0.00000     0.00000     0.00000     0.00000
   -10.61365     0.00000     0.00000     0.00000     0.00000     0.00000     0.00000     0.00000     0.00000     0.00000     0.00000
   -10.51765     0.00000     0.00000     0.00000     0.00000     0.00000     0.00000     0.00000     0.00000     0.00000     0.00000
   -10.42065     0.00000     0.00000     0.00000     0.00000     0.00000     0.00000     0.00000     0.00000     0.00000     0.00000
   -10.32465     0.00000     0.00000     0.00000     0.00000     0.00000     0.00000     0.00000     0.00000     0.00000     0.00000
   -10.22865     0.00000     0.00000     0.00000     0.00000     0.00000     0.00000     0.00000     0.00000     0.00000     0.00000
   -10.13265     0.00000     0.00000     0.00000     0.00000     0.00000     0.00000     0.00000     0.00000     0.00000     0.00000
   -10.03565     0.00000     0.00000     0.00000     0.00000     0.00000     0.00000     0.00000     0.00000     0.00000     0.00000
    -9.93965     0.00000     0.00000     0.00000     0.00000     0.00000     0.00000     0.00000     0.00000     0.00000     0.00000
    -9.84365     0.00000     0.00000     0.00000     0.00000     0.00000     0.00000     0.00000     0.00000     0.00000     0.00000
    -9.74665     0.00000     0.00000     0.00000     0.00000     0.00000     0.00000     0.00000     0.00000     0.00000     0.00000
    -9.65065     0.00000     0.00000     0.00000     0.00000     0.00000     0.00000     0.00000     0.00000     0.00000     0.00000
    -9.55465     0.00000     0.00000     0.00000     0.00000     0.00000     0.00000     0.00000     0.00000     0.00000     0.00000
    -9.45865     0.00000     0.00000     0.00000     0.00000     0.00000     0.00000     0.00000     0.00000     0.00000     0.00000
    -9.36165     0.00000     0.00000     0.00000     0.00000     0.00000     0.00000     0.00000     0.00000     0.00000     0.00000
    -9.26565     0.00000     0.00000     0.00000     0.00000     0.00000     0.00000     0.00000     0.00000     0.00000     0.00000
    -9.16965     0.00000     0.00000     0.00000     0.00000     0.00000     0.00000     0.00000     0.00000     0.00000     0.00000
    -9.07365     0.00000     0.00000     0.00000     0.00000     0.00000     0.00000     0.00000     0.00000     0.00000     0.00000
    -8.97665     0.00000     0.00000     0.00000     0.00000     0.00000     0.00000     0.00000     0.00000     0.00000     0.00000
    -8.88065     0.00000     0.00000     0.00000     0.00000     0.00000     0.00000     0.00000     0.00000     0.00000     0.00000
    -8.78465     0.00000     0.00000     0.00000     0.00000     0.00000     0.00000     0.00000     0.00000     0.00000     0.00000
    -8.68765     0.00000     0.00000     0.00000     0.00000     0.00000     0.00000     0.00000     0.00000     0.00000     0.00000
    -8.59165     0.00000     0.00000     0.00000     0.00000     0.00000     0.00000     0.00000     0.00000     0.00000     0.00000
    -8.49565     0.00000     0.00000     0.00000     0.00000     0.00000     0.00000     0.00000     0.00000     0.00000     0.00000
    -8.39965     0.00000     0.00000     0.00000     0.00000     0.00000     0.00000     0.00000     0.00000     0.00000     0.00000
    -8.30265     0.00000     0.00000     0.00000     0.00000     0.00000     0.00000     0.00000     0.00000     0.00000     0.00000
    -8.20665     0.00000     0.00000     0.00000     0.00000     0.00000     0.00000     0.00000     0.00000     0.00000     0.00000
    -8.11065     0.00000     0.00000     0.00000     0.00000     0.00000     0.00000     0.00000     0.00000     0.00000     0.00000
    -8.01465     0.00000     0.00000     0.00000     0.00000     0.00000     0.00000     0.00000     0.00000     0.00000     0.00000
    -7.91765     0.00000     0.00000     0.00000     0.00000     0.00000     0.00000     0.00000     0.00000     0.00000     0.00000
    -7.82165     0.00000     0.00000     0.00000     0.00000     0.00000     0.00000     0.00000     0.00000     0.00000     0.00000
    -7.72565     0.00000     0.00000     0.00000     0.00000     0.00000     0.00000     0.00000     0.00000     0.00000     0.00000
    -7.62965     0.00000     0.00000     0.00000     0.00000     0.00000     0.00000     0.00000     0.00000     0.00000     0.00000
    -7.53265     0.00000     0.00000     0.00000     0.00000     0.00000     0.00000     0.00000     0.00000     0.00000     0.00000
    -7.43665     0.00000     0.00000     0.00000     0.00000     0.00000     0.00000     0.00000     0.00000     0.00000     0.00000
    -7.34065     0.00000     0.00000     0.00000     0.00000     0.00000     0.00000     0.00000     0.00000     0.00000     0.00000
    -7.24365     0.00000     0.00000     0.00000     0.00000     0.00000     0.00000     0.00000     0.00000     0.00000     0.00000
    -7.14765     0.00000     0.00000     0.00000     0.00000     0.00000     0.00000     0.00000     0.00000     0.00000     0.00000
    -7.05165     0.00000     0.00000     0.00000     0.00000     0.00000     0.00000     0.00000     0.00000     0.00000     0.00000
    -6.95565     0.00000     0.00000     0.00000     0.00000     0.00000     0.00000     0.00000     0.00000     0.00000     0.00000
    -6.85865     0.00000     0.00000     0.00000     0.00000     0.00000     0.00000     0.00000     0.00000     0.00000     0.00000
    -6.76265     0.00000     0.00000     0.00000     0.00000     0.00000     0.00000     0.00000     0.00000     0.00000     0.00000
    -6.66665     0.00000     0.00000     0.00000     0.00000     0.00000     0.00000     0.00000     0.00000     0.00000     0.00000
    -6.57065     0.00000     0.00000     0.00000     0.00000     0.00000     0.00000     0.00000     0.00000     0.00000     0.00000
    -6.47365     0.00000     0.00000     0.00000     0.00000     0.00000     0.00000     0.00000     0.00000     0.00000     0.00000
    -6.37765     0.00000     0.00000     0.00000     0.00000     0.00000     0.00000     0.00000     0.00000     0.00000     0.00000
    -6.28165     0.00000     0.00000     0.00000     0.00000     0.00000     0.00000     0.00000     0.00000     0.00000     0.00000
    -6.18565     0.00000     0.00000     0.00000     0.00000     0.00000     0.00000     0.00000     0.00000     0.00000     0.00000
    -6.08865     0.00000     0.00000     0.00000     0.00000     0.00000     0.00000     0.00000     0.00000     0.00000     0.00000
    -5.99265     0.00000     0.00000     0.00000     0.00000     0.00000     0.00000     0.00000     0.00000     0.00000     0.00000
    -5.89665     0.00000     0.00000     0.00000     0.00000     0.00000     0.00000     0.00000     0.00000     0.00000     0.00000
    -5.79965     0.00000     0.00000     0.00000     0.00000     0.00000     0.00000     0.00000     0.00000     0.00000     0.00000
    -5.70365     0.00000     0.00000     0.00000     0.00000     0.00000     0.00000     0.00000     0.00000     0.00000     0.00000
    -5.60765     0.00000     0.00000     0.00000     0.00000     0.00000     0.00000     0.00000     0.00000     0.00000     0.00000
    -5.51165     0.00000     0.00000     0.00000     0.00000     0.00000     0.00000     0.00000     0.00000     0.00000     0.00000
    -5.41465     0.00000     0.00000     0.00000     0.00000     0.00000     0.00000     0.00000     0.00000     0.00000     0.00000
    -5.31865     0.00000     0.00000     0.00000     0.00000     0.00000     0.00000     0.00000     0.00000     0.00000     0.00000
    -5.22265     0.00000     0.00000     0.00000     0.00000     0.00000     0.00000     0.00000     0.00000     0.00000     0.00000
    -5.12665     0.00000     0.00000     0.00000     0.00000     0.00000     0.00000     0.00000     0.00000     0.00000     0.00000
    -5.02965     0.00000     0.00000     0.00000     0.00000     0.00000     0.00000     0.00000     0.00000     0.00000     0.00000
    -4.93365     0.00000     0.00000     0.00000     0.00000     0.00000     0.00000     0.00000     0.00000     0.00000     0.00000
    -4.83765     0.00000     0.00000     0.00000     0.00000     0.00000     0.00000     0.00000     0.00000     0.00000     0.00000
    -4.74165     0.00000     0.00000     0.00000     0.00000     0.00000     0.00000     0.00000     0.00000     0.00000     0.00000
    -4.64465     0.00000     0.00000     0.00000     0.00000     0.00000     0.00000     0.00000     0.00000     0.00000     0.00000
    -4.54865     0.00000     0.00000     0.00000     0.00000     0.00000     0.00000     0.00000     0.00000     0.00000     0.00000
    -4.45265     0.00000     0.00000     0.00000     0.00000     0.00000     0.00000     0.00000     0.00000     0.00000     0.00000
    -4.35565     0.00000     0.00000     0.00000     0.00000     0.00000     0.00000     0.00000     0.00000     0.00000     0.00000
    -4.25965     0.00000     0.00000     0.00000     0.00000     0.00000     0.00000     0.00000     0.00000     0.00000     0.00000
    -4.16365    -0.20311    -2.12106    -1.94152    -2.03943    -0.00170    -0.00213    -0.01931    -0.00180    -0.01968    -6.34973
    -4.06765    -0.10494    -0.77700    -0.73350    -0.75397    -0.00073    -0.00085    -0.00634    -0.00075    -0.00628    -2.38436
    -3.97065    -0.10502    -0.63854    -0.61934    -0.62439    -0.00077    -0.00074    -0.00512    -0.00065    -0.00458    -1.99914
    -3.87465     0.00000     0.00000     0.00000     0.00000     0.00000     0.00000     0.00000     0.00000     0.00000     0.00000
    -3.77865    -1.05786    -5.23276    -5.61968    -5.46487    -0.00891    -0.00881    -0.03476    -0.00861    -0.02995   -17.46621
    -3.68265     0.00000     0.00000     0.00000     0.00000     0.00000     0.00000     0.00000     0.00000     0.00000     0.00000
    -3.58565     0.00000     0.00000     0.00000     0.00000     0.00000     0.00000     0.00000     0.00000     0.00000     0.00000
    -3.48965    -0.13238    -4.27273    -3.93233    -4.13842    -0.01065    -0.01075    -0.00817    -0.01103    -0.00831   -12.52476
    -3.39365    -0.24910    -7.23886    -7.35650    -7.18262    -0.02697    -0.03296    -0.01162    -0.03331    -0.01101   -22.14294
    -3.29765    -0.05676    -2.37779    -2.37114    -2.33875    -0.00979    -0.01022    -0.00522    -0.01066    -0.00443    -7.18476
    -3.20065    -0.16761    -6.65769    -5.53917    -6.56363    -0.02909    -0.02560    -0.01238    -0.02629    -0.01018   -19.03165
    -3.10465    -0.14217    -4.50730    -4.33350    -4.52280    -0.01742    -0.01836    -0.00942    -0.01888    -0.00944   -13.57929
    -3.00865    -0.15339    -3.63279    -4.05371    -3.69233    -0.01377    -0.01464    -0.00954    -0.01514    -0.00878   -11.59410
    -2.91165    -0.07534    -2.46251    -2.80139    -2.49166    -0.00994    -0.01030    -0.00878    -0.01063    -0.00778    -7.87833
    -2.81565    -0.05744    -3.19600    -2.83548    -3.18933    -0.01022    -0.01367    -0.00993    -0.01356    -0.01397    -9.33960
    -2.71965    -0.03599    -3.57415    -3.72918    -3.63589    -0.01419    -0.01356    -0.01496    -0.01426    -0.01377   -11.04595
    -2.62365    -0.04278    -2.47409    -2.25371    -2.43073    -0.01025    -0.00788    -0.01087    -0.00795    -0.01013    -7.24838
    -2.52665     0.00000     0.00000     0.00000     0.00000     0.00000     0.00000     0.00000     0.00000     0.00000     0.00000
    -2.43065    -0.02906    -2.28142    -2.03268    -2.20811    -0.00594    -0.00599    -0.01157    -0.00572    -0.01279    -6.59328
    -2.33465    -0.27631   -17.49230   -17.81010   -16.94000    -0.03425    -0.02639    -0.12552    -0.02533    -0.10973   -52.83992
    -2.23865    -0.03110    -3.59660    -3.69090    -3.42250    -0.00727    -0.00701    -0.02306    -0.00652    -0.01959   -10.80455
    -2.14165    -0.03434    -3.66790    -4.05930    -3.70050    -0.00658    -0.00660    -0.00988    -0.00656    -0.01089   -11.50255
    -2.04565    -0.07871    -4.58768    -4.93220    -4.81144    -0.00560    -0.00571    -0.01083    -0.00584    -0.01123   -14.44924
    -1.94965    -0.06650    -3.78973    -3.73511    -3.84487    -0.00605    -0.00578    -0.00759    -0.00579    -0.00877   -11.47020
    -1.85365    -0.06627    -4.13722    -4.76661    -4.38900    -0.00593    -0.00593    -0.00732    -0.00578    -0.00804   -13.39210
    -1.75665    -0.07184    -4.69030    -5.16180    -4.86250    -0.00612    -0.00636    -0.00921    -0.00613    -0.00879   -14.82305
    -1.66065    -0.03853    -3.55671    -3.65123    -3.67253    -0.00472    -0.00471    -0.00524    -0.00469    -0.00584   -10.94420
    -1.56465    -0.04252    -3.67091    -3.97760    -3.79068    -0.00447    -0.00483    -0.00623    -0.00485    -0.00658   -11.50866
    -1.46765    -0.04845    -4.17457    -3.48307    -4.13872    -0.00952    -0.00771    -0.00869    -0.00720    -0.00781   -11.88575
    -1.37165    -0.02959    -2.99475    -2.57099    -2.91646    -0.00625    -0.00614    -0.00688    -0.00601    -0.00667    -8.54374
    -1.27565    -0.04168    -3.30923    -3.36399    -3.32853    -0.00572    -0.00579    -0.00595    -0.00577    -0.00634   -10.07301
    -1.17965    -0.07877    -6.95853    -5.74327    -6.82438    -0.01225    -0.01389    -0.01191    -0.01331    -0.01666   -19.67296
    -1.08265    -0.04090    -4.25770    -4.33498    -4.18418    -0.00589    -0.00632    -0.01026    -0.00614    -0.01083   -12.85720
    -0.98665    -0.02077    -4.84391    -4.54421    -4.82814    -0.00498    -0.00552    -0.01516    -0.00512    -0.01545   -14.28326
    -0.89065    -0.04107    -7.93946    -7.59985    -7.96416    -0.00724    -0.00763    -0.01259    -0.00723    -0.01281   -23.59204
    -0.79465    -0.03123    -4.67008    -4.75735    -4.56438    -0.00524    -0.00488    -0.00818    -0.00469    -0.00897   -14.05500
    -0.69765    -0.02469    -5.57890    -5.07480    -5.32860    -0.00340    -0.00345    -0.00710    -0.00332    -0.00785   -16.03211
    -0.60165    -0.00004    -0.30754    -0.11390    -0.29419    -0.00011    -0.00006    -0.00030    -0.00006    -0.00062    -0.71682
    -0.50565     0.00000     0.00000     0.00000     0.00000     0.00000     0.00000     0.00000     0.00000     0.00000     0.00000
    -0.40865     0.00000     0.00000     0.00000     0.00000     0.00000     0.00000     0.00000     0.00000     0.00000     0.00000
    -0.31265     0.00000     0.00000     0.00000     0.00000     0.00000     0.00000     0.00000     0.00000     0.00000     0.00000
    -0.21665     0.00000     0.00000     0.00000     0.00000     0.00000     0.00000     0.00000     0.00000     0.00000     0.00000
    -0.12065     0.00000     0.00000     0.00000     0.00000     0.00000     0.00000     0.00000     0.00000     0.00000     0.00000
    -0.02365     0.00000     0.00000     0.00000     0.00000     0.00000     0.00000     0.00000     0.00000     0.00000     0.00000
     0.07235     0.00000     0.00000     0.00000     0.00000     0.00000     0.00000     0.00000     0.00000     0.00000     0.00000
     0.16835     0.00000     0.00000     0.00000     0.00000     0.00000     0.00000     0.00000     0.00000     0.00000     0.00000
     0.26435     0.00000     0.00000     0.00000     0.00000     0.00000     0.00000     0.00000     0.00000     0.00000     0.00000
     0.36135     0.00000     0.00000     0.00000     0.00000     0.00000     0.00000     0.00000     0.00000     0.00000     0.00000
     0.45735     0.00000     0.00000     0.00000     0.00000     0.00000     0.00000     0.00000     0.00000     0.00000     0.00000
     0.55335     0.00000     0.00000     0.00000     0.00000     0.00000     0.00000     0.00000     0.00000     0.00000     0.00000
     0.64935     0.00000     0.00000     0.00000     0.00000     0.00000     0.00000     0.00000     0.00000     0.00000     0.00000
     0.74635     0.00000     0.00000     0.00000     0.00000     0.00000     0.00000     0.00000     0.00000     0.00000     0.00000
     0.84235     0.00000     0.00000     0.00000     0.00000     0.00000     0.00000     0.00000     0.00000     0.00000     0.00000
     0.93835     0.00000     0.00000     0.00000     0.00000     0.00000     0.00000     0.00000     0.00000     0.00000     0.00000
     1.03535     0.00000     0.00000     0.00000     0.00000     0.00000     0.00000     0.00000     0.00000     0.00000     0.00000
     1.13135     0.00000     0.00000     0.00000     0.00000     0.00000     0.00000     0.00000     0.00000     0.00000     0.00000
     1.22735     0.00000     0.00000     0.00000     0.00000     0.00000     0.00000     0.00000     0.00000     0.00000     0.00000
     1.32335     0.00000     0.00000     0.00000     0.00000     0.00000     0.00000     0.00000     0.00000     0.00000     0.00000
     1.42035     0.00000     0.00000     0.00000     0.00000     0.00000     0.00000     0.00000     0.00000     0.00000     0.00000
     1.51635     0.00000     0.00000     0.00000     0.00000     0.00000     0.00000     0.00000     0.00000     0.00000     0.00000
     1.61235     0.00000     0.00000     0.00000     0.00000     0.00000     0.00000     0.00000     0.00000     0.00000     0.00000
     1.70835     0.00000     0.00000     0.00000     0.00000     0.00000     0.00000     0.00000     0.00000     0.00000     0.00000
     1.80535     0.00000     0.00000     0.00000     0.00000     0.00000     0.00000     0.00000     0.00000     0.00000     0.00000
     1.90135     0.00000     0.00000     0.00000     0.00000     0.00000     0.00000     0.00000     0.00000     0.00000     0.00000
     1.99735     0.00000     0.00000     0.00000     0.00000     0.00000     0.00000     0.00000     0.00000     0.00000     0.00000
     2.09335     0.00000     0.00000     0.00000     0.00000     0.00000     0.00000     0.00000     0.00000     0.00000     0.00000
     2.19035     0.00000     0.00000     0.00000     0.00000     0.00000     0.00000     0.00000     0.00000     0.00000     0.00000
     2.28635     0.00000     0.00000     0.00000     0.00000     0.00000     0.00000     0.00000     0.00000     0.00000     0.00000
     2.38235     0.00000     0.00000     0.00000     0.00000     0.00000     0.00000     0.00000     0.00000     0.00000     0.00000
     2.47935     0.00000     0.00000     0.00000     0.00000     0.00000     0.00000     0.00000     0.00000     0.00000     0.00000
     2.57535     0.00000     0.00000     0.00000     0.00000     0.00000     0.00000     0.00000     0.00000     0.00000     0.00000
     2.67135     0.00000     0.00000     0.00000     0.00000     0.00000     0.00000     0.00000     0.00000     0.00000     0.00000
     2.76735     0.00000     0.00000     0.00000     0.00000     0.00000     0.00000     0.00000     0.00000     0.00000     0.00000
     2.86435     0.00000     0.00000     0.00000     0.00000     0.00000     0.00000     0.00000     0.00000     0.00000     0.00000
     2.96035    -0.06908    -0.19838    -0.19295    -0.19447    -0.11761    -0.11855    -0.01629    -0.11976    -0.01721    -1.04430
     3.05635    -0.11591    -0.79974    -0.75437    -0.78871    -0.38474    -0.40956    -0.05529    -0.41343    -0.06075    -3.78251
     3.15235    -0.02974    -0.16418    -0.16260    -0.16224    -0.07321    -0.07078    -0.01774    -0.07389    -0.02395    -0.77835
     3.24935    -0.27209    -1.21627    -1.13810    -1.16976    -0.17097    -0.16619    -0.22124    -0.16734    -0.21963    -4.74158
     3.34535    -0.46052    -2.54145    -2.14787    -2.54825    -0.12454    -0.13374    -0.56790    -0.11898    -0.60073    -9.24398
     3.44135    -0.30150    -0.66988    -0.69583    -0.69496    -0.06983    -0.06744    -0.12292    -0.06377    -0.11716    -2.80329
     3.53735    -0.25025    -0.91843    -0.94753    -0.95901    -0.08095    -0.08575    -0.12822    -0.08089    -0.13258    -3.58361
     3.63435    -0.14661    -1.30665    -1.27902    -1.27560    -0.08009    -0.07380    -0.16875    -0.07126    -0.15895    -4.56073
     3.73035    -0.25691    -2.01939    -2.13884    -1.97671    -0.14928    -0.13743    -0.18558    -0.14130    -0.19222    -7.19767
     3.82635     0.00000     0.00000     0.00000     0.00000     0.00000     0.00000     0.00000     0.00000     0.00000     0.00000
     3.92335     0.00000     0.00000     0.00000     0.00000     0.00000     0.00000     0.00000     0.00000     0.00000     0.00000
     4.01935     0.00000     0.00000     0.00000     0.00000     0.00000     0.00000     0.00000     0.00000     0.00000     0.00000
     4.11535     0.00000     0.00000     0.00000     0.00000     0.00000     0.00000     0.00000     0.00000     0.00000     0.00000
     4.21135     0.00000     0.00000     0.00000     0.00000     0.00000     0.00000     0.00000     0.00000     0.00000     0.00000
     4.30835     0.00000     0.00000     0.00000     0.00000     0.00000     0.00000     0.00000     0.00000     0.00000     0.00000
     4.40435     0.00000     0.00000     0.00000     0.00000     0.00000     0.00000     0.00000     0.00000     0.00000     0.00000
     4.50035     0.00000     0.00000     0.00000     0.00000     0.00000     0.00000     0.00000     0.00000     0.00000     0.00000
     4.59635     0.00000     0.00000     0.00000     0.00000     0.00000     0.00000     0.00000     0.00000     0.00000     0.00000
     4.69335     0.00000     0.00000     0.00000     0.00000     0.00000     0.00000     0.00000     0.00000     0.00000     0.00000
     4.78935     0.00000     0.00000     0.00000     0.00000     0.00000     0.00000     0.00000     0.00000     0.00000     0.00000
     4.88535     0.00000     0.00000     0.00000     0.00000     0.00000     0.00000     0.00000     0.00000     0.00000     0.00000
     4.98135     0.00000     0.00000     0.00000     0.00000     0.00000     0.00000     0.00000     0.00000     0.00000     0.00000
     5.07835     0.00000     0.00000     0.00000     0.00000     0.00000     0.00000     0.00000     0.00000     0.00000     0.00000
     5.17435    -0.04342    -0.00114    -0.00093    -0.00114    -0.00004    -0.00003    -0.00010    -0.00004    -0.00011    -0.04696
     5.27035    -0.12042    -0.00676    -0.00579    -0.00654    -0.00017    -0.00014    -0.00033    -0.00015    -0.00036    -0.14066
     5.36735    -0.11102    -0.01079    -0.00944    -0.01035    -0.00026    -0.00023    -0.00037    -0.00025    -0.00041    -0.14312
     5.46335    -0.11712    -0.01409    -0.01243    -0.01350    -0.00036    -0.00032    -0.00044    -0.00035    -0.00049    -0.15912
     5.55935    -0.13696    -0.02367    -0.02088    -0.02277    -0.00081    -0.00072    -0.00077    -0.00080    -0.00083    -0.20822
     5.65535    -0.21270    -0.04335    -0.03857    -0.04179    -0.00173    -0.00157    -0.00146    -0.00173    -0.00155    -0.34444
     5.75235    -0.11411    -0.03186    -0.03235    -0.03209    -0.00098    -0.00097    -0.00079    -0.00103    -0.00080    -0.21498
     5.84835    -0.19849    -0.06512    -0.06820    -0.06670    -0.00212    -0.00206    -0.00168    -0.00216    -0.00162    -0.40814
     5.94435    -0.06166    -0.02035    -0.02367    -0.02193    -0.00104    -0.00114    -0.00085    -0.00130    -0.00084    -0.13279
     6.04035    -0.14755    -0.06005    -0.06475    -0.06245    -0.00301    -0.00309    -0.00224    -0.00333    -0.00218    -0.34868
     6.13735    -0.12105    -0.05347    -0.05540    -0.05452    -0.00403    -0.00413    -0.00344    -0.00437    -0.00326    -0.30368
     6.23335    -0.13986    -0.06888    -0.07378    -0.07139    -0.00617    -0.00627    -0.00614    -0.00656    -0.00554    -0.38458
     6.32935    -0.12613    -0.06368    -0.07043    -0.06681    -0.00547    -0.00561    -0.00565    -0.00584    -0.00534    -0.35496
     6.42635    -0.12935    -0.06691    -0.07491    -0.07028    -0.00850    -0.00893    -0.01515    -0.00912    -0.01439    -0.39754
     6.52235    -0.28522    -0.13137    -0.13707    -0.13761    -0.02759    -0.03077    -0.06699    -0.03004    -0.08092    -0.92759
     6.61835    -0.35780    -0.13987    -0.15624    -0.14414    -0.05518    -0.05573    -0.29309    -0.05063    -0.27647    -1.52916
     6.71435    -0.45181    -0.23227    -0.24067    -0.23679    -0.07151    -0.07288    -0.55154    -0.06232    -0.44829    -2.36808
     6.81135    -0.62054    -0.29108    -0.30471    -0.29502    -0.10971    -0.11365    -0.49427    -0.10825    -0.42502    -2.76225
     6.90735    -0.45973    -0.19191    -0.19229    -0.19351    -0.10464    -0.11486    -0.29690    -0.11727    -0.28767    -1.95879
     7.00335    -0.36232    -0.16955    -0.16585    -0.17112    -0.05956    -0.06169    -0.25647    -0.05716    -0.21505    -1.51879
     7.09935    -0.13144    -0.04571    -0.05548    -0.04567    -0.04029    -0.03861    -0.04190    -0.03705    -0.04246    -0.47862
     7.19635    -0.48688    -0.25739    -0.24508    -0.25737    -0.14620    -0.14482    -0.30358    -0.13734    -0.31594    -2.29461
     7.29235    -0.78699    -0.34460    -0.36594    -0.34103    -0.22752    -0.21663    -0.37323    -0.20967    -0.34337    -3.20899
     7.38835    -0.61372    -0.24510    -0.23504    -0.24846    -0.16974    -0.17179    -0.21110    -0.16807    -0.20829    -2.27131
     7.48435    -0.62231    -0.31093    -0.29266    -0.31785    -0.15377    -0.16170    -0.32585    -0.15743    -0.30626    -2.64876
     7.58135    -0.22906    -0.13202    -0.11843    -0.13501    -0.06422    -0.06053    -0.10511    -0.05893    -0.13855    -1.04185
     7.67735    -0.24956    -0.13608    -0.14555    -0.13945    -0.07181    -0.07560    -0.12609    -0.07545    -0.11700    -1.13658
     7.77335    -0.50203    -0.28627    -0.32356    -0.29237    -0.16129    -0.19856    -0.28941    -0.19186    -0.28220    -2.52755
     7.87035    -0.62480    -0.45641    -0.46427    -0.45884    -0.19933    -0.18421    -0.46715    -0.18020    -0.41944    -3.45466
     7.96635    -0.54036    -0.35557    -0.35866    -0.36276    -0.18360    -0.18674    -0.33584    -0.18244    -0.32241    -2.82837
     8.06235    -0.47207    -0.26363    -0.28166    -0.26610    -0.24372    -0.24346    -0.30141    -0.24267    -0.31759    -2.63231
     8.15835    -0.61100    -0.33736    -0.38275    -0.34119    -0.26601    -0.26386    -0.36768    -0.26495    -0.37079    -3.20560
     8.25535    -0.60888    -0.35626    -0.38871    -0.35798    -0.26891    -0.28243    -0.40269    -0.28375    -0.40623    -3.35584
     8.35135    -0.61517    -0.38650    -0.40457    -0.39401    -0.28259    -0.31030    -0.37711    -0.31339    -0.36961    -3.45325
     8.44735    -0.36266    -0.24437    -0.26111    -0.25637    -0.17632    -0.20422    -0.22408    -0.20946    -0.24916    -2.18776
     8.54335    -0.43678    -0.33039    -0.34839    -0.34147    -0.40495    -0.35983    -0.32816    -0.36441    -0.33263    -3.24702
     8.64035    -0.29573    -0.29805    -0.29364    -0.30101    -0.34192    -0.27960    -0.25821    -0.28020    -0.25309    -2.60146
     8.73635    -0.17388    -0.19342    -0.21344    -0.19600    -0.21887    -0.24400    -0.15252    -0.23129    -0.16971    -1.79314
     8.83235    -0.22047    -0.25936    -0.27790    -0.26203    -0.31206    -0.33355    -0.25526    -0.33181    -0.26213    -2.51458
     8.92835    -0.13981    -0.19819    -0.21699    -0.20257    -0.25787    -0.26815    -0.20651    -0.26467    -0.21451    -1.96927
     9.02535    -0.24734    -0.50467    -0.49467    -0.49948    -0.46633    -0.47959    -0.43839    -0.46831    -0.44042    -4.03920
     9.12135    -0.14410    -0.30414    -0.29250    -0.30965    -0.30111    -0.30711    -0.35594    -0.30658    -0.30231    -2.62344
     9.21735    -0.16439    -0.35099    -0.33868    -0.34828    -0.40099    -0.42910    -0.35287    -0.41551    -0.33978    -3.14059
     9.31435    -0.13347    -0.38548    -0.36247    -0.37648    -0.46489    -0.43080    -0.39006    -0.42438    -0.37405    -3.34205
     9.41035    -0.13938    -0.47203    -0.42406    -0.47002    -0.67271    -0.60043    -0.47609    -0.59909    -0.41956    -4.27337
     9.50635    -0.13771    -0.53379    -0.54573    -0.53073    -0.84039    -0.70968    -0.65235    -0.68726    -0.65725    -5.29489
     9.60235    -0.10560    -0.36291    -0.34349    -0.36547    -0.43096    -0.46977    -0.40641    -0.47711    -0.47031    -3.43204
     9.69935    -0.10887    -0.46691    -0.46310    -0.45667    -0.55850    -0.56159    -0.49644    -0.54155    -0.57585    -4.22948
     9.79535    -0.11198    -0.41105    -0.38373    -0.40166    -0.46763    -0.48472    -0.49566    -0.48664    -0.54074    -3.78381
     9.89135    -0.15305    -0.47881    -0.48121    -0.46647    -0.47010    -0.52982    -0.57063    -0.50976    -0.61890    -4.27875
     9.98735    -0.17980    -0.49339    -0.55462    -0.47458    -0.50158    -0.53226    -0.67712    -0.52968    -0.69558    -4.63861
    10.08435    -0.13667    -0.40518    -0.41681    -0.39875    -0.41185    -0.42611    -0.56564    -0.43046    -0.53220    -3.72368
    10.18035    -0.14223    -0.40172    -0.39704    -0.39351    -0.45757    -0.46114    -0.49995    -0.46311    -0.48627    -3.70254
    10.27635    -0.13022    -0.46157    -0.41421    -0.45000    -0.49047    -0.48859    -0.56116    -0.48576    -0.51958    -4.00156
    10.37235    -0.09854    -0.37700    -0.37754    -0.36561    -0.45988    -0.41912    -0.52771    -0.42218    -0.42000    -3.46757
    10.46935    -0.11459    -0.59329    -0.51649    -0.57621    -0.65689    -0.62397    -0.70410    -0.63972    -0.65452    -5.07977
    10.56535    -0.10184    -0.49559    -0.48569    -0.49197    -0.58049    -0.57034    -0.45133    -0.58730    -0.43929    -4.20384
    10.66135    -0.13621    -0.83506    -0.75989    -0.83218    -0.98544    -0.99892    -0.62516    -1.03381    -0.66956    -6.87623
    10.75835    -0.14754    -0.87273    -0.81567    -0.85837    -1.04432    -1.15365    -0.89047    -1.12615    -0.88196    -7.79086
    10.85435    -0.10268    -0.57055    -0.50449    -0.55384    -0.61203    -0.62138    -0.55322    -0.61028    -0.52784    -4.65631
    10.95035    -0.10170    -0.67594    -0.65686    -0.67685    -0.68749    -0.65085    -0.79961    -0.66174    -0.79403    -5.70507
    11.04635    -0.10915    -0.64227    -0.61312    -0.63327    -0.60671    -0.66679    -0.77951    -0.66224    -0.74242    -5.45548
    11.14335    -0.11903    -0.76004    -0.72772    -0.73799    -0.72720    -0.70479    -0.87356    -0.72410    -0.84512    -6.21955
    11.23935    -0.03267    -0.19982    -0.22949    -0.21172    -0.19048    -0.18016    -0.20131    -0.18407    -0.17774    -1.60747
    11.33535     0.00000     0.00000     0.00000     0.00000     0.00000     0.00000     0.00000     0.00000     0.00000     0.00000
    11.43135     0.00000     0.00000     0.00000     0.00000     0.00000     0.00000     0.00000     0.00000     0.00000     0.00000
    11.52835     0.00000     0.00000     0.00000     0.00000     0.00000     0.00000     0.00000     0.00000     0.00000     0.00000
    11.62435     0.00000     0.00000     0.00000     0.00000     0.00000     0.00000     0.00000     0.00000     0.00000     0.00000
    11.72035     0.00000     0.00000     0.00000     0.00000     0.00000     0.00000     0.00000     0.00000     0.00000     0.00000
    11.81635     0.00000     0.00000     0.00000     0.00000     0.00000     0.00000     0.00000     0.00000     0.00000     0.00000
    11.91335     0.00000     0.00000     0.00000     0.00000     0.00000     0.00000     0.00000     0.00000     0.00000     0.00000
    12.00935     0.00000     0.00000     0.00000     0.00000     0.00000     0.00000     0.00000     0.00000     0.00000     0.00000
    12.10535     0.00000     0.00000     0.00000     0.00000     0.00000     0.00000     0.00000     0.00000     0.00000     0.00000
    12.20235     0.00000     0.00000     0.00000     0.00000     0.00000     0.00000     0.00000     0.00000     0.00000     0.00000
    12.29835     0.00000     0.00000     0.00000     0.00000     0.00000     0.00000     0.00000     0.00000     0.00000     0.00000
    12.39435     0.00000     0.00000     0.00000     0.00000     0.00000     0.00000     0.00000     0.00000     0.00000     0.00000
    12.49035     0.00000     0.00000     0.00000     0.00000     0.00000     0.00000     0.00000     0.00000     0.00000     0.00000
    12.58735     0.00000     0.00000     0.00000     0.00000     0.00000     0.00000     0.00000     0.00000     0.00000     0.00000
