0.0
0.0021051335585797475
0.004210267117159495
0.006315400675739243
0.00842053423431899
0.010525667792898737
0.012630801351478486
0.014735934910058233
0.01684106846863798
0.018946202027217727
0.021051335585797474
0.02315646914437722
0.02526160270295697
0.02736673626153672
0.029471869820116466
0.03157700337869621
0.03368213693727596
0.03578727049585571
0.037892404054435454
0.0399975376130152
0.04210267117159495
0.044207804730174695
0.04631293828875444
0.04841807184733419
0.05052320540591394
0.05262833896449369
0.05473347252307344
0.056838606081653184
0.05894373964023293
0.06104887319881268
0.06315400675739243
0.06525914031597217
0.06736427387455192
0.06946940743313167
0.07157454099171141
0.07367967455029116
0.07578480810887091
0.07788994166745065
0.0799950752260304
0.08210020878461015
0.0842053423431899
0.08631047590176964
0.08841560946034939
0.09052074301892914
0.09262587657750888
0.09473101013608863
0.09683614369466838
0.09894127725324812
0.10104641081182789
0.10315154437040763
0.10525667792898738
0.10736181148756713
0.10946694504614687
0.11157207860472662
0.11367721216330637
0.11578234572188612
0.11788747928046586
0.11999261283904561
0.12209774639762536
0.1242028799562051
0.12630801351478485
0.1284131470733646
0.13051828063194434
0.1326234141905241
0.13472854774910384
0.13683368130768359
0.13893881486626333
0.14104394842484308
0.14314908198342283
0.14525421554200257
0.14735934910058232
0.14946448265916207
0.15156961621774181
0.15367474977632156
0.1557798833349013
0.15788501689348106
0.1599901504520608
0.16209528401064055
0.1642004175692203
0.16630555112780004
0.16630555112780004
0.1699974774632431
0.1736894037986861
0.17738133013412916
0.1810732564695722
0.18476518280501525
0.18845710914045827
0.19214903547590131
0.19584096181134436
0.19953288814678738
0.20322481448223043
0.20691674081767347
0.2106086671531165
0.21430059348855954
0.21799251982400258
0.2216844461594456
0.22537637249488865
0.2290682988303317
0.23276022516577471
0.23645215150121776
0.2401440778366608
0.24383600417210383
0.24752793050754687
0.2512198568429899
0.25491178317843294
0.258603709513876
0.26229563584931903
0.26598756218476205
0.26967948852020507
0.27337141485564814
0.27706334119109116
0.28075526752653424
0.28444719386197725
0.2881391201974203
0.2918310465328633
0.29552297286830637
0.29921489920374944
0.30290682553919246
0.3065987518746355
0.3102906782100785
0.31398260454552157
0.3176745308809646
0.32136645721640766
0.3250583835518507
0.3287503098872937
0.3324422362227367
0.3361341625581798
0.3398260888936228
0.3435180152290659
0.3472099415645089
0.3509018678999519
0.35459379423539494
0.358285720570838
0.36197764690628104
0.3656695732417241
0.36936149957716713
0.37305342591261015
0.37674535224805317
0.38043727858349624
0.3841292049189393
0.38782113125438233
0.39151305758982535
0.39520498392526837
0.3988969102607114
0.40258883659615446
0.40628076293159754
0.40997268926704056
0.4136646156024836
0.4173565419379266
0.42104846827336967
0.4247403946088127
0.4284323209442557
0.4321242472796988
0.4358161736151418
0.4395080999505848
0.4432000262860279
0.4468919526214709
0.45058387895691393
0.454275805292357
0.4579677316278
0.4579677316278
0.4600728651863798
0.4621779987449595
0.4642831323035393
0.466388265862119
0.4684933994206988
0.4705985329792785
0.4727036665378583
0.474808800096438
0.4769139336550178
0.4790190672135975
0.48112420077217727
0.483229334330757
0.48533446788933676
0.4874396014479165
0.48954473500649626
0.491649868565076
0.49375500212365575
0.49586013568223547
0.49796526924081524
0.500070402799395
0.5021755363579747
0.5042806699165545
0.5063858034751342
0.508490937033714
0.5105960705922937
0.5127012041508735
0.5148063377094532
0.5169114712680329
0.5190166048266127
0.5211217383851925
0.5232268719437723
0.5253320055023519
0.5274371390609317
0.5295422726195115
0.5316474061780911
0.5337525397366709
0.5358576732952507
0.5379628068538305
0.5400679404124102
0.5421730739709899
0.5442782075295697
0.5463833410881495
0.5484884746467292
0.5505936082053089
0.5526987417638887
0.5548038753224684
0.5569090088810482
0.5590141424396279
0.5611192759982077
0.5632244095567874
0.5653295431153672
0.5674346766739469
0.5695398102325266
0.5716449437911064
0.5737500773496862
0.575855210908266
0.5779603444668456
0.5800654780254254
0.5821706115840052
0.5842757451425848
0.5863808787011646
0.5884860122597444
0.5905911458183242
0.592696279376904
0.5948014129354836
0.5969065464940634
0.5990116800526432
0.6011168136112228
0.6032219471698026
0.6053270807283824
0.6074322142869621
0.6095373478455419
0.6116424814041216
0.6137476149627014
0.6158527485212811
0.6179578820798608
0.6200630156384406
0.6221681491970203
0.6242732827556001
0.6242732827556001
0.6279652090910431
0.6316571354264862
0.6353490617619293
0.6390409880973723
0.6427329144328153
0.6464248407682583
0.6501167671037014
0.6538086934391444
0.6575006197745874
0.6611925461100305
0.6648844724454736
0.6685763987809166
0.6722683251163596
0.6759602514518026
0.6796521777872456
0.6833441041226888
0.6870360304581318
0.6907279567935748
0.6944198831290178
0.6981118094644608
0.7018037357999038
0.705495662135347
0.70918758847079
0.712879514806233
0.716571441141676
0.720263367477119
0.7239552938125621
0.7276472201480052
0.7313391464834482
0.7350310728188912
0.7387229991543343
0.7424149254897773
0.7461068518252203
0.7497987781606634
0.7534907044961064
0.7571826308315495
0.7608745571669925
0.7645664835024355
0.7682584098378786
0.7719503361733215
0.7756422625087647
0.7793341888442077
0.7830261151796507
0.7867180415150937
0.7904099678505367
0.7941018941859799
0.7977938205214229
0.8014857468568659
0.8051776731923089
0.808869599527752
0.812561525863195
0.816253452198638
0.8199453785340811
0.8236373048695241
0.8273292312049672
0.8310211575404102
0.8347130838758532
0.8384050102112963
0.8420969365467393
0.8457888628821824
0.8494807892176254
0.8531727155530684
0.8568646418885114
0.8605565682239544
0.8642484945593976
0.8679404208948406
0.8716323472302836
0.8753242735657266
0.8790161999011696
0.8827081262366128
0.8864000525720557
0.8900919789074988
0.8937839052429418
0.8974758315783848
0.901167757913828
0.9048596842492709
0.908551610584714
0.912243536920157
0.9159354632556
