# Band-Index   14
   1.73087     -0.361965     -0.361965
   1.72389     -0.362293     -0.362293
   1.71691     -0.363259     -0.363259
   1.70994     -0.364863     -0.364863
   1.70296     -0.367108     -0.367108
   1.69598     -0.369992     -0.369992
   1.68901     -0.373505     -0.373505
   1.68203     -0.377652     -0.377652
   1.67505     -0.382420     -0.382421
   1.66808     -0.387804     -0.387804
   1.66110     -0.393793     -0.393793
   1.65412     -0.400382     -0.400382
   1.64715     -0.407564     -0.407564
   1.64017     -0.415328     -0.415328
   1.63319     -0.423673     -0.423673
   1.62622     -0.432567     -0.432568
   1.61924     -0.442021     -0.442021
   1.61226     -0.452007     -0.452007
   1.60529     -0.462519     -0.462519
   1.59831     -0.473549     -0.473550
   1.59133     -0.485086     -0.485086
   1.58436     -0.497109     -0.497109
   1.57738     -0.509611     -0.509611
   1.57040     -0.522569     -0.522570
   1.56343     -0.535978     -0.535979
   1.55645     -0.549819     -0.549820
   1.54947     -0.564083     -0.564083
   1.54250     -0.578747     -0.578747
   1.53552     -0.593809     -0.593809
   1.52854     -0.609250     -0.609251
   1.52157     -0.625048     -0.625049
   1.51459     -0.641192     -0.641192
   1.50761     -0.657670     -0.657671
   1.50064     -0.674464     -0.674465
   1.49366     -0.691559     -0.691559
   1.48668     -0.708952     -0.708953
   1.47970     -0.726611     -0.726611
   1.47273     -0.744524     -0.744525
   1.46575     -0.762688     -0.762689
   1.45877     -0.781082     -0.781082
   1.45180     -0.799693     -0.799693
   1.44482     -0.818505     -0.818506
   1.43784     -0.837506     -0.837506
   1.43087     -0.856676     -0.856676
   1.42389     -0.876008     -0.876008
   1.41691     -0.895480     -0.895480
   1.40994     -0.915082     -0.915083
   1.40296     -0.934793     -0.934793
   1.39598     -0.954603     -0.954604
   1.38901     -0.974495     -0.974495
   1.38203     -0.994454     -0.994454
   1.37505     -1.014460     -1.014460
   1.36808     -1.034502     -1.034502
   1.36110     -1.054559     -1.054559
   1.35412     -1.074609     -1.074610
   1.34715     -1.094647     -1.094647
   1.34017     -1.114640     -1.114641
   1.33319     -1.134565     -1.134565
   1.32622     -1.154398     -1.154398
   1.31924     -1.174114     -1.174114
   1.31226     -1.193683     -1.193683
   1.30529     -1.213077     -1.213077
   1.29831     -1.232261     -1.232261
   1.29133     -1.251193     -1.251193
   1.28436     -1.269828     -1.269829
   1.27738     -1.288113     -1.288114
   1.27040     -1.305989     -1.305989
   1.26343     -1.323390     -1.323390
   1.25645     -1.340226     -1.340226
   1.24947     -1.356402     -1.356402
   1.24250     -1.371811     -1.371811
   1.23552     -1.386322     -1.386322
   1.22854     -1.399786     -1.399786
   1.22157     -1.412038     -1.412038
   1.21459     -1.422890     -1.422890
   1.20761     -1.432145     -1.432145
   1.20064     -1.439612     -1.439612
   1.19366     -1.445099     -1.445099
   1.18668     -1.448460     -1.448461
   1.17971     -1.449593     -1.449593
   1.17971     -1.449593     -1.449593
   1.17573     -1.449453     -1.449453
   1.17175     -1.449035     -1.449035
   1.16777     -1.448342     -1.448342
   1.16379     -1.447374     -1.447375
   1.15981     -1.446132     -1.446132
   1.15584     -1.444623     -1.444623
   1.15186     -1.442849     -1.442849
   1.14788     -1.440817     -1.440818
   1.14390     -1.438534     -1.438534
   1.13992     -1.436006     -1.436006
   1.13595     -1.433240     -1.433240
   1.13197     -1.430243     -1.430244
   1.12799     -1.427020     -1.427020
   1.12401     -1.423585     -1.423586
   1.12003     -1.419941     -1.419941
   1.11606     -1.416099     -1.416099
   1.11208     -1.412066     -1.412066
   1.10810     -1.407850     -1.407851
   1.10412     -1.403458     -1.403458
   1.10014     -1.398901     -1.398901
   1.09616     -1.394184     -1.394184
   1.09219     -1.389315     -1.389315
   1.08821     -1.384301     -1.384302
   1.08423     -1.379152     -1.379152
   1.08025     -1.373869     -1.373869
   1.07627     -1.368462     -1.368462
   1.07230     -1.362936     -1.362936
   1.06832     -1.357298     -1.357299
   1.06434     -1.351555     -1.351556
   1.06036     -1.345704     -1.345704
   1.05638     -1.339764     -1.339765
   1.05241     -1.333736     -1.333736
   1.04843     -1.327622     -1.327622
   1.04445     -1.321428     -1.321428
   1.04047     -1.315158     -1.315159
   1.03649     -1.308818     -1.308818
   1.03251     -1.302408     -1.302408
   1.02854     -1.295940     -1.295940
   1.02456     -1.289411     -1.289411
   1.02058     -1.282830     -1.282830
   1.01660     -1.276199     -1.276199
   1.01262     -1.269524     -1.269524
   1.00865     -1.262798     -1.262799
   1.00467     -1.256037     -1.256037
   1.00069     -1.249236     -1.249237
   0.99671     -1.242407     -1.242408
   0.99273     -1.235545     -1.235546
   0.98876     -1.228657     -1.228657
   0.98478     -1.221745     -1.221745
   0.98080     -1.214810     -1.214810
   0.97682     -1.207856     -1.207856
   0.97284     -1.200886     -1.200887
   0.96886     -1.193900     -1.193900
   0.96489     -1.186905     -1.186905
   0.96091     -1.179904     -1.179904
   0.95693     -1.172898     -1.172899
   0.95295     -1.165890     -1.165890
   0.94897     -1.158879     -1.158880
   0.94500     -1.151871     -1.151871
   0.94102     -1.144866     -1.144866
   0.93704     -1.137865     -1.137865
   0.93306     -1.130871     -1.130871
   0.92908     -1.123893     -1.123893
   0.92511     -1.116928     -1.116928
   0.92113     -1.109976     -1.109977
   0.91715     -1.103045     -1.103046
   0.91317     -1.096134     -1.096134
   0.90919     -1.089244     -1.089244
   0.90521     -1.082380     -1.082380
   0.90124     -1.075541     -1.075541
   0.89726     -1.068731     -1.068731
   0.89328     -1.061951     -1.061951
   0.88930     -1.055204     -1.055204
   0.88532     -1.048491     -1.048491
   0.88135     -1.041814     -1.041814
   0.87737     -1.035178     -1.035178
   0.87339     -1.028581     -1.028581
   0.86941     -1.022027     -1.022027
   0.86543     -1.015518     -1.015518
   0.86543     -1.015518     -1.015518
   0.85846     -0.999802     -0.999803
   0.85148     -0.983920     -0.983920
   0.84450     -0.967881     -0.967881
   0.83753     -0.951701     -0.951702
   0.83055     -0.935388     -0.935388
   0.82357     -0.918956     -0.918956
   0.81660     -0.902408     -0.902408
   0.80962     -0.885759     -0.885760
   0.80264     -0.869015     -0.869015
   0.79567     -0.852190     -0.852190
   0.78869     -0.835292     -0.835292
   0.78171     -0.818323     -0.818323
   0.77474     -0.801304     -0.801304
   0.76776     -0.784238     -0.784238
   0.76078     -0.767126     -0.767126
   0.75381     -0.749986     -0.749986
   0.74683     -0.732820     -0.732820
   0.73985     -0.715642     -0.715642
   0.73288     -0.698454     -0.698454
   0.72590     -0.681272     -0.681273
   0.71892     -0.664094     -0.664094
   0.71195     -0.646935     -0.646935
   0.70497     -0.629800     -0.629801
   0.69799     -0.612697     -0.612698
   0.69102     -0.595640     -0.595640
   0.68404     -0.578629     -0.578629
   0.67706     -0.561681     -0.561682
   0.67009     -0.544806     -0.544806
   0.66311     -0.528009     -0.528009
   0.65613     -0.511297     -0.511297
   0.64915     -0.494684     -0.494684
   0.64218     -0.478169     -0.478169
   0.63520     -0.461773     -0.461773
   0.62822     -0.445494     -0.445494
   0.62125     -0.429346     -0.429346
   0.61427     -0.413341     -0.413341
   0.60729     -0.397490     -0.397491
   0.60032     -0.381804     -0.381805
   0.59334     -0.366289     -0.366289
   0.58636     -0.350958     -0.350959
   0.57939     -0.335818     -0.335819
   0.57241     -0.320881     -0.320881
   0.56543     -0.306164     -0.306165
   0.55846     -0.291672     -0.291672
   0.55148     -0.277404     -0.277404
   0.54450     -0.263386     -0.263387
   0.53753     -0.249627     -0.249627
   0.53055     -0.236132     -0.236132
   0.52357     -0.222918     -0.222919
   0.51660     -0.209995     -0.209996
   0.50962     -0.197375     -0.197375
   0.50264     -0.185077     -0.185078
   0.49567     -0.173092     -0.173093
   0.48869     -0.161445     -0.161445
   0.48171     -0.150143     -0.150144
   0.47474     -0.139193     -0.139193
   0.46776     -0.128616     -0.128616
   0.46078     -0.118428     -0.118429
   0.45381     -0.108619     -0.108619
   0.44683     -0.099217     -0.099217
   0.43985     -0.090228     -0.090228
   0.43288     -0.081656     -0.081657
   0.42590     -0.073516     -0.073516
   0.41892     -0.065813     -0.065813
   0.41195     -0.058565     -0.058565
   0.40497     -0.051773     -0.051774
   0.39799     -0.045450     -0.045450
   0.39102     -0.039602     -0.039603
   0.38404     -0.034233     -0.034234
   0.37706     -0.029351     -0.029351
   0.37009     -0.024967     -0.024968
   0.36311     -0.021089     -0.021089
   0.35613     -0.017717     -0.017717
   0.34916     -0.014848     -0.014849
   0.34218     -0.012509     -0.012510
   0.33520     -0.010678     -0.010679
   0.32823     -0.009363     -0.009363
   0.32125     -0.008580     -0.008580
   0.31427     -0.008324     -0.008324
   0.31427     -0.008324     -0.008324
   0.31029     -0.008569     -0.008569
   0.30632     -0.008986     -0.008986
   0.30234     -0.009579     -0.009579
   0.29836     -0.010323     -0.010323
   0.29438     -0.011227     -0.011227
   0.29040     -0.012286     -0.012286
   0.28643     -0.013507     -0.013507
   0.28245     -0.014883     -0.014883
   0.27847     -0.016412     -0.016413
   0.27449     -0.018093     -0.018093
   0.27051     -0.019919     -0.019919
   0.26653     -0.021895     -0.021896
   0.26256     -0.024016     -0.024016
   0.25858     -0.026279     -0.026280
   0.25460     -0.028686     -0.028686
   0.25062     -0.031227     -0.031227
   0.24664     -0.033903     -0.033904
   0.24267     -0.036724     -0.036724
   0.23869     -0.039662     -0.039662
   0.23471     -0.042730     -0.042730
   0.23073     -0.045915     -0.045916
   0.22675     -0.049232     -0.049233
   0.22278     -0.052670     -0.052670
   0.21880     -0.056233     -0.056233
   0.21482     -0.059900     -0.059901
   0.21084     -0.063685     -0.063685
   0.20686     -0.067577     -0.067577
   0.20288     -0.071578     -0.071578
   0.19891     -0.075686     -0.075686
   0.19493     -0.079897     -0.079897
   0.19095     -0.084207     -0.084208
   0.18697     -0.088616     -0.088616
   0.18299     -0.093119     -0.093119
   0.17902     -0.097715     -0.097715
   0.17504     -0.102396     -0.102396
   0.17106     -0.107182     -0.107182
   0.16708     -0.112030     -0.112030
   0.16310     -0.116973     -0.116974
   0.15913     -0.121985     -0.121985
   0.15515     -0.127082     -0.127083
   0.15117     -0.132254     -0.132255
   0.14719     -0.137497     -0.137497
   0.14321     -0.142811     -0.142812
   0.13923     -0.148193     -0.148194
   0.13526     -0.153640     -0.153640
   0.13128     -0.159159     -0.159159
   0.12730     -0.164733     -0.164733
   0.12332     -0.170360     -0.170361
   0.11934     -0.176044     -0.176044
   0.11537     -0.181781     -0.181781
   0.11139     -0.187568     -0.187569
   0.10741     -0.193405     -0.193405
   0.10343     -0.199288     -0.199288
   0.09945     -0.205219     -0.205219
   0.09548     -0.211185     -0.211185
   0.09150     -0.217195     -0.217195
   0.08752     -0.223243     -0.223244
   0.08354     -0.229322     -0.229322
   0.07956     -0.235437     -0.235437
   0.07558     -0.241587     -0.241587
   0.07161     -0.247761     -0.247761
   0.06763     -0.253969     -0.253969
   0.06365     -0.260202     -0.260202
   0.05967     -0.266460     -0.266460
   0.05569     -0.272738     -0.272738
   0.05172     -0.279031     -0.279031
   0.04774     -0.285349     -0.285350
   0.04376     -0.291677     -0.291678
   0.03978     -0.298021     -0.298021
   0.03580     -0.304383     -0.304383
   0.03183     -0.310758     -0.310758
   0.02785     -0.317142     -0.317143
   0.02387     -0.323531     -0.323532
   0.01989     -0.329930     -0.329930
   0.01591     -0.336341     -0.336342
   0.01193     -0.342748     -0.342748
   0.00796     -0.349151     -0.349151
   0.00398     -0.355563     -0.355563
   0.00000     -0.361965     -0.361965

# Band-Index   15
   0.00000      1.328230      1.328229
   0.00398      1.314622      1.314621
   0.00796      1.301163      1.301163
   0.01193      1.287851      1.287850
   0.01591      1.274687      1.274687
   0.01989      1.261679      1.261678
   0.02387      1.248819      1.248818
   0.02785      1.236109      1.236108
   0.03183      1.223558      1.223558
   0.03580      1.211165      1.211164
   0.03978      1.198928      1.198928
   0.04376      1.186852      1.186851
   0.04774      1.174935      1.174934
   0.05172      1.163181      1.163180
   0.05569      1.151589      1.151588
   0.05967      1.140159      1.140159
   0.06365      1.128896      1.128896
   0.06763      1.117800      1.117799
   0.07161      1.106870      1.106869
   0.07558      1.096108      1.096107
   0.07956      1.085514      1.085514
   0.08354      1.075090      1.075090
   0.08752      1.064836      1.064835
   0.09150      1.054753      1.054753
   0.09548      1.044843      1.044842
   0.09945      1.035104      1.035103
   0.10343      1.025540      1.025540
   0.10741      1.016148      1.016148
   0.11139      1.006931      1.006930
   0.11537      0.997888      0.997887
   0.11934      0.989020      0.989019
   0.12332      0.980327      0.980327
   0.12730      0.971810      0.971810
   0.13128      0.963470      0.963469
   0.13526      0.955307      0.955306
   0.13923      0.947320      0.947320
   0.14321      0.939511      0.939510
   0.14719      0.931880      0.931880
   0.15117      0.924425      0.924425
   0.15515      0.917149      0.917149
   0.15913      0.910048      0.910048
   0.16310      0.903128      0.903128
   0.16708      0.896387      0.896386
   0.17106      0.889823      0.889822
   0.17504      0.883439      0.883438
   0.17902      0.877231      0.877231
   0.18299      0.871203      0.871203
   0.18697      0.865353      0.865353
   0.19095      0.859682      0.859681
   0.19493      0.854189      0.854188
   0.19891      0.848874      0.848873
   0.20288      0.843737      0.843736
   0.20686      0.838777      0.838777
   0.21084      0.833995      0.833994
   0.21482      0.829392      0.829391
   0.21880      0.824966      0.824966
   0.22278      0.820718      0.820718
   0.22675      0.816647      0.816646
   0.23073      0.812752      0.812751
   0.23471      0.809033      0.809033
   0.23869      0.805491      0.805491
   0.24267      0.802125      0.802125
   0.24664      0.798935      0.798935
   0.25062      0.795921      0.795920
   0.25460      0.793082      0.793081
   0.25858      0.790418      0.790417
   0.26256      0.787928      0.787928
   0.26653      0.785613      0.785612
   0.27051      0.783472      0.783471
   0.27449      0.781504      0.781504
   0.27847      0.779710      0.779709
   0.28245      0.778088      0.778087
   0.28643      0.776639      0.776638
   0.29040      0.775362      0.775361
   0.29438      0.774256      0.774256
   0.29836      0.773321      0.773320
   0.30234      0.772558      0.772557
   0.30632      0.771965      0.771965
   0.31029      0.771543      0.771543
   0.31427      0.771290      0.771289
   0.31427      0.771290      0.771289
   0.32125      0.771549      0.771548
   0.32823      0.772326      0.772325
   0.33520      0.773620      0.773620
   0.34218      0.775433      0.775433
   0.34916      0.777764      0.777763
   0.35613      0.780610      0.780609
   0.36311      0.783972      0.783972
   0.37009      0.787851      0.787850
   0.37706      0.792245      0.792245
   0.38404      0.797154      0.797153
   0.39102      0.802577      0.802576
   0.39799      0.808512      0.808512
   0.40497      0.814961      0.814960
   0.41195      0.821920      0.821919
   0.41892      0.829388      0.829388
   0.42590      0.837365      0.837364
   0.43288      0.845848      0.845847
   0.43985      0.854835      0.854835
   0.44683      0.864326      0.864325
   0.45381      0.874316      0.874316
   0.46078      0.884805      0.884804
   0.46776      0.895788      0.895787
   0.47474      0.907263      0.907262
   0.48171      0.919227      0.919226
   0.48869      0.931678      0.931677
   0.49567      0.944608      0.944608
   0.50264      0.958017      0.958016
   0.50962      0.971898      0.971898
   0.51660      0.986248      0.986248
   0.52357      1.001061      1.001061
   0.53055      1.016332      1.016332
   0.53753      1.032056      1.032055
   0.54450      1.048225      1.048224
   0.55148      1.064833      1.064832
   0.55846      1.081873      1.081872
   0.56543      1.099337      1.099337
   0.57241      1.117219      1.117219
   0.57939      1.135509      1.135509
   0.58636      1.154199      1.154198
   0.59334      1.173279      1.173278
   0.60032      1.192739      1.192738
   0.60729      1.212570      1.212570
   0.61427      1.232764      1.232764
   0.62125      1.253302      1.253301
   0.62822      1.274177      1.274176
   0.63520      1.295376      1.295375
   0.64218      1.316888      1.316887
   0.64915      1.338695      1.338694
   0.65613      1.360787      1.360786
   0.66311      1.383149      1.383149
   0.67009      1.405766      1.405765
   0.67706      1.428622      1.428622
   0.68404      1.451697      1.451696
   0.69102      1.474975      1.474974
   0.69799      1.498442      1.498442
   0.70497      1.522076      1.522076
   0.71195      1.545859      1.545858
   0.71892      1.569771      1.569770
   0.72590      1.593793      1.593792
   0.73288      1.617904      1.617903
   0.73985      1.642082      1.642082
   0.74683      1.666304      1.666303
   0.75381      1.690546      1.690545
   0.76078      1.714785      1.714784
   0.76776      1.738996      1.738996
   0.77474      1.763161      1.763160
   0.78171      1.787244      1.787244
   0.78869      1.811223      1.811223
   0.79567      1.835074      1.835073
   0.80264      1.858768      1.858767
   0.80962      1.882278      1.882277
   0.81660      1.905578      1.905578
   0.82357      1.928640      1.928640
   0.83055      1.951436      1.951435
   0.83753      1.973940      1.973940
   0.84450      1.996130      1.996130
   0.85148      2.017975      2.017975
   0.85846      2.039448      2.039448
   0.86543      2.060529      2.060529
   0.86543      2.060529      2.060529
   0.86941      2.056116      2.056116
   0.87339      2.051803      2.051803
   0.87737      2.047591      2.047590
   0.88135      2.043480      2.043479
   0.88532      2.039467      2.039467
   0.88930      2.035556      2.035556
   0.89328      2.031749      2.031749
   0.89726      2.028042      2.028042
   0.90124      2.024433      2.024433
   0.90521      2.020928      2.020927
   0.90919      2.017523      2.017523
   0.91317      2.014216      2.014216
   0.91715      2.011011      2.011011
   0.92113      2.007905      2.007905
   0.92511      2.004897      2.004897
   0.92908      2.001989      2.001988
   0.93306      1.999178      1.999177
   0.93704      1.996461      1.996461
   0.94102      1.993843      1.993843
   0.94500      1.991320      1.991319
   0.94897      1.988892      1.988892
   0.95295      1.986558      1.986558
   0.95693      1.984318      1.984318
   0.96091      1.982169      1.982169
   0.96489      1.980111      1.980111
   0.96886      1.978141      1.978140
   0.97284      1.976258      1.976258
   0.97682      1.974464      1.974463
   0.98080      1.972754      1.972754
   0.98478      1.971129      1.971129
   0.98876      1.969588      1.969588
   0.99273      1.968125      1.968124
   0.99671      1.966742      1.966742
   1.00069      1.965441      1.965440
   1.00467      1.964212      1.964211
   1.00865      1.963057      1.963056
   1.01262      1.961973      1.961973
   1.01660      1.960962      1.960961
   1.02058      1.960017      1.960017
   1.02456      1.959140      1.959139
   1.02854      1.958326      1.958325
   1.03251      1.957574      1.957573
   1.03649      1.956881      1.956880
   1.04047      1.956247      1.956246
   1.04445      1.955666      1.955665
   1.04843      1.955139      1.955139
   1.05241      1.954664      1.954663
   1.05638      1.954237      1.954237
   1.06036      1.953856      1.953855
   1.06434      1.953516      1.953516
   1.06832      1.953218      1.953218
   1.07230      1.952961      1.952960
   1.07627      1.952739      1.952738
   1.08025      1.952551      1.952550
   1.08423      1.952394      1.952393
   1.08821      1.952267      1.952266
   1.09219      1.952166      1.952165
   1.09616      1.952088      1.952087
   1.10014      1.952032      1.952032
   1.10412      1.951996      1.951995
   1.10810      1.951977      1.951976
   1.11208      1.951972      1.951972
   1.11606      1.951980      1.951979
   1.12003      1.951997      1.951996
   1.12401      1.952025      1.952025
   1.12799      1.952062      1.952061
   1.13197      1.952102      1.952101
   1.13595      1.952146      1.952145
   1.13992      1.952192      1.952192
   1.14390      1.952238      1.952238
   1.14788      1.952283      1.952283
   1.15186      1.952326      1.952326
   1.15584      1.952365      1.952364
   1.15981      1.952400      1.952400
   1.16379      1.952431      1.952430
   1.16777      1.952454      1.952454
   1.17175      1.952472      1.952472
   1.17573      1.952483      1.952482
   1.17971      1.952486      1.952486
   1.17971      1.952486      1.952486
   1.18668      1.952087      1.952086
   1.19366      1.950890      1.950890
   1.20064      1.948904      1.948903
   1.20761      1.946140      1.946139
   1.21459      1.942614      1.942614
   1.22157      1.938347      1.938347
   1.22854      1.933365      1.933364
   1.23552      1.927693      1.927693
   1.24250      1.921363      1.921362
   1.24947      1.914406      1.914405
   1.25645      1.906855      1.906854
   1.26343      1.898745      1.898744
   1.27040      1.890116      1.890115
   1.27738      1.881000      1.880999
   1.28436      1.871433      1.871432
   1.29133      1.861453      1.861453
   1.29831      1.851095      1.851095
   1.30529      1.840395      1.840394
   1.31226      1.829383      1.829383
   1.31924      1.818096      1.818096
   1.32622      1.806566      1.806565
   1.33319      1.794823      1.794822
   1.34017      1.782892      1.782892
   1.34715      1.770810      1.770809
   1.35412      1.758598      1.758597
   1.36110      1.746282      1.746282
   1.36808      1.733890      1.733890
   1.37505      1.721444      1.721443
   1.38203      1.708965      1.708965
   1.38901      1.696477      1.696477
   1.39598      1.684000      1.684000
   1.40296      1.671553      1.671552
   1.40994      1.659153      1.659152
   1.41691      1.646821      1.646820
   1.42389      1.634570      1.634570
   1.43087      1.622417      1.622417
   1.43784      1.610378      1.610377
   1.44482      1.598467      1.598467
   1.45180      1.586697      1.586697
   1.45877      1.575083      1.575082
   1.46575      1.563635      1.563635
   1.47273      1.552365      1.552365
   1.47970      1.541286      1.541286
   1.48668      1.530408      1.530408
   1.49366      1.519741      1.519741
   1.50064      1.509294      1.509294
   1.50761      1.499076      1.499075
   1.51459      1.489095      1.489095
   1.52157      1.479362      1.479361
   1.52854      1.469881      1.469880
   1.53552      1.460662      1.460662
   1.54250      1.451711      1.451710
   1.54947      1.443034      1.443033
   1.55645      1.434638      1.434637
   1.56343      1.426527      1.426526
   1.57040      1.418711      1.418710
   1.57738      1.411188      1.411188
   1.58436      1.403971      1.403970
   1.59133      1.397062      1.397062
   1.59831      1.390466      1.390466
   1.60529      1.384182      1.384181
   1.61226      1.378215      1.378215
   1.61924      1.372573      1.372572
   1.62622      1.367258      1.367258
   1.63319      1.362272      1.362271
   1.64017      1.357618      1.357618
   1.64715      1.353299      1.353298
   1.65412      1.349316      1.349316
   1.66110      1.345671      1.345670
   1.66808      1.342368      1.342368
   1.67505      1.339409      1.339409
   1.68203      1.336795      1.336794
   1.68901      1.334526      1.334525
   1.69598      1.332605      1.332604
   1.70296      1.331031      1.331030
   1.70994      1.329805      1.329805
   1.71691      1.328930      1.328929
   1.72389      1.328405      1.328405
   1.73087      1.328230      1.328229
