     #Energy           s          py          pz          px         dxy         dyz         dz2         dxz         dx2       tot  
   -20.84910     0.00000     0.00000     0.00000     0.00000     0.00000     0.00000     0.00000     0.00000     0.00000     0.00000
   -20.72810     0.00000     0.00000     0.00000     0.00000     0.00000     0.00000     0.00000     0.00000     0.00000     0.00000
   -20.60810     0.00000     0.00000     0.00000     0.00000     0.00000     0.00000     0.00000     0.00000     0.00000     0.00000
   -20.48710     0.00000     0.00000     0.00000     0.00000     0.00000     0.00000     0.00000     0.00000     0.00000     0.00000
   -20.36610     0.00000     0.00000     0.00000     0.00000     0.00000     0.00000     0.00000     0.00000     0.00000     0.00000
   -20.24510     0.00000     0.00000     0.00000     0.00000     0.00000     0.00000     0.00000     0.00000     0.00000     0.00000
   -20.12410     0.00000     0.00000     0.00000     0.00000     0.00000     0.00000     0.00000     0.00000     0.00000     0.00000
   -20.00410     0.00000     0.00000     0.00000     0.00000     0.00000     0.00000     0.00000     0.00000     0.00000     0.00000
   -19.88310     0.00000     0.00000     0.00000     0.00000     0.00000     0.00000     0.00000     0.00000     0.00000     0.00000
   -19.76210     0.00000     0.00000     0.00000     0.00000     0.00000     0.00000     0.00000     0.00000     0.00000     0.00000
   -19.64110     0.00000     0.00000     0.00000     0.00000     0.00000     0.00000     0.00000     0.00000     0.00000     0.00000
   -19.52110     0.00000     0.00000     0.00000     0.00000     0.00000     0.00000     0.00000     0.00000     0.00000     0.00000
   -19.40010     0.00000     0.00000     0.00000     0.00000     0.00000     0.00000     0.00000     0.00000     0.00000     0.00000
   -19.27910     0.00000     0.00000     0.00000     0.00000     0.00000     0.00000     0.00000     0.00000     0.00000     0.00000
   -19.15810     0.00014     0.00000     0.00001     0.00000     0.00000     0.00000     0.00000     0.00000     0.00000     0.00015
   -19.03710     0.00014     0.00000     0.00001     0.00000     0.00000     0.00000     0.00000     0.00000     0.00000     0.00016
   -18.91710     0.00015     0.00000     0.00001     0.00000     0.00000     0.00000     0.00000     0.00000     0.00000     0.00016
   -18.79610     0.00015     0.00000     0.00001     0.00000     0.00000     0.00000     0.00000     0.00000     0.00000     0.00017
   -18.67510     0.00016     0.00000     0.00001     0.00000     0.00000     0.00000     0.00000     0.00000     0.00000     0.00017
   -18.55410     0.00016     0.00000     0.00001     0.00000     0.00000     0.00000     0.00000     0.00000     0.00000     0.00017
   -18.43410     0.00018     0.00000     0.00001     0.00000     0.00000     0.00000     0.00000     0.00000     0.00000     0.00019
   -18.31310     0.00011     0.00000     0.00001     0.00000     0.00000     0.00000     0.00000     0.00000     0.00000     0.00012
   -18.19210     0.00020     0.00000     0.00001     0.00000     0.00000     0.00000     0.00000     0.00000     0.00000     0.00021
   -18.07110     0.00017     0.00000     0.00001     0.00000     0.00000     0.00000     0.00000     0.00000     0.00000     0.00018
   -17.95010     0.00031     0.00000     0.00001     0.00000     0.00000     0.00000     0.00000     0.00000     0.00000     0.00032
   -17.83010     0.00019     0.00000     0.00001     0.00000     0.00000     0.00000     0.00000     0.00000     0.00000     0.00020
   -17.70910     0.00020     0.00000     0.00001     0.00000     0.00000     0.00000     0.00000     0.00000     0.00000     0.00021
   -17.58810     0.00025     0.00000     0.00001     0.00000     0.00000     0.00000     0.00000     0.00000     0.00000     0.00026
   -17.46710     0.00023     0.00000     0.00001     0.00000     0.00000     0.00000     0.00000     0.00000     0.00000     0.00024
   -17.34710     0.00025     0.00000     0.00001     0.00000     0.00000     0.00000     0.00000     0.00000     0.00000     0.00026
   -17.22610     0.00031     0.00000     0.00001     0.00000     0.00000     0.00000     0.00000     0.00000     0.00000     0.00032
   -17.10510     0.00032     0.00000     0.00001     0.00000     0.00000     0.00000     0.00000     0.00000     0.00000     0.00033
   -16.98410     0.00038     0.00000     0.00001     0.00000     0.00000     0.00000     0.00000     0.00000     0.00000     0.00039
   -16.86310     0.00047     0.00000     0.00001     0.00000     0.00000     0.00000     0.00000     0.00000     0.00000     0.00048
   -16.74310     0.00061     0.00000     0.00001     0.00000     0.00000     0.00000     0.00000     0.00000     0.00000     0.00062
   -16.62210     0.00052     0.00000     0.00001     0.00000     0.00000     0.00000     0.00000     0.00000     0.00000     0.00053
   -16.50110     0.00055     0.00000     0.00001     0.00000     0.00000     0.00000     0.00000     0.00000     0.00000     0.00056
   -16.38010     0.00064     0.00000     0.00000     0.00000     0.00000     0.00000     0.00000     0.00000     0.00000     0.00065
   -16.26010     0.02914     0.00002     0.00011     0.00002     0.00000     0.00000     0.00000     0.00000     0.00000     0.02930
   -16.13910     0.06881     0.00005     0.00025     0.00005     0.00000     0.00001     0.00000     0.00001     0.00000     0.06919
   -16.01810     0.15899     0.00013     0.00057     0.00013     0.00001     0.00001     0.00000     0.00001     0.00001     0.15987
   -15.89710     0.66170     0.00051     0.00242     0.00051     0.00004     0.00005     0.00000     0.00005     0.00004     0.66531
   -15.77610     2.03790     0.00212     0.00677     0.00212     0.00011     0.00017     0.00000     0.00017     0.00011     2.04946
   -15.65610     4.68170     0.00562     0.01435     0.00564     0.00025     0.00042     0.00001     0.00042     0.00025     4.70865
   -15.53510     0.60847     0.00063     0.00152     0.00063     0.00003     0.00005     0.00001     0.00005     0.00003     0.61142
   -15.41410     3.13440     0.00294     0.00716     0.00296     0.00013     0.00026     0.00004     0.00026     0.00013     3.14828
   -15.29310     2.73110     0.00164     0.00398     0.00165     0.00011     0.00017     0.00011     0.00017     0.00011     2.73904
   -15.17310    11.27200     0.00450     0.00661     0.00436     0.00060     0.00035     0.00041     0.00034     0.00059    11.28977
   -15.05210    11.73340     0.00146     0.01114     0.00120     0.00062     0.00025     0.00001     0.00020     0.00045    11.74872
   -14.93110     0.52506     0.00006     0.00051     0.00007     0.00002     0.00001     0.00000     0.00001     0.00003     0.52578
   -14.81010     0.16926     0.00002     0.00018     0.00002     0.00001     0.00000     0.00000     0.00000     0.00001     0.16951
   -14.68910     0.05148     0.00001     0.00007     0.00001     0.00000     0.00000     0.00000     0.00000     0.00000     0.05158
   -14.56910     0.01945     0.00000     0.00004     0.00001     0.00000     0.00000     0.00000     0.00000     0.00000     0.01950
   -14.44810     0.00150     0.00000     0.00002     0.00000     0.00000     0.00000     0.00000     0.00000     0.00000     0.00152
   -14.32710     0.00088     0.00000     0.00002     0.00000     0.00000     0.00000     0.00000     0.00000     0.00000     0.00090
   -14.20610     0.00062     0.00000     0.00002     0.00000     0.00000     0.00000     0.00000     0.00000     0.00000     0.00064
   -14.08610     0.00047     0.00000     0.00002     0.00000     0.00000     0.00000     0.00000     0.00000     0.00000     0.00049
   -13.96510     0.00038     0.00000     0.00002     0.00000     0.00000     0.00000     0.00000     0.00000     0.00000     0.00040
   -13.84410     0.00029     0.00000     0.00002     0.00000     0.00000     0.00000     0.00000     0.00000     0.00000     0.00032
   -13.72310     0.00012     0.00000     0.00001     0.00000     0.00000     0.00000     0.00000     0.00000     0.00000     0.00013
   -13.60210     0.00006     0.00000     0.00000     0.00000     0.00000     0.00000     0.00000     0.00000     0.00000     0.00006
   -13.48210     0.00007     0.00000     0.00001     0.00000     0.00000     0.00000     0.00000     0.00000     0.00000     0.00008
   -13.36110     0.00005     0.00000     0.00001     0.00000     0.00000     0.00000     0.00000     0.00000     0.00000     0.00006
   -13.24010     0.00004     0.00000     0.00000     0.00000     0.00000     0.00000     0.00000     0.00000     0.00000     0.00004
   -13.11910     0.00003     0.00000     0.00000     0.00000     0.00000     0.00000     0.00000     0.00000     0.00000     0.00003
   -12.99910     0.00002     0.00000     0.00000     0.00000     0.00000     0.00000     0.00000     0.00000     0.00000     0.00002
   -12.87810     0.00001     0.00000     0.00000     0.00000     0.00000     0.00000     0.00000     0.00000     0.00000     0.00002
   -12.75710     0.00004     0.00000     0.00001     0.00000     0.00000     0.00000     0.00000     0.00000     0.00000     0.00005
   -12.63610     0.00004     0.00000     0.00001     0.00000     0.00000     0.00000     0.00000     0.00000     0.00000     0.00005
   -12.51510     0.00004     0.00000     0.00001     0.00000     0.00000     0.00000     0.00000     0.00000     0.00000     0.00005
   -12.39510     0.00002     0.00000     0.00001     0.00000     0.00000     0.00000     0.00000     0.00000     0.00000     0.00003
   -12.27410     0.00003     0.00000     0.00001     0.00000     0.00000     0.00000     0.00000     0.00000     0.00000     0.00004
   -12.15310     0.00003     0.00000     0.00001     0.00000     0.00000     0.00000     0.00000     0.00000     0.00000     0.00004
   -12.03210     0.00003     0.00000     0.00001     0.00000     0.00000     0.00000     0.00000     0.00000     0.00000     0.00005
   -11.91210     0.00001     0.00000     0.00001     0.00000     0.00000     0.00000     0.00000     0.00000     0.00000     0.00003
   -11.79110     0.00001     0.00000     0.00001     0.00000     0.00000     0.00000     0.00000     0.00000     0.00000     0.00002
   -11.67010     0.00002     0.00000     0.00001     0.00000     0.00000     0.00000     0.00000     0.00000     0.00000     0.00004
   -11.54910     0.00001     0.00000     0.00001     0.00000     0.00000     0.00000     0.00000     0.00000     0.00000     0.00003
   -11.42810     0.00001     0.00000     0.00001     0.00000     0.00000     0.00000     0.00000     0.00000     0.00000     0.00002
   -11.30810     0.00001     0.00000     0.00001     0.00000     0.00000     0.00000     0.00000     0.00000     0.00000     0.00002
   -11.18710     0.00001     0.00000     0.00001     0.00000     0.00000     0.00000     0.00000     0.00000     0.00000     0.00002
   -11.06610     0.00001     0.00000     0.00001     0.00000     0.00000     0.00000     0.00000     0.00000     0.00000     0.00002
   -10.94510     0.00001     0.00000     0.00001     0.00000     0.00000     0.00000     0.00000     0.00000     0.00000     0.00002
   -10.82510     0.00000     0.00000     0.00001     0.00000     0.00000     0.00000     0.00000     0.00000     0.00000     0.00001
   -10.70410     0.00000     0.00000     0.00001     0.00000     0.00000     0.00000     0.00000     0.00000     0.00000     0.00001
   -10.58310     0.00000     0.00000     0.00001     0.00000     0.00000     0.00000     0.00000     0.00000     0.00000     0.00001
   -10.46210     0.00000     0.00000     0.00001     0.00000     0.00000     0.00000     0.00000     0.00000     0.00000     0.00001
   -10.34110     0.00000     0.00000     0.00001     0.00000     0.00000     0.00000     0.00000     0.00000     0.00000     0.00002
   -10.22110     0.00000     0.00000     0.00001     0.00000     0.00000     0.00000     0.00000     0.00000     0.00000     0.00001
   -10.10010     0.00000     0.00000     0.00001     0.00000     0.00000     0.00000     0.00000     0.00000     0.00000     0.00002
    -9.97910     0.00000     0.00000     0.00001     0.00000     0.00000     0.00000     0.00000     0.00000     0.00000     0.00002
    -9.85810     0.00000     0.00000     0.00001     0.00000     0.00000     0.00000     0.00000     0.00000     0.00000     0.00001
    -9.73810     0.00000     0.00000     0.00001     0.00000     0.00000     0.00000     0.00000     0.00000     0.00000     0.00001
    -9.61710     0.00000     0.00000     0.00001     0.00000     0.00000     0.00000     0.00000     0.00000     0.00000     0.00002
    -9.49610     0.00000     0.00000     0.00001     0.00000     0.00000     0.00000     0.00000     0.00000     0.00000     0.00002
    -9.37510     0.00000     0.00000     0.00001     0.00000     0.00000     0.00000     0.00000     0.00000     0.00000     0.00002
    -9.25410     0.00000     0.00000     0.00001     0.00000     0.00000     0.00000     0.00000     0.00000     0.00000     0.00002
    -9.13410     0.00000     0.00000     0.00001     0.00000     0.00000     0.00000     0.00000     0.00000     0.00000     0.00002
    -9.01310     0.00000     0.00000     0.00001     0.00000     0.00000     0.00000     0.00000     0.00000     0.00000     0.00001
    -8.89210     0.00000     0.00000     0.00001     0.00000     0.00000     0.00000     0.00000     0.00000     0.00000     0.00002
    -8.77110     0.00000     0.00000     0.00001     0.00000     0.00000     0.00000     0.00000     0.00000     0.00000     0.00001
    -8.65110     0.00000     0.00000     0.00001     0.00000     0.00000     0.00000     0.00000     0.00000     0.00000     0.00002
    -8.53010     0.00000     0.00000     0.00001     0.00000     0.00000     0.00000     0.00000     0.00000     0.00000     0.00002
    -8.40910     0.00000     0.00000     0.00001     0.00000     0.00000     0.00000     0.00000     0.00000     0.00000     0.00002
    -8.28810     0.00000     0.00000     0.00001     0.00000     0.00000     0.00000     0.00000     0.00000     0.00000     0.00001
    -8.16710     0.00000     0.00000     0.00001     0.00000     0.00000     0.00000     0.00000     0.00000     0.00000     0.00001
    -8.04710     0.00000     0.00000     0.00001     0.00000     0.00000     0.00000     0.00000     0.00000     0.00000     0.00002
    -7.92610     0.00000     0.00000     0.00001     0.00000     0.00000     0.00000     0.00000     0.00000     0.00000     0.00002
    -7.80510     0.00000     0.00000     0.00001     0.00000     0.00000     0.00000     0.00000     0.00000     0.00000     0.00002
    -7.68410     0.00000     0.00000     0.00001     0.00000     0.00000     0.00000     0.00000     0.00000     0.00000     0.00002
    -7.56410     0.00000     0.00000     0.00001     0.00000     0.00000     0.00000     0.00000     0.00000     0.00000     0.00002
    -7.44310     0.00002     0.00001     0.00027     0.00001     0.00000     0.00000     0.00000     0.00000     0.00000     0.00030
    -7.32210     0.00008     0.00002     0.00130     0.00002     0.00000     0.00000     0.00000     0.00000     0.00000     0.00143
    -7.20110     0.00035     0.00008     0.00539     0.00008     0.00000     0.00001     0.00002     0.00001     0.00000     0.00592
    -7.08010     0.00048     0.00015     0.00811     0.00015     0.00000     0.00001     0.00002     0.00001     0.00000     0.00894
    -6.96010     0.00042     0.00019     0.00776     0.00019     0.00000     0.00001     0.00002     0.00001     0.00000     0.00861
    -6.83910     0.00040     0.00026     0.00808     0.00026     0.00000     0.00002     0.00002     0.00002     0.00000     0.00904
    -6.71810     0.00040     0.00037     0.00911     0.00037     0.00000     0.00002     0.00002     0.00002     0.00000     0.01031
    -6.59710     0.00038     0.00048     0.00961     0.00048     0.00000     0.00002     0.00002     0.00002     0.00000     0.01101
    -6.47710     0.00051     0.00077     0.01422     0.00078     0.00000     0.00004     0.00002     0.00004     0.00000     0.01639
    -6.35610     0.00037     0.00095     0.01167     0.00095     0.00000     0.00003     0.00002     0.00003     0.00000     0.01402
    -6.23510     0.00028     0.00114     0.01023     0.00115     0.00000     0.00003     0.00001     0.00003     0.00000     0.01289
    -6.11410     0.00066     0.01010     0.00985     0.01011     0.00005     0.00008     0.00002     0.00008     0.00005     0.03099
    -5.99310     0.00299     0.05161     0.01787     0.05169     0.00024     0.00036     0.00007     0.00036     0.00024     0.12542
    -5.87310     0.06402     0.85570     0.23522     0.85739     0.00218     0.00604     0.00202     0.00605     0.00218     2.03080
    -5.75210     0.03286     0.36415     0.14060     0.36496     0.00121     0.00262     0.00082     0.00262     0.00121     0.91105
    -5.63110     0.01772     0.08225     0.14732     0.08207     0.00021     0.00101     0.00073     0.00101     0.00021     0.33252
    -5.51010     0.07290     0.24225     0.59174     0.24050     0.00059     0.00363     0.00308     0.00360     0.00059     1.15888
    -5.39010     0.09373     0.27206     0.71780     0.27033     0.00075     0.00457     0.00321     0.00452     0.00074     1.36770
    -5.26910     0.02530     0.38528     0.56653     0.38885     0.00273     0.00439     0.00669     0.00445     0.00275     1.38696
    -5.14810     0.01834     0.81830     0.58187     0.81660     0.00558     0.00562     0.01003     0.00560     0.00560     2.26754
    -5.02710     0.05039     1.44650     0.97220     1.44020     0.00636     0.00732     0.01243     0.00727     0.00635     3.94902
    -4.90610     0.01295     0.56444     0.39724     0.56434     0.00241     0.00197     0.00585     0.00195     0.00239     1.55356
    -4.78610     0.00877     0.35666     0.26557     0.35179     0.00235     0.00202     0.00412     0.00202     0.00237     0.99567
    -4.66510     0.00622     0.53939     0.17783     0.53370     0.00139     0.00318     0.00356     0.00315     0.00139     1.26980
    -4.54410     0.01203     0.65696     0.22391     0.65001     0.00185     0.00451     0.00301     0.00440     0.00182     1.55849
    -4.42310     0.00903     0.85531     0.19254     0.85817     0.00381     0.00500     0.00186     0.00490     0.00377     1.93439
    -4.30310     0.02519     0.63612     0.29969     0.63508     0.00374     0.00480     0.00152     0.00483     0.00373     1.61471
    -4.18210     0.01707     0.32971     0.14708     0.33233     0.00210     0.00274     0.00155     0.00277     0.00210     0.83745
    -4.06110     0.04043     0.50078     0.33870     0.50820     0.00478     0.00340     0.00433     0.00347     0.00479     1.40887
    -3.94010     0.02053     0.48137     0.51357     0.49126     0.00533     0.00643     0.00150     0.00639     0.00524     1.53162
    -3.81910     0.03982     0.45487     0.80290     0.46610     0.00717     0.00565     0.00218     0.00578     0.00713     1.79160
    -3.69910     0.06663     0.63741     1.42720     0.63668     0.00460     0.00350     0.00308     0.00351     0.00467     2.78727
    -3.57810     0.01741     0.20092     0.43164     0.19766     0.00162     0.00094     0.00070     0.00092     0.00161     0.85342
    -3.45710     0.00954     0.11478     0.34585     0.11467     0.00189     0.00070     0.00030     0.00070     0.00181     0.59023
    -3.33610     0.01381     0.30211     0.62870     0.30427     0.00168     0.00239     0.00047     0.00240     0.00171     1.25754
    -3.21610     0.00537     0.17354     0.27031     0.17221     0.00086     0.00102     0.00021     0.00103     0.00081     0.62537
    -3.09510     0.00828     0.57729     0.57291     0.58171     0.00181     0.00223     0.00040     0.00223     0.00184     1.74870
    -2.97410     0.01366     0.69724     1.39540     0.70073     0.00254     0.00206     0.00071     0.00208     0.00255     2.81696
    -2.85310     0.01485     0.70560     1.44240     0.68620     0.00274     0.00137     0.00089     0.00139     0.00273     2.85817
    -2.73210     0.00959     0.74486     1.38950     0.75098     0.00196     0.00114     0.00153     0.00114     0.00193     2.90263
    -2.61210     0.02012     1.82854     1.62430     1.88150     0.00387     0.00140     0.00292     0.00135     0.00390     5.36791
    -2.49110     0.00504     0.23907     0.37174     0.22899     0.00044     0.00032     0.00048     0.00030     0.00045     0.84683
    -2.37010     0.01434     0.80067     1.15190     0.80737     0.00125     0.00086     0.00136     0.00087     0.00118     2.77980
    -2.24910     0.02178     2.09344     1.68920     2.30450     0.00192     0.00127     0.00140     0.00126     0.00186     6.11663
    -2.12910     0.01496     4.35027     4.18350     3.45970     0.00606     0.00679     0.00294     0.00648     0.00567    12.03637
    -2.00810     0.00776     0.95655     0.73210     0.92779     0.00060     0.00087     0.00023     0.00082     0.00061     2.62733
    -1.88710     0.00321     2.68730     0.56651     1.50340     0.00170     0.00113     0.00016     0.00100     0.00105     4.76547
    -1.76610     0.00068     0.15085     0.07197     0.15309     0.00011     0.00015     0.00006     0.00018     0.00012     0.37720
    -1.64510     0.00045     0.04002     0.02655     0.03994     0.00004     0.00009     0.00005     0.00011     0.00004     0.10729
    -1.52510     0.00037     0.01050     0.01247     0.01087     0.00002     0.00007     0.00004     0.00009     0.00002     0.03444
    -1.40410     0.00029     0.00491     0.00750     0.00487     0.00001     0.00006     0.00004     0.00008     0.00001     0.01778
    -1.28310     0.00014     0.00177     0.00233     0.00170     0.00001     0.00003     0.00002     0.00004     0.00001     0.00606
    -1.16210     0.00056     0.00621     0.00972     0.00582     0.00003     0.00018     0.00010     0.00016     0.00003     0.02282
    -1.04210     0.00016     0.00143     0.00220     0.00137     0.00001     0.00005     0.00003     0.00006     0.00001     0.00532
    -0.92110     0.00013     0.00103     0.00157     0.00098     0.00001     0.00004     0.00002     0.00005     0.00001     0.00384
    -0.80010     0.00011     0.00073     0.00112     0.00069     0.00001     0.00004     0.00002     0.00004     0.00001     0.00277
    -0.67910     0.00011     0.00058     0.00095     0.00056     0.00001     0.00004     0.00002     0.00004     0.00001     0.00232
    -0.55810     0.00011     0.00050     0.00089     0.00048     0.00001     0.00004     0.00002     0.00004     0.00001     0.00209
    -0.43810     0.00012     0.00048     0.00094     0.00046     0.00001     0.00004     0.00001     0.00004     0.00001     0.00211
    -0.31710     0.00070     0.00083     0.00815     0.00095     0.00006     0.00007     0.00001     0.00006     0.00006     0.01089
    -0.19610     0.00118     0.00110     0.01426     0.00132     0.00010     0.00009     0.00001     0.00008     0.00009     0.01822
    -0.07510     0.00196     0.00158     0.02413     0.00198     0.00016     0.00013     0.00001     0.00011     0.00015     0.03020
     0.04490     0.16146     0.64129     2.59654     0.77039     0.02873     0.02873     0.00033     0.03151     0.02333     4.28231
     0.16590     0.01414     0.21026     0.06136     0.23217     0.00277     0.00483     0.00062     0.00455     0.00256     0.53327
     0.28690     0.04289     2.39150     0.29093     2.68130     0.02679     0.04592     0.00043     0.04995     0.02948     5.55918
     0.40790     0.00000     0.00000     0.00000     0.00000     0.00000     0.00000     0.00000     0.00000     0.00000     0.00000
     0.52890     0.00000     0.00000     0.00000     0.00000     0.00000     0.00000     0.00000     0.00000     0.00000     0.00000
     0.64890     0.00001     0.00044     0.00016     0.00053     0.00001     0.00001     0.00001     0.00001     0.00001     0.00118
     0.76990     0.00001     0.00041     0.00017     0.00050     0.00001     0.00001     0.00001     0.00001     0.00001     0.00113
     0.89090     0.00001     0.00038     0.00017     0.00046     0.00001     0.00001     0.00001     0.00001     0.00001     0.00107
     1.01190     0.00001     0.00036     0.00020     0.00043     0.00001     0.00001     0.00002     0.00001     0.00001     0.00106
     1.13190     0.00001     0.00029     0.00019     0.00034     0.00001     0.00002     0.00002     0.00001     0.00001     0.00090
     1.25290     0.00001     0.00029     0.00021     0.00034     0.00001     0.00002     0.00003     0.00002     0.00001     0.00094
     1.37390     0.00002     0.00031     0.00024     0.00036     0.00001     0.00002     0.00003     0.00002     0.00001     0.00103
     1.49490     0.00003     0.00032     0.00027     0.00036     0.00001     0.00003     0.00004     0.00003     0.00001     0.00111
     1.61590     0.00005     0.00043     0.00039     0.00048     0.00002     0.00005     0.00006     0.00005     0.00002     0.00154
     1.73590     0.00007     0.00047     0.00045     0.00050     0.00002     0.00007     0.00008     0.00006     0.00002     0.00175
     1.85690     0.00005     0.00031     0.00028     0.00033     0.00001     0.00005     0.00005     0.00005     0.00001     0.00115
     1.97790     0.00020     0.00088     0.00090     0.00094     0.00004     0.00019     0.00017     0.00017     0.00004     0.00354
     2.09890     0.00040     0.00150     0.00159     0.00158     0.00007     0.00037     0.00031     0.00032     0.00007     0.00623
     2.21890     0.00020     0.00072     0.00073     0.00078     0.00004     0.00019     0.00016     0.00017     0.00004     0.00304
     2.33990     0.00018     0.00063     0.00062     0.00068     0.00004     0.00018     0.00016     0.00016     0.00004     0.00268
     2.46090     0.00018     0.00064     0.00062     0.00069     0.00005     0.00020     0.00018     0.00018     0.00005     0.00277
     2.58190     0.00010     0.00037     0.00033     0.00040     0.00004     0.00012     0.00012     0.00011     0.00004     0.00162
     2.70290     0.00010     0.00035     0.00031     0.00038     0.00004     0.00012     0.00012     0.00011     0.00004     0.00156
     2.82290     0.00010     0.00033     0.00029     0.00037     0.00004     0.00013     0.00013     0.00012     0.00004     0.00155
     2.94390     0.00011     0.00035     0.00031     0.00039     0.00005     0.00016     0.00015     0.00014     0.00006     0.00171
     3.06490     0.00009     0.00026     0.00022     0.00029     0.00004     0.00013     0.00012     0.00011     0.00005     0.00131
     3.18590     0.00009     0.00023     0.00019     0.00026     0.00004     0.00012     0.00012     0.00011     0.00005     0.00121
     3.30590     0.00010     0.00021     0.00017     0.00024     0.00004     0.00012     0.00012     0.00011     0.00005     0.00117
     3.42690     0.00578     0.00056     0.00055     0.00058     0.00007     0.00014     0.00012     0.00012     0.00007     0.00799
     3.54790     0.00666     0.00062     0.00062     0.00064     0.00008     0.00016     0.00014     0.00014     0.00009     0.00916
     3.66890     0.01062     0.00107     0.00083     0.00108     0.00010     0.00017     0.00012     0.00015     0.00010     0.01423
     3.78990     0.01887     0.00214     0.00162     0.00214     0.00014     0.00021     0.00014     0.00020     0.00015     0.02561
     3.90990     0.01641     0.00260     0.00129     0.00261     0.00014     0.00021     0.00018     0.00019     0.00015     0.02379
     4.03090     0.05467     0.01162     0.00318     0.01158     0.00044     0.00060     0.00040     0.00057     0.00045     0.08351
     4.15190     0.04262     0.00839     0.01136     0.00835     0.00063     0.00079     0.00042     0.00077     0.00065     0.07397
     4.27290     0.04970     0.01352     0.01337     0.01359     0.00147     0.00198     0.00057     0.00194     0.00151     0.09765
     4.39290     0.04081     0.01436     0.01015     0.01436     0.00188     0.00255     0.00063     0.00253     0.00192     0.08920
     4.51390     0.04474     0.01849     0.01296     0.01849     0.00299     0.00432     0.00105     0.00429     0.00305     0.11039
     4.63490     0.05138     0.02878     0.01761     0.02878     0.00727     0.01085     0.00135     0.01074     0.00733     0.16410
     4.75590     0.06736     0.05610     0.03356     0.05627     0.02236     0.03249     0.00260     0.03250     0.02235     0.32560
     4.87690     0.06888     0.08378     0.04778     0.08368     0.03252     0.05743     0.00431     0.05753     0.03231     0.46822
     4.99690     0.11844     0.14778     0.08544     0.14792     0.04466     0.09764     0.00643     0.09805     0.04443     0.79078
     5.11790     0.09442     0.11126     0.06235     0.11110     0.02775     0.07494     0.01203     0.07492     0.02773     0.59650
     5.23890     0.09268     0.05301     0.05479     0.05261     0.01859     0.02593     0.01480     0.02576     0.01846     0.35664
     5.35990     0.10363     0.05572     0.07399     0.05576     0.02398     0.02514     0.01722     0.02520     0.02403     0.40466
     5.47990     0.16060     0.06804     0.09676     0.06826     0.05439     0.03455     0.03581     0.03481     0.05462     0.60784
     5.60090     0.18372     0.06425     0.10470     0.06431     0.07910     0.03970     0.03357     0.03919     0.07909     0.68763
     5.72190     0.16974     0.05627     0.08258     0.05656     0.05873     0.03809     0.04022     0.03807     0.05834     0.59860
     5.84290     0.14533     0.05379     0.05547     0.05347     0.05122     0.03642     0.04865     0.03657     0.05171     0.53265
     5.96390     0.08281     0.03310     0.03678     0.03315     0.02994     0.02541     0.03338     0.02525     0.02998     0.32981
     6.08390     0.12132     0.05983     0.06929     0.06097     0.05520     0.05786     0.04111     0.05708     0.05450     0.57714
     6.20490     0.16990     0.08821     0.08207     0.08820     0.06723     0.07807     0.06323     0.07667     0.06739     0.78096
     6.32590     0.08704     0.04857     0.03963     0.04894     0.03568     0.03728     0.03856     0.03748     0.03573     0.40890
     6.44690     0.14247     0.08811     0.04157     0.08669     0.05614     0.04323     0.07608     0.04327     0.05616     0.63372
     6.56690     0.14814     0.08219     0.08628     0.08223     0.07784     0.08070     0.06120     0.08048     0.07809     0.77715
     6.68790     0.09596     0.06129     0.07995     0.06085     0.08243     0.06786     0.08334     0.06742     0.08207     0.68117
     6.80890     0.09236     0.06234     0.09831     0.06203     0.08329     0.07593     0.08604     0.07488     0.08287     0.71805
     6.92990     0.08029     0.05879     0.09363     0.06031     0.06129     0.07435     0.08179     0.07516     0.06006     0.64567
     7.05090     0.03038     0.02767     0.05126     0.02757     0.03690     0.04365     0.04686     0.04332     0.03694     0.34456
     7.17090     0.07042     0.09414     0.12483     0.09266     0.07410     0.12144     0.14772     0.11995     0.07493     0.92019
     7.29190     0.03893     0.07231     0.07683     0.07462     0.07652     0.08874     0.12502     0.08809     0.07543     0.71649
     7.41290     0.04100     0.08790     0.08893     0.08899     0.11061     0.09879     0.09554     0.09866     0.10979     0.82021
     7.53390     0.04108     0.11467     0.08333     0.11479     0.12081     0.10138     0.09905     0.10026     0.12109     0.89646
     7.65390     0.03710     0.10090     0.08966     0.10060     0.10595     0.09404     0.08550     0.09356     0.10518     0.81249
     7.77490     0.04034     0.12700     0.13404     0.12657     0.15734     0.10880     0.12748     0.10894     0.15590     1.08641
     7.89590     0.03925     0.13671     0.15039     0.13439     0.21895     0.15999     0.14791     0.15131     0.21238     1.35128
     8.01690     0.05216     0.15516     0.14964     0.15370     0.18433     0.14510     0.15580     0.14588     0.18730     1.32907
     8.13790     0.03369     0.13804     0.10961     0.13858     0.15135     0.10342     0.10710     0.10229     0.15006     1.03414
     8.25790     0.03731     0.13912     0.17053     0.13870     0.17461     0.14103     0.08119     0.14138     0.17825     1.20212
     8.37890     0.03942     0.15273     0.18170     0.15137     0.15807     0.14452     0.10342     0.14436     0.16007     1.23566
     8.49990     0.02350     0.09775     0.07849     0.09440     0.08660     0.06539     0.08315     0.06516     0.08731     0.68175
     8.62090     0.03542     0.15716     0.08031     0.16044     0.12098     0.11727     0.13502     0.11831     0.11911     1.04402
     8.74090     0.02723     0.15799     0.07303     0.15683     0.12608     0.13993     0.10310     0.13577     0.12313     1.04309
     8.86190     0.02668     0.17681     0.08317     0.17038     0.13902     0.13481     0.13625     0.13869     0.13531     1.14112
     8.98290     0.02132     0.17640     0.08170     0.17926     0.09298     0.11321     0.16780     0.11224     0.09295     1.03786
     9.10390     0.02338     0.19191     0.08721     0.19153     0.08240     0.10660     0.19780     0.10655     0.08490     1.07228
     9.22490     0.02909     0.23767     0.15329     0.23498     0.17136     0.15997     0.32160     0.15791     0.16452     1.63039
     9.34490     0.02104     0.19292     0.13229     0.19379     0.22547     0.16694     0.17938     0.16532     0.22980     1.50695
     9.46590     0.03212     0.35340     0.15216     0.36441     0.29450     0.28134     0.31824     0.27416     0.30021     2.37054
     9.58690     0.01525     0.12442     0.08392     0.12587     0.10376     0.10188     0.16539     0.10584     0.10539     0.93172
     9.70790     0.01747     0.13888     0.11253     0.13707     0.08936     0.08790     0.20942     0.07738     0.09592     0.96593
     9.82790     0.01627     0.13055     0.10193     0.12927     0.12551     0.07345     0.12819     0.07458     0.12192     0.90167
     9.94890     0.01088     0.06487     0.10173     0.06363     0.06832     0.05361     0.12165     0.05157     0.06153     0.59779
    10.06990     0.02180     0.10791     0.15970     0.11082     0.11769     0.13290     0.16643     0.13312     0.11818     1.06855
    10.19090     0.01475     0.08922     0.13273     0.09058     0.11004     0.16913     0.13894     0.15489     0.11383     1.01412
    10.31190     0.01229     0.09248     0.09837     0.09089     0.06843     0.13678     0.13962     0.13297     0.06889     0.84072
    10.43190     0.02063     0.07768     0.13383     0.07591     0.10946     0.15987     0.12627     0.15376     0.10483     0.96223
    10.55290     0.01108     0.04508     0.06619     0.04049     0.06147     0.05509     0.04204     0.05373     0.05970     0.43488
    10.67390     0.01206     0.06721     0.09562     0.06970     0.08947     0.10320     0.09799     0.10188     0.09573     0.73286
    10.79490     0.01345     0.06476     0.08504     0.06371     0.08559     0.08812     0.09557     0.08657     0.08618     0.66898
    10.91490     0.01875     0.06537     0.08776     0.06389     0.09419     0.10916     0.09722     0.10447     0.09187     0.73268
    11.03590     0.01552     0.05659     0.09480     0.05923     0.08405     0.10253     0.08069     0.09537     0.07855     0.66733
    11.15690     0.02124     0.06779     0.11079     0.06596     0.10485     0.14552     0.10713     0.14421     0.10378     0.87126
    11.27790     0.02237     0.06282     0.10232     0.05965     0.09797     0.12665     0.09644     0.11850     0.09442     0.78114
    11.39790     0.02604     0.05876     0.13026     0.05910     0.12900     0.12169     0.12363     0.12695     0.13321     0.90863
    11.51890     0.02621     0.07256     0.09138     0.06701     0.10957     0.10337     0.11700     0.10448     0.11236     0.80394
    11.63990     0.02286     0.05130     0.06294     0.05096     0.09323     0.08554     0.08368     0.08587     0.09436     0.63074
    11.76090     0.01776     0.03558     0.05492     0.03796     0.09054     0.08965     0.07412     0.09565     0.08604     0.58222
    11.88190     0.01415     0.03922     0.04854     0.03951     0.10370     0.10166     0.06680     0.10432     0.09411     0.61202
    12.00190     0.01989     0.06306     0.06060     0.06326     0.15910     0.13573     0.07366     0.14164     0.15757     0.87452
    12.12290     0.02724     0.08765     0.06771     0.08761     0.23005     0.16719     0.10533     0.16326     0.23139     1.16743
    12.24390     0.02348     0.05605     0.05717     0.05756     0.17107     0.14330     0.09124     0.14232     0.16871     0.91090
    12.36490     0.02431     0.06363     0.06087     0.06625     0.16968     0.14198     0.08803     0.13359     0.16172     0.91005
    12.48490     0.01993     0.06388     0.05925     0.06350     0.14163     0.13000     0.09374     0.12791     0.14655     0.84639
    12.60590     0.01291     0.04178     0.03868     0.04246     0.09713     0.12410     0.06871     0.11990     0.09781     0.64349
    12.72690     0.01577     0.03951     0.04898     0.04109     0.08778     0.11722     0.08051     0.10801     0.09140     0.63026
    12.84790     0.02230     0.04352     0.06211     0.04575     0.09604     0.10161     0.11841     0.09860     0.10173     0.69007
    12.96890     0.02367     0.05322     0.05809     0.05228     0.11885     0.10501     0.09020     0.10697     0.12206     0.73035
    13.08890     0.01619     0.03910     0.05219     0.04123     0.11645     0.09086     0.07401     0.09431     0.10773     0.63208
    13.20990     0.01730     0.04340     0.05198     0.03839     0.11818     0.09075     0.07297     0.08869     0.12323     0.64489
    13.33090     0.02517     0.05681     0.06145     0.05728     0.16859     0.10354     0.08992     0.11440     0.18149     0.85865
    13.45190     0.02016     0.04388     0.04257     0.04361     0.09666     0.07392     0.06153     0.07788     0.09952     0.55973
    13.57190     0.00367     0.00693     0.00536     0.00753     0.01186     0.00787     0.00665     0.00882     0.01258     0.07126
    13.69290     0.00000     0.00000     0.00000     0.00000     0.00000     0.00000     0.00000     0.00000     0.00000     0.00000
    13.81390     0.00000     0.00000     0.00000     0.00000     0.00000     0.00000     0.00000     0.00000     0.00000     0.00000
    13.93490     0.00000     0.00000     0.00000     0.00000     0.00000     0.00000     0.00000     0.00000     0.00000     0.00000
    14.05590     0.00000     0.00000     0.00000     0.00000     0.00000     0.00000     0.00000     0.00000     0.00000     0.00000
    14.17590     0.00000     0.00000     0.00000     0.00000     0.00000     0.00000     0.00000     0.00000     0.00000     0.00000
    14.29690     0.00000     0.00000     0.00000     0.00000     0.00000     0.00000     0.00000     0.00000     0.00000     0.00000
    14.41790     0.00000     0.00000     0.00000     0.00000     0.00000     0.00000     0.00000     0.00000     0.00000     0.00000
    14.53890     0.00000     0.00000     0.00000     0.00000     0.00000     0.00000     0.00000     0.00000     0.00000     0.00000
    14.65890     0.00000     0.00000     0.00000     0.00000     0.00000     0.00000     0.00000     0.00000     0.00000     0.00000
    14.77990     0.00000     0.00000     0.00000     0.00000     0.00000     0.00000     0.00000     0.00000     0.00000     0.00000
    14.90090     0.00000     0.00000     0.00000     0.00000     0.00000     0.00000     0.00000     0.00000     0.00000     0.00000
    15.02190     0.00000     0.00000     0.00000     0.00000     0.00000     0.00000     0.00000     0.00000     0.00000     0.00000
    15.14290     0.00000     0.00000     0.00000     0.00000     0.00000     0.00000     0.00000     0.00000     0.00000     0.00000
    15.26290     0.00000     0.00000     0.00000     0.00000     0.00000     0.00000     0.00000     0.00000     0.00000     0.00000
    15.38390     0.00000     0.00000     0.00000     0.00000     0.00000     0.00000     0.00000     0.00000     0.00000     0.00000
