     #Energy           s          py          pz          px         dxy         dyz         dz2         dxz         dx2       tot  
   -20.84910     0.00000     0.00000     0.00000     0.00000     0.00000     0.00000     0.00000     0.00000     0.00000     0.00000
   -20.72810     0.00000     0.00000     0.00000     0.00000     0.00000     0.00000     0.00000     0.00000     0.00000     0.00000
   -20.60810     0.00000     0.00000     0.00000     0.00000     0.00000     0.00000     0.00000     0.00000     0.00000     0.00000
   -20.48710     0.00000     0.00000     0.00000     0.00000     0.00000     0.00000     0.00000     0.00000     0.00000     0.00000
   -20.36610     0.00000     0.00000     0.00000     0.00000     0.00000     0.00000     0.00000     0.00000     0.00000     0.00000
   -20.24510     0.00000     0.00000     0.00000     0.00000     0.00000     0.00000     0.00000     0.00000     0.00000     0.00000
   -20.12410     0.00000     0.00000     0.00000     0.00000     0.00000     0.00000     0.00000     0.00000     0.00000     0.00000
   -20.00410     0.00000     0.00000     0.00000     0.00000     0.00000     0.00000     0.00000     0.00000     0.00000     0.00000
   -19.88310     0.00000     0.00000     0.00000     0.00000     0.00000     0.00000     0.00000     0.00000     0.00000     0.00000
   -19.76210     0.00000     0.00000     0.00000     0.00000     0.00000     0.00000     0.00000     0.00000     0.00000     0.00000
   -19.64110     0.00000     0.00000     0.00000     0.00000     0.00000     0.00000     0.00000     0.00000     0.00000     0.00000
   -19.52110     0.00000     0.00000     0.00000     0.00000     0.00000     0.00000     0.00000     0.00000     0.00000     0.00000
   -19.40010     0.00000     0.00000     0.00000     0.00000     0.00000     0.00000     0.00000     0.00000     0.00000     0.00000
   -19.27910     0.00000     0.00000     0.00000     0.00000     0.00000     0.00000     0.00000     0.00000     0.00000     0.00000
   -19.15810     0.67208     0.00099     0.00000     0.00099     0.00000     0.00000     0.00000     0.00000     0.00000     0.67407
   -19.03710     0.67239     0.00381     0.00000     0.00381     0.00000     0.00000     0.00000     0.00000     0.00000     0.68002
   -18.91710     0.67171     0.00659     0.00000     0.00658     0.00000     0.00000     0.00000     0.00000     0.00000     0.68488
   -18.79610     0.67388     0.00935     0.00000     0.00935     0.00000     0.00000     0.00000     0.00000     0.00000     0.69258
   -18.67510     0.68853     0.01196     0.00000     0.01196     0.00000     0.00000     0.00000     0.00000     0.00000     0.71245
   -18.55410     0.67043     0.01485     0.00000     0.01485     0.00000     0.00000     0.00000     0.00000     0.00000     0.70014
   -18.43410     0.71249     0.01865     0.00000     0.01874     0.00000     0.00000     0.00000     0.00000     0.00000     0.74988
   -18.31310     0.42154     0.01278     0.00000     0.01299     0.00000     0.00000     0.00000     0.00000     0.00000     0.44730
   -18.19210     0.70822     0.02496     0.00000     0.02477     0.00000     0.00000     0.00000     0.00000     0.00000     0.75795
   -18.07110     0.60489     0.02370     0.00000     0.02390     0.00000     0.00000     0.00000     0.00000     0.00000     0.65249
   -17.95010     1.02442     0.04415     0.00000     0.04458     0.00000     0.00000     0.00000     0.00000     0.00000     1.11315
   -17.83010     0.59521     0.02853     0.00000     0.02868     0.00000     0.00000     0.00000     0.00000     0.00000     0.65242
   -17.70910     0.60846     0.03123     0.00000     0.03144     0.00000     0.00000     0.00000     0.00000     0.00000     0.67113
   -17.58810     0.69714     0.03977     0.00000     0.03985     0.00000     0.00000     0.00000     0.00000     0.00000     0.77676
   -17.46710     0.60655     0.03708     0.00000     0.03696     0.00000     0.00000     0.00000     0.00000     0.00000     0.68059
   -17.34710     0.60450     0.03990     0.00000     0.04011     0.00000     0.00000     0.00000     0.00000     0.00000     0.68451
   -17.22610     0.68367     0.04844     0.00000     0.04837     0.00000     0.00000     0.00000     0.00000     0.00000     0.78048
   -17.10510     0.66161     0.04920     0.00000     0.04919     0.00000     0.00000     0.00000     0.00000     0.00000     0.76000
   -16.98410     0.60217     0.04855     0.00000     0.04834     0.00000     0.00000     0.00000     0.00000     0.00000     0.69906
   -16.86310     0.60558     0.05099     0.00000     0.05137     0.00000     0.00000     0.00000     0.00000     0.00000     0.70795
   -16.74310     0.67350     0.05944     0.00000     0.05999     0.00000     0.00000     0.00000     0.00000     0.00000     0.79293
   -16.62210     0.63524     0.05958     0.00000     0.06002     0.00000     0.00000     0.00000     0.00000     0.00000     0.75484
   -16.50110     0.63636     0.06259     0.00000     0.06288     0.00000     0.00000     0.00000     0.00000     0.00000     0.76183
   -16.38010     0.65401     0.06693     0.00000     0.06687     0.00000     0.00000     0.00000     0.00000     0.00000     0.78781
   -16.26010     0.58688     0.06337     0.00000     0.06273     0.00000     0.00000     0.00000     0.00000     0.00000     0.71298
   -16.13910     0.56892     0.06385     0.00000     0.06312     0.00000     0.00000     0.00000     0.00000     0.00000     0.69589
   -16.01810     0.60274     0.06964     0.00001     0.06894     0.00000     0.00000     0.00000     0.00000     0.00000     0.74133
   -15.89710     0.55785     0.06470     0.00002     0.06953     0.00000     0.00000     0.00000     0.00000     0.00000     0.69210
   -15.77610     0.72767     0.09344     0.00005     0.09079     0.00000     0.00000     0.00000     0.00000     0.00000     0.91195
   -15.65610     0.50005     0.06597     0.00010     0.06452     0.00000     0.00000     0.00000     0.00000     0.00000     0.63064
   -15.53510     0.54405     0.07231     0.00001     0.07406     0.00000     0.00000     0.00000     0.00000     0.00000     0.69043
   -15.41410     0.96531     0.13288     0.00006     0.13265     0.00000     0.00000     0.00000     0.00000     0.00000     1.23090
   -15.29310     0.82293     0.11782     0.00006     0.11593     0.00000     0.00000     0.00000     0.00000     0.00000     1.05674
   -15.17310     0.44603     0.06629     0.00024     0.06588     0.00000     0.00000     0.00000     0.00000     0.00000     0.57844
   -15.05210     0.82002     0.12455     0.00009     0.12610     0.00000     0.00000     0.00000     0.00000     0.00000     1.07076
   -14.93110     0.63002     0.09981     0.00001     0.09791     0.00000     0.00000     0.00000     0.00000     0.00000     0.82774
   -14.81010     0.57810     0.09250     0.00000     0.09118     0.00000     0.00000     0.00000     0.00000     0.00000     0.76178
   -14.68910     0.55918     0.08988     0.00000     0.08906     0.00000     0.00000     0.00000     0.00000     0.00000     0.73811
   -14.56910     0.55810     0.09034     0.00000     0.09001     0.00000     0.00000     0.00000     0.00000     0.00000     0.73846
   -14.44810     0.64671     0.10546     0.00000     0.10547     0.00000     0.00000     0.00000     0.00000     0.00000     0.85764
   -14.32710     0.67928     0.10961     0.00000     0.10962     0.00000     0.00000     0.00000     0.00000     0.00000     0.89852
   -14.20610     0.70101     0.11219     0.00000     0.11220     0.00000     0.00000     0.00000     0.00000     0.00000     0.92539
   -14.08610     0.77112     0.12058     0.00000     0.12104     0.00000     0.00000     0.00000     0.00000     0.00000     1.01274
   -13.96510     0.95934     0.14713     0.00000     0.14724     0.00000     0.00000     0.00000     0.00000     0.00000     1.25371
   -13.84410     0.90886     0.15117     0.00000     0.15106     0.00000     0.00000     0.00000     0.00000     0.00000     1.21109
   -13.72310     0.42058     0.07142     0.00000     0.07119     0.00000     0.00000     0.00000     0.00000     0.00000     0.56319
   -13.60210     0.26113     0.04568     0.00000     0.04567     0.00000     0.00000     0.00000     0.00000     0.00000     0.35248
   -13.48210     0.42348     0.07465     0.00000     0.07471     0.00000     0.00000     0.00000     0.00000     0.00000     0.57284
   -13.36110     0.40583     0.07530     0.00000     0.07517     0.00000     0.00000     0.00000     0.00000     0.00000     0.55630
   -13.24010     0.30548     0.05869     0.00000     0.05865     0.00000     0.00000     0.00000     0.00000     0.00000     0.42282
   -13.11910     0.26423     0.05264     0.00000     0.05260     0.00000     0.00000     0.00000     0.00000     0.00000     0.36948
   -12.99910     0.21620     0.04419     0.00000     0.04416     0.00000     0.00000     0.00000     0.00000     0.00000     0.30455
   -12.87810     0.17728     0.03741     0.00000     0.03740     0.00000     0.00000     0.00000     0.00000     0.00000     0.25209
   -12.75710     0.38108     0.18184     0.00000     0.18184     0.00000     0.00000     0.00000     0.00000     0.00000     0.74476
   -12.63610     0.39811     0.20548     0.00000     0.20548     0.00000     0.00000     0.00000     0.00000     0.00000     0.80907
   -12.51510     0.45191     0.23425     0.00000     0.23425     0.00000     0.00000     0.00000     0.00000     0.00000     0.92041
   -12.39510     0.28428     0.16114     0.00000     0.16109     0.00000     0.00000     0.00000     0.00000     0.00000     0.60651
   -12.27410     0.39502     0.21554     0.00000     0.21552     0.00000     0.00000     0.00000     0.00000     0.00000     0.82608
   -12.15310     0.44867     0.23324     0.00000     0.23326     0.00000     0.00000     0.00000     0.00000     0.00000     0.91517
   -12.03210     0.63962     0.30586     0.00000     0.30553     0.00000     0.00000     0.00000     0.00000     0.00000     1.25101
   -11.91210     0.42473     0.19455     0.00000     0.19427     0.00000     0.00000     0.00000     0.00000     0.00000     0.81355
   -11.79110     0.38242     0.17611     0.00000     0.17630     0.00000     0.00000     0.00000     0.00000     0.00000     0.73483
   -11.67010     0.61582     0.29308     0.00000     0.29285     0.00000     0.00000     0.00000     0.00000     0.00000     1.20175
   -11.54910     0.48476     0.24181     0.00000     0.24182     0.00000     0.00000     0.00000     0.00000     0.00000     0.96839
   -11.42810     0.40324     0.20291     0.00000     0.20289     0.00000     0.00000     0.00000     0.00000     0.00000     0.80904
   -11.30810     0.37121     0.18995     0.00000     0.18992     0.00000     0.00000     0.00000     0.00000     0.00000     0.75108
   -11.18710     0.41550     0.21153     0.00000     0.21152     0.00000     0.00000     0.00000     0.00000     0.00000     0.83855
   -11.06610     0.39631     0.20805     0.00000     0.20812     0.00000     0.00000     0.00000     0.00000     0.00000     0.81248
   -10.94510     0.40071     0.21644     0.00000     0.21642     0.00000     0.00000     0.00000     0.00000     0.00000     0.83357
   -10.82510     0.33538     0.18455     0.00000     0.18455     0.00000     0.00000     0.00000     0.00000     0.00000     0.70448
   -10.70410     0.34542     0.19393     0.00000     0.19394     0.00000     0.00000     0.00000     0.00000     0.00000     0.73329
   -10.58310     0.31286     0.18065     0.00000     0.18061     0.00000     0.00000     0.00000     0.00000     0.00000     0.67412
   -10.46210     0.28450     0.16978     0.00000     0.16977     0.00000     0.00000     0.00000     0.00000     0.00000     0.62405
   -10.34110     0.38552     0.23862     0.00000     0.23890     0.00000     0.00000     0.00000     0.00000     0.00000     0.86304
   -10.22110     0.29053     0.18345     0.00000     0.18337     0.00000     0.00000     0.00000     0.00000     0.00000     0.65735
   -10.10010     0.40434     0.35974     0.00000     0.35999     0.00000     0.00000     0.00000     0.00000     0.00000     1.12407
    -9.97910     0.27340     0.28555     0.00000     0.28558     0.00000     0.00000     0.00000     0.00000     0.00000     0.84453
    -9.85810     0.21402     0.25611     0.00000     0.25613     0.00000     0.00000     0.00000     0.00000     0.00000     0.72626
    -9.73810     0.19150     0.26028     0.00000     0.25898     0.00000     0.00000     0.00000     0.00000     0.00000     0.71076
    -9.61710     0.26546     0.31233     0.00000     0.31209     0.00000     0.00000     0.00000     0.00000     0.00000     0.88988
    -9.49610     0.32580     0.36114     0.00000     0.36066     0.00000     0.00000     0.00000     0.00000     0.00000     1.04760
    -9.37510     0.29181     0.34370     0.00000     0.34336     0.00000     0.00000     0.00000     0.00000     0.00000     0.97887
    -9.25410     0.36936     0.46373     0.00000     0.46289     0.00000     0.00000     0.00000     0.00000     0.00000     1.29598
    -9.13410     0.25729     0.32435     0.00000     0.32478     0.00000     0.00000     0.00000     0.00000     0.00000     0.90642
    -9.01310     0.15337     0.25983     0.00000     0.25999     0.00000     0.00000     0.00000     0.00000     0.00000     0.67319
    -8.89210     0.26113     0.41744     0.00000     0.41780     0.00000     0.00000     0.00000     0.00000     0.00000     1.09637
    -8.77110     0.15240     0.22943     0.00000     0.22941     0.00000     0.00000     0.00000     0.00000     0.00000     0.61124
    -8.65110     0.33576     0.43310     0.00000     0.43401     0.00000     0.00000     0.00000     0.00000     0.00000     1.20287
    -8.53010     0.30636     0.47286     0.00001     0.47288     0.00000     0.00000     0.00000     0.00000     0.00000     1.25211
    -8.40910     0.22350     0.40527     0.00000     0.40561     0.00000     0.00000     0.00000     0.00000     0.00000     1.03438
    -8.28810     0.15085     0.33057     0.00000     0.33057     0.00000     0.00000     0.00000     0.00000     0.00000     0.81199
    -8.16710     0.14530     0.28412     0.00000     0.28382     0.00000     0.00000     0.00000     0.00000     0.00000     0.71324
    -8.04710     0.27990     0.52774     0.00001     0.52813     0.00000     0.00000     0.00000     0.00000     0.00000     1.33578
    -7.92610     0.24853     0.52267     0.00001     0.52280     0.00000     0.00000     0.00000     0.00000     0.00000     1.29401
    -7.80510     0.18224     0.43567     0.00001     0.43562     0.00000     0.00000     0.00000     0.00000     0.00000     1.05354
    -7.68410     0.18492     0.47325     0.00001     0.47313     0.00000     0.00000     0.00000     0.00000     0.00000     1.13131
    -7.56410     0.21854     0.47695     0.00003     0.47687     0.00000     0.00000     0.00000     0.00000     0.00000     1.17239
    -7.44310     0.22559     0.47754     0.01354     0.47772     0.00000     0.00000     0.00000     0.00000     0.00000     1.19439
    -7.32210     0.23124     0.53975     0.06562     0.54211     0.00000     0.00000     0.00000     0.00000     0.00000     1.37872
    -7.20110     0.14985     0.40473     0.27110     0.40581     0.00000     0.00000     0.00000     0.00000     0.00000     1.23149
    -7.08010     0.15930     0.54656     0.39350     0.54852     0.00000     0.00000     0.00000     0.00000     0.00000     1.64788
    -6.96010     0.14805     0.47501     0.35911     0.47543     0.00000     0.00000     0.00000     0.00000     0.00000     1.45760
    -6.83910     0.17029     0.61771     0.35466     0.61732     0.00000     0.00000     0.00000     0.00000     0.00000     1.75998
    -6.71810     0.13818     0.55994     0.37758     0.55946     0.00000     0.00000     0.00000     0.00000     0.00000     1.63516
    -6.59710     0.12397     0.62481     0.37516     0.62409     0.00000     0.00000     0.00000     0.00000     0.00000     1.74803
    -6.47710     0.13332     0.73107     0.50661     0.72966     0.00000     0.00000     0.00000     0.00000     0.00000     2.10066
    -6.35610     0.14604     0.90078     0.39185     0.90047     0.00000     0.00000     0.00000     0.00000     0.00000     2.33914
    -6.23510     0.11757     0.73411     0.30337     0.73345     0.00000     0.00000     0.00000     0.00000     0.00000     1.88850
    -6.11410     0.05842     1.25640     0.24285     1.27689     0.00000     0.00000     0.00000     0.00000     0.00000     2.83456
    -5.99310     0.05631     0.98173     0.22085     0.97641     0.00000     0.00000     0.00000     0.00000     0.00000     2.23530
    -5.87310     0.12053     0.60875     0.39506     0.60643     0.00000     0.00000     0.00000     0.00000     0.00000     1.73077
    -5.75210     0.21285     0.98185     0.56539     0.98470     0.00000     0.00000     0.00000     0.00000     0.00000     2.74479
    -5.63110     0.09334     0.75004     0.27143     0.74698     0.00000     0.00000     0.00000     0.00000     0.00000     1.86179
    -5.51010     0.02592     0.52276     0.42328     0.51966     0.00000     0.00000     0.00000     0.00000     0.00000     1.49162
    -5.39010     0.03063     0.56914     0.37904     0.57049     0.00000     0.00000     0.00000     0.00000     0.00000     1.54930
    -5.26910     0.07360     0.64633     0.46343     0.65386     0.00000     0.00000     0.00000     0.00000     0.00000     1.83722
    -5.14810     0.03928     0.14963     0.57344     0.14513     0.00000     0.00000     0.00000     0.00000     0.00000     0.90747
    -5.02710     0.06598     0.75449     0.61741     0.75237     0.00000     0.00000     0.00000     0.00000     0.00000     2.19025
    -4.90610     0.03320     0.50002     0.11787     0.49172     0.00000     0.00000     0.00000     0.00000     0.00000     1.14281
    -4.78610     0.05033     0.34682     0.43661     0.34472     0.00000     0.00000     0.00000     0.00000     0.00000     1.17848
    -4.66510     0.02952     0.40848     0.59320     0.40216     0.00000     0.00000     0.00000     0.00000     0.00000     1.43336
    -4.54410     0.06397     0.49758     0.35840     0.50132     0.00000     0.00000     0.00000     0.00000     0.00000     1.42127
    -4.42310     0.01954     0.23307     0.58683     0.23365     0.00000     0.00000     0.00000     0.00000     0.00000     1.07309
    -4.30310     0.02231     0.17998     0.42972     0.18047     0.00000     0.00000     0.00000     0.00000     0.00000     0.81248
    -4.18210     0.03857     0.55682     0.40169     0.55527     0.00000     0.00000     0.00000     0.00000     0.00000     1.55234
    -4.06110     0.02700     0.48883     0.64744     0.48944     0.00000     0.00000     0.00000     0.00000     0.00000     1.65271
    -3.94010     0.01337     0.25854     0.54614     0.26773     0.00000     0.00000     0.00000     0.00000     0.00000     1.08578
    -3.81910     0.00309     0.42037     0.42662     0.41856     0.00000     0.00000     0.00000     0.00000     0.00000     1.26864
    -3.69910     0.03017     0.85288     0.48818     0.83540     0.00000     0.00000     0.00000     0.00000     0.00000     2.20663
    -3.57810     0.01257     0.25334     0.31990     0.21113     0.00000     0.00000     0.00000     0.00000     0.00000     0.79694
    -3.45710     0.00910     0.33504     0.32807     0.33631     0.00000     0.00000     0.00000     0.00000     0.00000     1.00852
    -3.33610     0.00529     0.15151     0.37167     0.15303     0.00000     0.00000     0.00000     0.00000     0.00000     0.68150
    -3.21610     0.00728     0.46761     0.27984     0.45233     0.00000     0.00000     0.00000     0.00000     0.00000     1.20706
    -3.09510     0.00431     0.22197     0.54795     0.23147     0.00000     0.00000     0.00000     0.00000     0.00000     1.00570
    -2.97410     0.00949     0.54393     0.52197     0.54192     0.00000     0.00000     0.00000     0.00000     0.00000     1.61731
    -2.85310     0.00089     0.17827     0.71225     0.16357     0.00000     0.00000     0.00000     0.00000     0.00000     1.05498
    -2.73210     0.00272     0.45663     0.49848     0.52418     0.00000     0.00000     0.00000     0.00000     0.00000     1.48201
    -2.61210     0.00144     0.00040     0.71349     0.00039     0.00000     0.00000     0.00000     0.00000     0.00000     0.71573
    -2.49110     0.00024     0.00011     0.53269     0.00010     0.00000     0.00000     0.00000     0.00000     0.00000     0.53314
    -2.37010     0.00079     0.00016     0.74546     0.00018     0.00000     0.00000     0.00000     0.00000     0.00000     0.74659
    -2.24910     0.00203     0.00023     0.61764     0.00031     0.00000     0.00000     0.00000     0.00000     0.00000     0.62020
    -2.12910     0.00250     0.00070     1.04990     0.00076     0.00000     0.00000     0.00000     0.00000     0.00000     1.05386
    -2.00810     0.00063     0.00011     0.84661     0.00013     0.00000     0.00000     0.00000     0.00000     0.00000     0.84747
    -1.88710     0.00045     0.00013     0.96390     0.00016     0.00000     0.00000     0.00000     0.00000     0.00000     0.96463
    -1.76610     0.00006     0.00002     0.68098     0.00003     0.00000     0.00000     0.00000     0.00000     0.00000     0.68110
    -1.64510     0.00003     0.00001     0.58225     0.00002     0.00000     0.00000     0.00000     0.00000     0.00000     0.58231
    -1.52510     0.00001     0.00001     0.54128     0.00001     0.00000     0.00000     0.00000     0.00000     0.00000     0.54132
    -1.40410     0.00001     0.00001     0.49025     0.00001     0.00000     0.00000     0.00000     0.00000     0.00000     0.49028
    -1.28310     0.00000     0.00000     0.25126     0.00000     0.00000     0.00000     0.00000     0.00000     0.00000     0.25127
    -1.16210     0.00002     0.00002     1.22641     0.00002     0.00000     0.00000     0.00000     0.00000     0.00000     1.22646
    -1.04210     0.00000     0.00000     0.35393     0.00001     0.00000     0.00000     0.00000     0.00000     0.00000     0.35394
    -0.92110     0.00000     0.00000     0.28890     0.00000     0.00000     0.00000     0.00000     0.00000     0.00000     0.28891
    -0.80010     0.00000     0.00000     0.24528     0.00000     0.00000     0.00000     0.00000     0.00000     0.00000     0.24529
    -0.67910     0.00000     0.00000     0.22108     0.00000     0.00000     0.00000     0.00000     0.00000     0.00000     0.22109
    -0.55810     0.00000     0.00000     0.18506     0.00000     0.00000     0.00000     0.00000     0.00000     0.00000     0.18507
    -0.43810     0.00000     0.00000     0.16324     0.00000     0.00000     0.00000     0.00000     0.00000     0.00000     0.16325
    -0.31710     0.00001     0.00000     0.12876     0.00000     0.00000     0.00000     0.00000     0.00000     0.00000     0.12877
    -0.19610     0.00002     0.00000     0.08772     0.00000     0.00000     0.00000     0.00000     0.00000     0.00000     0.08774
    -0.07510     0.00003     0.00000     0.05298     0.00000     0.00000     0.00000     0.00000     0.00000     0.00000     0.05301
     0.04490     0.00203     0.00056     0.21070     0.00040     0.00000     0.00000     0.00000     0.00000     0.00000     0.21370
     0.16590     0.00015     0.00003     0.00199     0.00002     0.00000     0.00000     0.00000     0.00000     0.00000     0.00219
     0.28690     0.00067     0.00025     0.02075     0.00022     0.00000     0.00000     0.00000     0.00000     0.00000     0.02188
     0.40790     0.00000     0.00000     0.00000     0.00000     0.00000     0.00000     0.00000     0.00000     0.00000     0.00000
     0.52890     0.00000     0.00000     0.00000     0.00000     0.00000     0.00000     0.00000     0.00000     0.00000     0.00000
     0.64890     0.00000     0.00000     0.07933     0.00000     0.00000     0.00000     0.00000     0.00000     0.00000     0.07933
     0.76990     0.00000     0.00000     0.09460     0.00000     0.00000     0.00000     0.00000     0.00000     0.00000     0.09460
     0.89090     0.00000     0.00000     0.11389     0.00000     0.00000     0.00000     0.00000     0.00000     0.00000     0.11389
     1.01190     0.00000     0.00000     0.15182     0.00000     0.00000     0.00000     0.00000     0.00000     0.00000     0.15182
     1.13190     0.00000     0.00000     0.18163     0.00000     0.00000     0.00000     0.00000     0.00000     0.00000     0.18163
     1.25290     0.00000     0.00000     0.21915     0.00000     0.00000     0.00000     0.00000     0.00000     0.00000     0.21915
     1.37390     0.00000     0.00000     0.26454     0.00000     0.00000     0.00000     0.00000     0.00000     0.00000     0.26455
     1.49490     0.00000     0.00000     0.31006     0.00000     0.00000     0.00000     0.00000     0.00000     0.00000     0.31007
     1.61590     0.00000     0.00000     0.42590     0.00000     0.00000     0.00000     0.00000     0.00000     0.00000     0.42591
     1.73590     0.00000     0.00000     0.47490     0.00000     0.00000     0.00000     0.00000     0.00000     0.00000     0.47491
     1.85690     0.00000     0.00000     0.32494     0.00000     0.00000     0.00000     0.00000     0.00000     0.00000     0.32495
     1.97790     0.00001     0.00001     0.89258     0.00001     0.00000     0.00000     0.00000     0.00000     0.00000     0.89260
     2.09890     0.00001     0.00001     1.37598     0.00002     0.00000     0.00000     0.00000     0.00000     0.00000     1.37602
     2.21890     0.00001     0.00001     0.73730     0.00001     0.00000     0.00000     0.00000     0.00000     0.00000     0.73732
     2.33990     0.00001     0.00001     0.69295     0.00001     0.00000     0.00000     0.00000     0.00000     0.00000     0.69297
     2.46090     0.00001     0.00001     0.77145     0.00001     0.00000     0.00000     0.00000     0.00000     0.00000     0.77147
     2.58190     0.00000     0.00000     0.53961     0.00001     0.00000     0.00000     0.00000     0.00000     0.00000     0.53962
     2.70290     0.00000     0.00000     0.53470     0.00001     0.00000     0.00000     0.00000     0.00000     0.00000     0.53471
     2.82290     0.00000     0.00000     0.54389     0.00001     0.00000     0.00000     0.00000     0.00000     0.00000     0.54390
     2.94390     0.00001     0.00001     0.61477     0.00001     0.00000     0.00000     0.00000     0.00000     0.00000     0.61479
     3.06490     0.00001     0.00000     0.50128     0.00000     0.00000     0.00000     0.00000     0.00000     0.00000     0.50130
     3.18590     0.00001     0.00000     0.46852     0.00000     0.00000     0.00000     0.00000     0.00000     0.00000     0.46854
     3.30590     0.00001     0.00000     0.46235     0.00000     0.00000     0.00000     0.00000     0.00000     0.00000     0.46237
     3.42690     0.00067     0.00001     0.44381     0.00001     0.00000     0.00000     0.00000     0.00000     0.00000     0.44450
     3.54790     0.00078     0.00001     0.48284     0.00001     0.00000     0.00000     0.00000     0.00000     0.00000     0.48363
     3.66890     0.00138     0.00001     0.39161     0.00001     0.00000     0.00000     0.00000     0.00000     0.00000     0.39301
     3.78990     0.00271     0.00002     0.43505     0.00002     0.00000     0.00000     0.00000     0.00000     0.00000     0.43781
     3.90990     0.00308     0.00005     0.31733     0.00005     0.00000     0.00000     0.00000     0.00000     0.00000     0.32051
     4.03090     0.01340     0.00031     0.71219     0.00031     0.00000     0.00000     0.00000     0.00000     0.00000     0.72621
     4.15190     0.01055     0.00031     0.38595     0.00030     0.00000     0.00000     0.00000     0.00000     0.00000     0.39711
     4.27290     0.01169     0.00051     0.38797     0.00051     0.00000     0.00000     0.00000     0.00000     0.00000     0.40068
     4.39290     0.01089     0.00059     0.32863     0.00060     0.00000     0.00000     0.00000     0.00000     0.00000     0.34071
     4.51390     0.01031     0.00071     0.44689     0.00072     0.00000     0.00000     0.00000     0.00000     0.00000     0.45863
     4.63490     0.01101     0.00093     0.42205     0.00093     0.00000     0.00000     0.00000     0.00000     0.00000     0.43492
     4.75590     0.01300     0.00138     0.35534     0.00136     0.00000     0.00000     0.00000     0.00000     0.00000     0.37109
     4.87690     0.01963     0.00255     0.67212     0.00258     0.00000     0.00000     0.00000     0.00000     0.00000     0.69688
     4.99690     0.01419     0.00225     0.24053     0.00224     0.00000     0.00000     0.00000     0.00000     0.00000     0.25921
     5.11790     0.01417     0.00238     0.31458     0.00237     0.00000     0.00000     0.00000     0.00000     0.00000     0.33349
     5.23890     0.00765     0.00120     0.27237     0.00119     0.00000     0.00000     0.00000     0.00000     0.00000     0.28241
     5.35990     0.01274     0.00221     0.22212     0.00220     0.00000     0.00000     0.00000     0.00000     0.00000     0.23926
     5.47990     0.01807     0.00348     0.35532     0.00350     0.00000     0.00000     0.00000     0.00000     0.00000     0.38037
     5.60090     0.01529     0.00347     0.39099     0.00341     0.00000     0.00000     0.00000     0.00000     0.00000     0.41317
     5.72190     0.01842     0.00405     0.24705     0.00404     0.00000     0.00000     0.00000     0.00000     0.00000     0.27356
     5.84290     0.02013     0.00466     0.22166     0.00468     0.00000     0.00000     0.00000     0.00000     0.00000     0.25113
     5.96390     0.01645     0.00407     0.22233     0.00406     0.00000     0.00000     0.00000     0.00000     0.00000     0.24692
     6.08390     0.02285     0.00615     0.46969     0.00617     0.00000     0.00000     0.00000     0.00000     0.00000     0.50485
     6.20490     0.02487     0.00654     1.52000     0.00628     0.00000     0.00000     0.00000     0.00000     0.00000     1.55769
     6.32590     0.01497     0.00525     0.26274     0.00526     0.00000     0.00000     0.00000     0.00000     0.00000     0.28823
     6.44690     0.01102     0.00339     0.07336     0.00338     0.00000     0.00000     0.00000     0.00000     0.00000     0.09115
     6.56690     0.01096     0.00396     0.24439     0.00393     0.00000     0.00000     0.00000     0.00000     0.00000     0.26324
     6.68790     0.01377     0.00551     0.21155     0.00554     0.00000     0.00000     0.00000     0.00000     0.00000     0.23638
     6.80890     0.01917     0.00765     0.49840     0.00760     0.00000     0.00000     0.00000     0.00000     0.00000     0.53282
     6.92990     0.01929     0.00753     0.53876     0.00761     0.00000     0.00000     0.00000     0.00000     0.00000     0.57319
     7.05090     0.00935     0.00426     0.14137     0.00432     0.00000     0.00000     0.00000     0.00000     0.00000     0.15931
     7.17090     0.01956     0.00983     0.24430     0.00989     0.00000     0.00000     0.00000     0.00000     0.00000     0.28358
     7.29190     0.01288     0.00817     0.48999     0.00810     0.00000     0.00000     0.00000     0.00000     0.00000     0.51914
     7.41290     0.01905     0.01414     0.57325     0.01439     0.00000     0.00000     0.00000     0.00000     0.00000     0.62082
     7.53390     0.01240     0.00854     0.51621     0.00839     0.00000     0.00000     0.00000     0.00000     0.00000     0.54554
     7.65390     0.01831     0.01275     0.47430     0.01227     0.00000     0.00000     0.00000     0.00000     0.00000     0.51763
     7.77490     0.59039     0.08213     0.33121     0.08404     0.00000     0.00000     0.00000     0.00000     0.00000     1.08778
     7.89590     1.02977     0.18273     0.23047     0.15742     0.00000     0.00000     0.00000     0.00000     0.00000     1.60039
     8.01690     0.79955     0.16236     0.29131     0.16240     0.00000     0.00000     0.00000     0.00000     0.00000     1.41562
     8.13790     0.58728     0.13693     0.79185     0.12800     0.00000     0.00000     0.00000     0.00000     0.00000     1.64407
     8.25790     0.79999     0.21631     0.37826     0.21265     0.00000     0.00000     0.00000     0.00000     0.00000     1.60721
     8.37890     0.61909     0.18782     0.13972     0.18983     0.00000     0.00000     0.00000     0.00000     0.00000     1.13646
     8.49990     0.47552     0.21928     0.74804     0.21650     0.00000     0.00000     0.00000     0.00000     0.00000     1.65934
     8.62090     0.86656     0.45231     0.11802     0.46833     0.00000     0.00000     0.00000     0.00000     0.00000     1.90522
     8.74090     0.55576     1.08072     0.67904     1.09361     0.00000     0.00000     0.00000     0.00000     0.00000     3.40913
     8.86190     0.31836     0.56293     0.41472     0.62507     0.00000     0.00000     0.00000     0.00000     0.00000     1.92108
     8.98290     0.43560     0.41473     0.20566     0.43521     0.00000     0.00000     0.00000     0.00000     0.00000     1.49120
     9.10390     0.37449     0.27941     0.18555     0.28387     0.00000     0.00000     0.00000     0.00000     0.00000     1.12332
     9.22490     0.35814     0.26517     0.38425     0.26553     0.00000     0.00000     0.00000     0.00000     0.00000     1.27309
     9.34490     0.30118     0.30684     0.37488     0.29868     0.00000     0.00000     0.00000     0.00000     0.00000     1.28158
     9.46590     0.59699     0.40797     0.48483     0.40671     0.00000     0.00000     0.00000     0.00000     0.00000     1.89650
     9.58690     0.19591     0.16631     0.26876     0.16071     0.00000     0.00000     0.00000     0.00000     0.00000     0.79169
     9.70790     0.39393     0.33232     0.14578     0.33355     0.00000     0.00000     0.00000     0.00000     0.00000     1.20558
     9.82790     0.14669     0.18764     0.10976     0.18086     0.00000     0.00000     0.00000     0.00000     0.00000     0.62495
     9.94890     0.18096     0.14295     0.44495     0.14464     0.00000     0.00000     0.00000     0.00000     0.00000     0.91350
    10.06990     0.27179     0.32472     0.69254     0.33195     0.00000     0.00000     0.00000     0.00000     0.00000     1.62100
    10.19090     0.20075     0.35063     0.47930     0.35917     0.00000     0.00000     0.00000     0.00000     0.00000     1.38985
    10.31190     0.29388     0.20315     0.07693     0.20306     0.00000     0.00000     0.00000     0.00000     0.00000     0.77702
    10.43190     0.27558     0.35396     0.24113     0.35609     0.00000     0.00000     0.00000     0.00000     0.00000     1.22676
    10.55290     0.14994     0.11079     0.38680     0.10844     0.00000     0.00000     0.00000     0.00000     0.00000     0.75597
    10.67390     0.16608     0.19896     0.18285     0.20457     0.00000     0.00000     0.00000     0.00000     0.00000     0.75246
    10.79490     0.17998     0.20295     0.36610     0.20570     0.00000     0.00000     0.00000     0.00000     0.00000     0.95473
    10.91490     0.26934     0.39763     1.06717     0.40001     0.00000     0.00000     0.00000     0.00000     0.00000     2.13415
    11.03590     0.14181     0.17623     0.27190     0.16903     0.00000     0.00000     0.00000     0.00000     0.00000     0.75897
    11.15690     0.25424     0.25430     0.26427     0.24082     0.00000     0.00000     0.00000     0.00000     0.00000     1.01363
    11.27790     0.14958     0.13263     0.58765     0.14471     0.00000     0.00000     0.00000     0.00000     0.00000     1.01457
    11.39790     0.27404     0.27950     0.25272     0.33014     0.00000     0.00000     0.00000     0.00000     0.00000     1.13640
    11.51890     0.19900     0.24143     0.34697     0.20988     0.00000     0.00000     0.00000     0.00000     0.00000     0.99728
    11.63990     0.15585     0.33450     0.31677     0.35208     0.00000     0.00000     0.00000     0.00000     0.00000     1.15920
    11.76090     0.24053     0.22467     0.44029     0.22765     0.00000     0.00000     0.00000     0.00000     0.00000     1.13314
    11.88190     0.20593     0.22555     0.09003     0.21377     0.00000     0.00000     0.00000     0.00000     0.00000     0.73528
    12.00190     0.21593     0.20427     0.11330     0.20397     0.00000     0.00000     0.00000     0.00000     0.00000     0.73747
    12.12290     0.22890     0.24433     0.12220     0.22498     0.00000     0.00000     0.00000     0.00000     0.00000     0.82041
    12.24390     0.23274     0.23338     0.09418     0.23361     0.00000     0.00000     0.00000     0.00000     0.00000     0.79391
    12.36490     0.21608     0.34865     0.10462     0.35566     0.00000     0.00000     0.00000     0.00000     0.00000     1.02501
    12.48490     0.24075     0.28283     0.10716     0.28787     0.00000     0.00000     0.00000     0.00000     0.00000     0.91861
    12.60590     0.21104     0.22983     0.07824     0.23849     0.00000     0.00000     0.00000     0.00000     0.00000     0.75760
    12.72690     0.18725     0.22353     0.08058     0.20439     0.00000     0.00000     0.00000     0.00000     0.00000     0.69575
    12.84790     0.17403     0.26179     0.11227     0.26709     0.00000     0.00000     0.00000     0.00000     0.00000     0.81519
    12.96890     0.34963     0.26387     0.10728     0.27581     0.00000     0.00000     0.00000     0.00000     0.00000     0.99659
    13.08890     0.16918     0.26752     0.09497     0.27472     0.00000     0.00000     0.00000     0.00000     0.00000     0.80639
    13.20990     0.12895     0.27894     0.08631     0.27654     0.00000     0.00000     0.00000     0.00000     0.00000     0.77074
    13.33090     0.11350     0.22085     0.10507     0.20669     0.00000     0.00000     0.00000     0.00000     0.00000     0.64611
    13.45190     0.07046     0.13835     0.06914     0.13425     0.00000     0.00000     0.00000     0.00000     0.00000     0.41220
    13.57190     0.00714     0.01766     0.00763     0.01678     0.00000     0.00000     0.00000     0.00000     0.00000     0.04922
    13.69290     0.00000     0.00000     0.00000     0.00000     0.00000     0.00000     0.00000     0.00000     0.00000     0.00000
    13.81390     0.00000     0.00000     0.00000     0.00000     0.00000     0.00000     0.00000     0.00000     0.00000     0.00000
    13.93490     0.00000     0.00000     0.00000     0.00000     0.00000     0.00000     0.00000     0.00000     0.00000     0.00000
    14.05590     0.00000     0.00000     0.00000     0.00000     0.00000     0.00000     0.00000     0.00000     0.00000     0.00000
    14.17590     0.00000     0.00000     0.00000     0.00000     0.00000     0.00000     0.00000     0.00000     0.00000     0.00000
    14.29690     0.00000     0.00000     0.00000     0.00000     0.00000     0.00000     0.00000     0.00000     0.00000     0.00000
    14.41790     0.00000     0.00000     0.00000     0.00000     0.00000     0.00000     0.00000     0.00000     0.00000     0.00000
    14.53890     0.00000     0.00000     0.00000     0.00000     0.00000     0.00000     0.00000     0.00000     0.00000     0.00000
    14.65890     0.00000     0.00000     0.00000     0.00000     0.00000     0.00000     0.00000     0.00000     0.00000     0.00000
    14.77990     0.00000     0.00000     0.00000     0.00000     0.00000     0.00000     0.00000     0.00000     0.00000     0.00000
    14.90090     0.00000     0.00000     0.00000     0.00000     0.00000     0.00000     0.00000     0.00000     0.00000     0.00000
    15.02190     0.00000     0.00000     0.00000     0.00000     0.00000     0.00000     0.00000     0.00000     0.00000     0.00000
    15.14290     0.00000     0.00000     0.00000     0.00000     0.00000     0.00000     0.00000     0.00000     0.00000     0.00000
    15.26290     0.00000     0.00000     0.00000     0.00000     0.00000     0.00000     0.00000     0.00000     0.00000     0.00000
    15.38390     0.00000     0.00000     0.00000     0.00000     0.00000     0.00000     0.00000     0.00000     0.00000     0.00000
