     #Energy           s          py          pz          px         dxy         dyz         dz2         dxz         dx2       tot  
   -18.19833     0.00000     0.00000     0.00000     0.00000     0.00000     0.00000     0.00000     0.00000     0.00000     0.00000
   -18.10033     0.00000     0.00000     0.00000     0.00000     0.00000     0.00000     0.00000     0.00000     0.00000     0.00000
   -18.00233     0.00000     0.00000     0.00000     0.00000     0.00000     0.00000     0.00000     0.00000     0.00000     0.00000
   -17.90433     0.00000     0.00000     0.00000     0.00000     0.00000     0.00000     0.00000     0.00000     0.00000     0.00000
   -17.80633     0.00000     0.00000     0.00000     0.00000     0.00000     0.00000     0.00000     0.00000     0.00000     0.00000
   -17.70833     0.00000     0.00000     0.00000     0.00000     0.00000     0.00000     0.00000     0.00000     0.00000     0.00000
   -17.61033     0.00000     0.00000     0.00000     0.00000     0.00000     0.00000     0.00000     0.00000     0.00000     0.00000
   -17.51233     0.00000     0.00000     0.00000     0.00000     0.00000     0.00000     0.00000     0.00000     0.00000     0.00000
   -17.41333     0.00000     0.00000     0.00000     0.00000     0.00000     0.00000     0.00000     0.00000     0.00000     0.00000
   -17.31533     0.00000     0.00000     0.00000     0.00000     0.00000     0.00000     0.00000     0.00000     0.00000     0.00000
   -17.21733     0.00000     0.00000     0.00000     0.00000     0.00000     0.00000     0.00000     0.00000     0.00000     0.00000
   -17.11933     0.00000     0.00000     0.00000     0.00000     0.00000     0.00000     0.00000     0.00000     0.00000     0.00000
   -17.02133     0.00000     0.00000     0.00000     0.00000     0.00000     0.00000     0.00000     0.00000     0.00000     0.00000
   -16.92333     0.00000     0.00000     0.00000     0.00000     0.00000     0.00000     0.00000     0.00000     0.00000     0.00000
   -16.82533     0.00000     0.00000     0.00000     0.00000     0.00000     0.00000     0.00000     0.00000     0.00000     0.00000
   -16.72733     0.00000     0.00000     0.00000     0.00000     0.00000     0.00000     0.00000     0.00000     0.00000     0.00000
   -16.62933     0.00000     0.00000     0.00000     0.00000     0.00000     0.00000     0.00000     0.00000     0.00000     0.00000
   -16.53033     0.00000     0.00000     0.00000     0.00000     0.00000     0.00000     0.00000     0.00000     0.00000     0.00000
   -16.43233     0.00000     0.00000     0.00000     0.00000     0.00000     0.00000     0.00000     0.00000     0.00000     0.00000
   -16.33433     0.00000     0.00000     0.00000     0.00000     0.00000     0.00000     0.00000     0.00000     0.00000     0.00000
   -16.23633     0.00000     0.00000     0.00000     0.00000     0.00000     0.00000     0.00000     0.00000     0.00000     0.00000
   -16.13833     0.00000     0.00000     0.00000     0.00000     0.00000     0.00000     0.00000     0.00000     0.00000     0.00000
   -16.04033     0.00000     0.00000     0.00000     0.00000     0.00000     0.00000     0.00000     0.00000     0.00000     0.00000
   -15.94233     0.00000     0.00000     0.00000     0.00000     0.00000     0.00000     0.00000     0.00000     0.00000     0.00000
   -15.84433     0.00000     0.00000     0.00000     0.00000     0.00000     0.00000     0.00000     0.00000     0.00000     0.00000
   -15.74633    -0.26788    -0.00255    -0.00002    -0.00254    -0.00018    -0.00010    -0.00016    -0.00011    -0.00018    -0.27372
   -15.64833    -0.29088    -0.01073    -0.00005    -0.01199    -0.00106    -0.00070    -0.00014    -0.00061    -0.00092    -0.31708
   -15.54933    -0.37315    -0.02545    -0.00050    -0.02500    -0.00309    -0.00240    -0.00015    -0.00214    -0.00284    -0.43471
   -15.45133    -0.26579    -0.02549    -0.00056    -0.02884    -0.00373    -0.00295    -0.00010    -0.00286    -0.00352    -0.33383
   -15.35333     0.00000     0.00000     0.00000     0.00000     0.00000     0.00000     0.00000     0.00000     0.00000     0.00000
   -15.25533    -0.16314    -0.06833    -0.00079    -0.06403    -0.00496    -0.00366    -0.00003    -0.00341    -0.00478    -0.31314
   -15.15733    -0.06114    -0.04639    -0.20457    -0.04030    -0.00672    -0.01025    -0.00001    -0.01082    -0.00741    -0.38762
   -15.05933    -0.03972    -0.42397    -0.18749    -0.43906    -0.03382    -0.04322    -0.00004    -0.04797    -0.03492    -1.25020
   -14.96133    -0.00355    -0.04371    -0.12005    -0.01858    -0.05358    -0.11247    -0.00004    -0.10268    -0.05028    -0.50494
   -14.86333     0.00000     0.00000     0.00000     0.00000     0.00000     0.00000     0.00000     0.00000     0.00000     0.00000
   -14.76533     0.00000     0.00000     0.00000     0.00000     0.00000     0.00000     0.00000     0.00000     0.00000     0.00000
   -14.66633     0.00000     0.00000     0.00000     0.00000     0.00000     0.00000     0.00000     0.00000     0.00000     0.00000
   -14.56833     0.00000     0.00000     0.00000     0.00000     0.00000     0.00000     0.00000     0.00000     0.00000     0.00000
   -14.47033     0.00000     0.00000     0.00000     0.00000     0.00000     0.00000     0.00000     0.00000     0.00000     0.00000
   -14.37233     0.00000     0.00000     0.00000     0.00000     0.00000     0.00000     0.00000     0.00000     0.00000     0.00000
   -14.27433     0.00000     0.00000     0.00000     0.00000     0.00000     0.00000     0.00000     0.00000     0.00000     0.00000
   -14.17633     0.00000     0.00000     0.00000     0.00000     0.00000     0.00000     0.00000     0.00000     0.00000     0.00000
   -14.07833     0.00000     0.00000     0.00000     0.00000     0.00000     0.00000     0.00000     0.00000     0.00000     0.00000
   -13.98033     0.00000     0.00000     0.00000     0.00000     0.00000     0.00000     0.00000     0.00000     0.00000     0.00000
   -13.88233     0.00000     0.00000     0.00000     0.00000     0.00000     0.00000     0.00000     0.00000     0.00000     0.00000
   -13.78433     0.00000     0.00000     0.00000     0.00000     0.00000     0.00000     0.00000     0.00000     0.00000     0.00000
   -13.68533     0.00000     0.00000     0.00000     0.00000     0.00000     0.00000     0.00000     0.00000     0.00000     0.00000
   -13.58733     0.00000     0.00000     0.00000     0.00000     0.00000     0.00000     0.00000     0.00000     0.00000     0.00000
   -13.48933     0.00000     0.00000     0.00000     0.00000     0.00000     0.00000     0.00000     0.00000     0.00000     0.00000
   -13.39133     0.00000     0.00000     0.00000     0.00000     0.00000     0.00000     0.00000     0.00000     0.00000     0.00000
   -13.29333     0.00000     0.00000     0.00000     0.00000     0.00000     0.00000     0.00000     0.00000     0.00000     0.00000
   -13.19533     0.00000     0.00000     0.00000     0.00000     0.00000     0.00000     0.00000     0.00000     0.00000     0.00000
   -13.09733     0.00000     0.00000     0.00000     0.00000     0.00000     0.00000     0.00000     0.00000     0.00000     0.00000
   -12.99933     0.00000     0.00000     0.00000     0.00000     0.00000     0.00000     0.00000     0.00000     0.00000     0.00000
   -12.90133     0.00000     0.00000     0.00000     0.00000     0.00000     0.00000     0.00000     0.00000     0.00000     0.00000
   -12.80233     0.00000     0.00000     0.00000     0.00000     0.00000     0.00000     0.00000     0.00000     0.00000     0.00000
   -12.70433     0.00000     0.00000     0.00000     0.00000     0.00000     0.00000     0.00000     0.00000     0.00000     0.00000
   -12.60633     0.00000     0.00000     0.00000     0.00000     0.00000     0.00000     0.00000     0.00000     0.00000     0.00000
   -12.50833     0.00000     0.00000     0.00000     0.00000     0.00000     0.00000     0.00000     0.00000     0.00000     0.00000
   -12.41033     0.00000     0.00000     0.00000     0.00000     0.00000     0.00000     0.00000     0.00000     0.00000     0.00000
   -12.31233     0.00000     0.00000     0.00000     0.00000     0.00000     0.00000     0.00000     0.00000     0.00000     0.00000
   -12.21433     0.00000     0.00000     0.00000     0.00000     0.00000     0.00000     0.00000     0.00000     0.00000     0.00000
   -12.11633     0.00000     0.00000     0.00000     0.00000     0.00000     0.00000     0.00000     0.00000     0.00000     0.00000
   -12.01833     0.00000     0.00000     0.00000     0.00000     0.00000     0.00000     0.00000     0.00000     0.00000     0.00000
   -11.91933     0.00000     0.00000     0.00000     0.00000     0.00000     0.00000     0.00000     0.00000     0.00000     0.00000
   -11.82133     0.00000     0.00000     0.00000     0.00000     0.00000     0.00000     0.00000     0.00000     0.00000     0.00000
   -11.72333     0.00000     0.00000     0.00000     0.00000     0.00000     0.00000     0.00000     0.00000     0.00000     0.00000
   -11.62533     0.00000     0.00000     0.00000     0.00000     0.00000     0.00000     0.00000     0.00000     0.00000     0.00000
   -11.52733     0.00000     0.00000     0.00000     0.00000     0.00000     0.00000     0.00000     0.00000     0.00000     0.00000
   -11.42933     0.00000     0.00000     0.00000     0.00000     0.00000     0.00000     0.00000     0.00000     0.00000     0.00000
   -11.33133     0.00000     0.00000     0.00000     0.00000     0.00000     0.00000     0.00000     0.00000     0.00000     0.00000
   -11.23333     0.00000     0.00000     0.00000     0.00000     0.00000     0.00000     0.00000     0.00000     0.00000     0.00000
   -11.13533     0.00000     0.00000     0.00000     0.00000     0.00000     0.00000     0.00000     0.00000     0.00000     0.00000
   -11.03733     0.00000     0.00000     0.00000     0.00000     0.00000     0.00000     0.00000     0.00000     0.00000     0.00000
   -10.93833     0.00000     0.00000     0.00000     0.00000     0.00000     0.00000     0.00000     0.00000     0.00000     0.00000
   -10.84033     0.00000     0.00000     0.00000     0.00000     0.00000     0.00000     0.00000     0.00000     0.00000     0.00000
   -10.74233     0.00000     0.00000     0.00000     0.00000     0.00000     0.00000     0.00000     0.00000     0.00000     0.00000
   -10.64433     0.00000     0.00000     0.00000     0.00000     0.00000     0.00000     0.00000     0.00000     0.00000     0.00000
   -10.54633     0.00000     0.00000     0.00000     0.00000     0.00000     0.00000     0.00000     0.00000     0.00000     0.00000
   -10.44833     0.00000     0.00000     0.00000     0.00000     0.00000     0.00000     0.00000     0.00000     0.00000     0.00000
   -10.35033     0.00000     0.00000     0.00000     0.00000     0.00000     0.00000     0.00000     0.00000     0.00000     0.00000
   -10.25233     0.00000     0.00000     0.00000     0.00000     0.00000     0.00000     0.00000     0.00000     0.00000     0.00000
   -10.15433     0.00000     0.00000     0.00000     0.00000     0.00000     0.00000     0.00000     0.00000     0.00000     0.00000
   -10.05533     0.00000     0.00000     0.00000     0.00000     0.00000     0.00000     0.00000     0.00000     0.00000     0.00000
    -9.95733     0.00000     0.00000     0.00000     0.00000     0.00000     0.00000     0.00000     0.00000     0.00000     0.00000
    -9.85933     0.00000     0.00000     0.00000     0.00000     0.00000     0.00000     0.00000     0.00000     0.00000     0.00000
    -9.76133     0.00000     0.00000     0.00000     0.00000     0.00000     0.00000     0.00000     0.00000     0.00000     0.00000
    -9.66333     0.00000     0.00000     0.00000     0.00000     0.00000     0.00000     0.00000     0.00000     0.00000     0.00000
    -9.56533     0.00000     0.00000     0.00000     0.00000     0.00000     0.00000     0.00000     0.00000     0.00000     0.00000
    -9.46733     0.00000     0.00000     0.00000     0.00000     0.00000     0.00000     0.00000     0.00000     0.00000     0.00000
    -9.36933     0.00000     0.00000     0.00000     0.00000     0.00000     0.00000     0.00000     0.00000     0.00000     0.00000
    -9.27133     0.00000     0.00000     0.00000     0.00000     0.00000     0.00000     0.00000     0.00000     0.00000     0.00000
    -9.17333     0.00000     0.00000     0.00000     0.00000     0.00000     0.00000     0.00000     0.00000     0.00000     0.00000
    -9.07433     0.00000     0.00000     0.00000     0.00000     0.00000     0.00000     0.00000     0.00000     0.00000     0.00000
    -8.97633     0.00000     0.00000     0.00000     0.00000     0.00000     0.00000     0.00000     0.00000     0.00000     0.00000
    -8.87833     0.00000     0.00000     0.00000     0.00000     0.00000     0.00000     0.00000     0.00000     0.00000     0.00000
    -8.78033     0.00000     0.00000     0.00000     0.00000     0.00000     0.00000     0.00000     0.00000     0.00000     0.00000
    -8.68233     0.00000     0.00000     0.00000     0.00000     0.00000     0.00000     0.00000     0.00000     0.00000     0.00000
    -8.58433     0.00000     0.00000     0.00000     0.00000     0.00000     0.00000     0.00000     0.00000     0.00000     0.00000
    -8.48633     0.00000     0.00000     0.00000     0.00000     0.00000     0.00000     0.00000     0.00000     0.00000     0.00000
    -8.38833     0.00000     0.00000     0.00000     0.00000     0.00000     0.00000     0.00000     0.00000     0.00000     0.00000
    -8.29033     0.00000     0.00000     0.00000     0.00000     0.00000     0.00000     0.00000     0.00000     0.00000     0.00000
    -8.19133     0.00000     0.00000     0.00000     0.00000     0.00000     0.00000     0.00000     0.00000     0.00000     0.00000
    -8.09333     0.00000     0.00000     0.00000     0.00000     0.00000     0.00000     0.00000     0.00000     0.00000     0.00000
    -7.99533     0.00000     0.00000     0.00000     0.00000     0.00000     0.00000     0.00000     0.00000     0.00000     0.00000
    -7.89733     0.00000     0.00000     0.00000     0.00000     0.00000     0.00000     0.00000     0.00000     0.00000     0.00000
    -7.79933     0.00000     0.00000     0.00000     0.00000     0.00000     0.00000     0.00000     0.00000     0.00000     0.00000
    -7.70133     0.00000     0.00000     0.00000     0.00000     0.00000     0.00000     0.00000     0.00000     0.00000     0.00000
    -7.60333     0.00000     0.00000     0.00000     0.00000     0.00000     0.00000     0.00000     0.00000     0.00000     0.00000
    -7.50533     0.00000     0.00000     0.00000     0.00000     0.00000     0.00000     0.00000     0.00000     0.00000     0.00000
    -7.40733     0.00000     0.00000     0.00000     0.00000     0.00000     0.00000     0.00000     0.00000     0.00000     0.00000
    -7.30933     0.00000     0.00000     0.00000     0.00000     0.00000     0.00000     0.00000     0.00000     0.00000     0.00000
    -7.21033     0.00000     0.00000     0.00000     0.00000     0.00000     0.00000     0.00000     0.00000     0.00000     0.00000
    -7.11233     0.00000     0.00000     0.00000     0.00000     0.00000     0.00000     0.00000     0.00000     0.00000     0.00000
    -7.01433     0.00000     0.00000     0.00000     0.00000     0.00000     0.00000     0.00000     0.00000     0.00000     0.00000
    -6.91633     0.00000     0.00000     0.00000     0.00000     0.00000     0.00000     0.00000     0.00000     0.00000     0.00000
    -6.81833     0.00000     0.00000     0.00000     0.00000     0.00000     0.00000     0.00000     0.00000     0.00000     0.00000
    -6.72033     0.00000     0.00000     0.00000     0.00000     0.00000     0.00000     0.00000     0.00000     0.00000     0.00000
    -6.62233     0.00000     0.00000     0.00000     0.00000     0.00000     0.00000     0.00000     0.00000     0.00000     0.00000
    -6.52433     0.00000     0.00000     0.00000     0.00000     0.00000     0.00000     0.00000     0.00000     0.00000     0.00000
    -6.42633     0.00000     0.00000     0.00000     0.00000     0.00000     0.00000     0.00000     0.00000     0.00000     0.00000
    -6.32733     0.00000     0.00000     0.00000     0.00000     0.00000     0.00000     0.00000     0.00000     0.00000     0.00000
    -6.22933     0.00000     0.00000     0.00000     0.00000     0.00000     0.00000     0.00000     0.00000     0.00000     0.00000
    -6.13133    -0.46022    -0.03080    -0.03417    -0.06392    -0.02781    -0.02305    -0.04760    -0.03473    -0.02663    -0.74893
    -6.03333     0.00000     0.00000     0.00000     0.00000     0.00000     0.00000     0.00000     0.00000     0.00000     0.00000
    -5.93533     0.00000     0.00000     0.00000     0.00000     0.00000     0.00000     0.00000     0.00000     0.00000     0.00000
    -5.83733     0.00000     0.00000     0.00000     0.00000     0.00000     0.00000     0.00000     0.00000     0.00000     0.00000
    -5.73933     0.00000     0.00000     0.00000     0.00000     0.00000     0.00000     0.00000     0.00000     0.00000     0.00000
    -5.64133     0.00000     0.00000     0.00000     0.00000     0.00000     0.00000     0.00000     0.00000     0.00000     0.00000
    -5.54333     0.00000     0.00000     0.00000     0.00000     0.00000     0.00000     0.00000     0.00000     0.00000     0.00000
    -5.44533     0.00000     0.00000     0.00000     0.00000     0.00000     0.00000     0.00000     0.00000     0.00000     0.00000
    -5.34633     0.00000     0.00000     0.00000     0.00000     0.00000     0.00000     0.00000     0.00000     0.00000     0.00000
    -5.24833    -1.88930    -0.00398    -0.00055    -0.00381    -0.02535    -0.05021    -0.02378    -0.05530    -0.02719    -2.07946
    -5.15033    -0.65488    -0.00081    -0.00027    -0.00087    -0.01139    -0.01814    -0.00449    -0.01666    -0.01067    -0.71818
    -5.05233    -0.38913    -0.00071    -0.00017    -0.00056    -0.00632    -0.00870    -0.00303    -0.00983    -0.00695    -0.42541
    -4.95433     0.00000     0.00000     0.00000     0.00000     0.00000     0.00000     0.00000     0.00000     0.00000     0.00000
    -4.85633    -6.56880    -0.01528    -0.00198    -0.01491    -0.07766    -0.19493    -0.32984    -0.20045    -0.07658    -7.48043
    -4.75833     0.00000     0.00000     0.00000     0.00000     0.00000     0.00000     0.00000     0.00000     0.00000     0.00000
    -4.66033     0.00000     0.00000     0.00000     0.00000     0.00000     0.00000     0.00000     0.00000     0.00000     0.00000
    -4.56233    -0.04821    -0.32770    -0.76709    -0.30476    -0.05802    -0.06865    -0.00811    -0.07515    -0.06257    -1.72026
    -4.46333    -0.00516    -0.37466    -0.18156    -0.39442    -0.07472    -0.08380    -0.00443    -0.07442    -0.06966    -1.26283
    -4.36533    -0.01283    -0.36599    -0.40645    -0.31653    -0.20823    -0.08929    -0.01108    -0.09635    -0.20582    -1.71257
    -4.26733    -0.00261    -0.12356    -0.11948    -0.13861    -0.20576    -0.07625    -0.00541    -0.06366    -0.17966    -0.91499
    -4.16933    -0.09276    -0.52250    -0.04694    -0.48345    -0.10846    -0.34981    -0.31951    -0.36133    -0.08989    -2.37465
    -4.07133    -0.02713    -0.20461    -0.09040    -0.35328    -0.12081    -0.21189    -0.18829    -0.17290    -0.08110    -1.45041
    -3.97333    -0.04081    -0.19745    -0.13866    -0.20725    -0.23009    -0.24246    -0.14577    -0.24909    -0.23908    -1.69066
    -3.87533    -0.02206    -0.30895    -0.09388    -0.32363    -0.30570    -0.18147    -0.17528    -0.17292    -0.26946    -1.85335
    -3.77733    -0.00905    -0.09941    -0.04616    -0.08446    -0.07821    -0.20384    -0.14701    -0.22403    -0.08623    -0.97839
    -3.67933    -0.00844    -0.07619    -0.08056    -0.06410    -0.29042    -0.35403    -0.06636    -0.34212    -0.26752    -1.54974
    -3.58133    -0.00441    -0.01573    -0.01268    -0.01779    -0.11700    -0.10671    -0.01061    -0.11052    -0.11350    -0.50896
    -3.48233    -0.02640    -0.07531    -0.10054    -0.07535    -0.25032    -0.63323    -0.01609    -0.64422    -0.23583    -2.05730
    -3.38433    -0.11679    -0.10229    -0.02146    -0.10488    -1.16610    -1.78120    -0.06792    -1.33000    -0.85251    -5.54315
    -3.28633    -0.07442    -0.15537    -0.03755    -0.14695    -0.22977    -0.69360    -0.06320    -0.72492    -0.23211    -2.35789
    -3.18833    -0.02233    -0.09964    -0.00798    -0.08981    -0.21746    -0.49834    -0.02701    -0.48001    -0.20430    -1.64689
    -3.09033    -0.06954    -0.31241    -0.02139    -0.31595    -0.56981    -1.41730    -0.08089    -1.29860    -0.59586    -4.68176
    -2.99233    -0.07233    -0.17262    -0.03283    -0.17794    -0.48824    -0.76120    -0.06602    -0.67945    -0.41157    -2.86220
    -2.89433    -0.03181    -0.23630    -0.24155    -0.25362    -0.34351    -0.45553    -0.04536    -0.44914    -0.33324    -2.39006
    -2.79633    -0.01127    -0.04828    -0.36623    -0.04826    -0.18428    -0.17195    -0.02205    -0.18365    -0.18753    -1.22350
    -2.69833     0.00000     0.00000     0.00000     0.00000     0.00000     0.00000     0.00000     0.00000     0.00000     0.00000
    -2.59933    -0.03936    -0.03840    -0.27585    -0.03657    -0.09503    -0.17041    -0.06965    -0.19179    -0.10211    -1.01917
    -2.50133    -0.02370    -0.05578    -0.07373    -0.06359    -0.03865    -0.12652    -0.06032    -0.12818    -0.03148    -0.60196
    -2.40333    -0.02419    -0.08349    -0.06615    -0.07923    -0.03581    -0.21055    -0.05232    -0.22292    -0.03457    -0.80924
    -2.30533    -0.03443    -0.11874    -0.04099    -0.12063    -0.05128    -0.35366    -0.05622    -0.31111    -0.05453    -1.14159
    -2.20733    -0.00494    -0.01141    -0.00661    -0.01232    -0.01072    -0.03086    -0.00905    -0.02275    -0.01590    -0.12456
    -2.10933    -0.06433    -0.05354    -0.04407    -0.05838    -0.12278    -0.08175    -0.13087    -0.09024    -0.12675    -0.77271
    -2.01133    -0.04302    -0.04206    -0.05538    -0.04514    -0.20562    -0.05250    -0.05988    -0.04529    -0.19204    -0.74093
    -1.91333    -0.00315    -0.00901    -0.00957    -0.00923    -0.00768    -0.01354    -0.00821    -0.00938    -0.01048    -0.08025
    -1.81533    -0.00979    -0.17009    -0.05442    -0.15532    -0.10041    -0.19810    -0.03417    -0.15002    -0.10986    -0.98218
    -1.71733    -0.00019    -0.04512    -0.00179    -0.04858    -0.02706    -0.01749    -0.00082    -0.01793    -0.02521    -0.18419
    -1.61833     0.00000     0.00000     0.00000     0.00000     0.00000     0.00000     0.00000     0.00000     0.00000     0.00000
    -1.52033     0.00000     0.00000     0.00000     0.00000     0.00000     0.00000     0.00000     0.00000     0.00000     0.00000
    -1.42233     0.00000     0.00000     0.00000     0.00000     0.00000     0.00000     0.00000     0.00000     0.00000     0.00000
    -1.32433     0.00000     0.00000     0.00000     0.00000     0.00000     0.00000     0.00000     0.00000     0.00000     0.00000
    -1.22633     0.00000     0.00000     0.00000     0.00000     0.00000     0.00000     0.00000     0.00000     0.00000     0.00000
    -1.12833     0.00000     0.00000     0.00000     0.00000     0.00000     0.00000     0.00000     0.00000     0.00000     0.00000
    -1.03033     0.00000     0.00000     0.00000     0.00000     0.00000     0.00000     0.00000     0.00000     0.00000     0.00000
    -0.93233     0.00000     0.00000     0.00000     0.00000     0.00000     0.00000     0.00000     0.00000     0.00000     0.00000
    -0.83433     0.00000     0.00000     0.00000     0.00000     0.00000     0.00000     0.00000     0.00000     0.00000     0.00000
    -0.73533     0.00000     0.00000     0.00000     0.00000     0.00000     0.00000     0.00000     0.00000     0.00000     0.00000
    -0.63733     0.00000     0.00000     0.00000     0.00000     0.00000     0.00000     0.00000     0.00000     0.00000     0.00000
    -0.53933     0.00000     0.00000     0.00000     0.00000     0.00000     0.00000     0.00000     0.00000     0.00000     0.00000
    -0.44133     0.00000     0.00000     0.00000     0.00000     0.00000     0.00000     0.00000     0.00000     0.00000     0.00000
    -0.34333     0.00000     0.00000     0.00000     0.00000     0.00000     0.00000     0.00000     0.00000     0.00000     0.00000
    -0.24533     0.00000     0.00000     0.00000     0.00000     0.00000     0.00000     0.00000     0.00000     0.00000     0.00000
    -0.14733     0.00000     0.00000     0.00000     0.00000     0.00000     0.00000     0.00000     0.00000     0.00000     0.00000
    -0.04933     0.00000     0.00000     0.00000     0.00000     0.00000     0.00000     0.00000     0.00000     0.00000     0.00000
     0.04867     0.00000     0.00000     0.00000     0.00000     0.00000     0.00000     0.00000     0.00000     0.00000     0.00000
     0.14667     0.00000     0.00000     0.00000     0.00000     0.00000     0.00000     0.00000     0.00000     0.00000     0.00000
     0.24567     0.00000     0.00000     0.00000     0.00000     0.00000     0.00000     0.00000     0.00000     0.00000     0.00000
     0.34367     0.00000     0.00000     0.00000     0.00000     0.00000     0.00000     0.00000     0.00000     0.00000     0.00000
     0.44167     0.00000     0.00000     0.00000     0.00000     0.00000     0.00000     0.00000     0.00000     0.00000     0.00000
     0.53967     0.00000     0.00000     0.00000     0.00000     0.00000     0.00000     0.00000     0.00000     0.00000     0.00000
     0.63767     0.00000     0.00000     0.00000     0.00000     0.00000     0.00000     0.00000     0.00000     0.00000     0.00000
     0.73567     0.00000     0.00000     0.00000     0.00000     0.00000     0.00000     0.00000     0.00000     0.00000     0.00000
     0.83367     0.00000     0.00000     0.00000     0.00000     0.00000     0.00000     0.00000     0.00000     0.00000     0.00000
     0.93167     0.00000     0.00000     0.00000     0.00000     0.00000     0.00000     0.00000     0.00000     0.00000     0.00000
     1.02967     0.00000     0.00000     0.00000     0.00000     0.00000     0.00000     0.00000     0.00000     0.00000     0.00000
     1.12867     0.00000     0.00000     0.00000     0.00000     0.00000     0.00000     0.00000     0.00000     0.00000     0.00000
     1.22667     0.00000     0.00000     0.00000     0.00000     0.00000     0.00000     0.00000     0.00000     0.00000     0.00000
     1.32467     0.00000     0.00000     0.00000     0.00000     0.00000     0.00000     0.00000     0.00000     0.00000     0.00000
     1.42267     0.00000     0.00000     0.00000     0.00000     0.00000     0.00000     0.00000     0.00000     0.00000     0.00000
     1.52067     0.00000     0.00000     0.00000     0.00000     0.00000     0.00000     0.00000     0.00000     0.00000     0.00000
     1.61867     0.00000     0.00000     0.00000     0.00000     0.00000     0.00000     0.00000     0.00000     0.00000     0.00000
     1.71667     0.00000     0.00000     0.00000     0.00000     0.00000     0.00000     0.00000     0.00000     0.00000     0.00000
     1.81467     0.00000     0.00000     0.00000     0.00000     0.00000     0.00000     0.00000     0.00000     0.00000     0.00000
     1.91267    -0.02861    -0.00636    -0.00025    -0.00612    -0.60982    -3.20590    -5.06480    -3.30050    -0.63451   -12.85687
     2.01067    -0.15914    -0.03133    -0.00099    -0.03241    -2.69790    -7.70460   -15.04800    -7.16030    -2.62590   -35.46057
     2.10967    -0.09727    -0.00699    -0.00042    -0.00695    -1.44970    -9.07410    -6.67620    -8.36950    -1.23307   -26.91420
     2.20767    -0.05106    -0.00698    -0.01682    -0.00754   -22.44200    -8.25510    -5.26520    -8.24690   -17.30490   -61.59651
     2.30567    -0.04368    -0.01380    -0.00411    -0.01288   -13.93450    -4.29360    -0.70346    -4.30110   -14.09400   -37.40114
     2.40367    -0.04878    -0.01216    -0.00743    -0.01214    -6.73960    -1.23610    -2.02680    -1.32480    -6.89760   -18.30541
     2.50167    -0.08872    -0.00636    -0.00414    -0.00577    -5.75300    -0.92147    -2.73660    -0.88783    -6.44780   -16.85169
     2.59967    -0.05946    -0.01917    -0.00933    -0.01887    -9.04170   -13.68700    -7.36980   -12.66400    -9.07260   -51.94194
     2.69767    -0.14274    -0.03851    -0.00319    -0.03402    -3.62720   -19.51300   -40.07100   -22.15600    -3.52370   -89.10936
     2.79567     0.00000     0.00000     0.00000     0.00000     0.00000     0.00000     0.00000     0.00000     0.00000     0.00000
     2.89367    -0.00523    -0.00080    -0.00100    -0.00091    -0.03366    -0.07923    -0.05003    -0.07420    -0.03914    -0.28419
     2.99267     0.00000     0.00000     0.00000     0.00000     0.00000     0.00000     0.00000     0.00000     0.00000     0.00000
     3.09067     0.00000     0.00000     0.00000     0.00000     0.00000     0.00000     0.00000     0.00000     0.00000     0.00000
     3.18867     0.00000     0.00000     0.00000     0.00000     0.00000     0.00000     0.00000     0.00000     0.00000     0.00000
     3.28667     0.00000     0.00000     0.00000     0.00000     0.00000     0.00000     0.00000     0.00000     0.00000     0.00000
     3.38467     0.00000     0.00000     0.00000     0.00000     0.00000     0.00000     0.00000     0.00000     0.00000     0.00000
     3.48267     0.00000     0.00000     0.00000     0.00000     0.00000     0.00000     0.00000     0.00000     0.00000     0.00000
     3.58067     0.00000     0.00000     0.00000     0.00000     0.00000     0.00000     0.00000     0.00000     0.00000     0.00000
     3.67867     0.00000     0.00000     0.00000     0.00000     0.00000     0.00000     0.00000     0.00000     0.00000     0.00000
     3.77667     0.00000     0.00000     0.00000     0.00000     0.00000     0.00000     0.00000     0.00000     0.00000     0.00000
     3.87567     0.00000     0.00000     0.00000     0.00000     0.00000     0.00000     0.00000     0.00000     0.00000     0.00000
     3.97367     0.00000     0.00000     0.00000     0.00000     0.00000     0.00000     0.00000     0.00000     0.00000     0.00000
     4.07167    -0.07528    -0.00071    -0.00028    -0.00078    -0.00272    -0.00076    -0.00164    -0.00077    -0.00248    -0.08543
     4.16967    -0.06096    -0.00141    -0.00028    -0.00160    -0.00301    -0.00136    -0.00400    -0.00135    -0.00314    -0.07712
     4.26767    -0.06528    -0.00261    -0.00042    -0.00322    -0.00462    -0.00277    -0.00878    -0.00274    -0.00557    -0.09601
     4.36567    -0.04703    -0.00277    -0.00040    -0.00298    -0.00453    -0.00264    -0.00911    -0.00301    -0.00497    -0.07744
     4.46367     0.00000     0.00000     0.00000     0.00000     0.00000     0.00000     0.00000     0.00000     0.00000     0.00000
     4.56167    -0.04131    -0.00503    -0.00056    -0.00450    -0.00692    -0.00481    -0.01232    -0.00537    -0.00672    -0.08754
     4.65967    -0.12657    -0.00706    -0.00515    -0.00809    -0.01260    -0.00831    -0.01799    -0.00768    -0.01412    -0.20756
     4.75767     0.00000     0.00000     0.00000     0.00000     0.00000     0.00000     0.00000     0.00000     0.00000     0.00000
     4.85667    -0.05408    -0.00507    -0.00197    -0.00472    -0.01023    -0.00474    -0.00666    -0.00465    -0.00941    -0.10151
     4.95467    -0.05944    -0.01355    -0.00357    -0.01262    -0.01828    -0.01021    -0.01512    -0.00872    -0.01676    -0.15828
     5.05267    -0.03811    -0.00765    -0.00243    -0.00844    -0.01152    -0.00515    -0.00711    -0.00562    -0.01316    -0.09919
     5.15067    -0.05370    -0.00734    -0.00475    -0.00684    -0.01206    -0.00457    -0.00447    -0.00473    -0.01226    -0.11072
     5.24867    -0.06835    -0.01966    -0.00644    -0.01898    -0.01869    -0.00955    -0.01343    -0.00970    -0.01787    -0.18268
     5.34667    -0.19262    -0.05912    -0.02015    -0.04884    -0.04481    -0.01977    -0.02255    -0.01577    -0.03955    -0.46319
     5.44467    -0.18334    -0.03940    -0.01658    -0.04091    -0.02634    -0.01091    -0.01647    -0.01135    -0.02675    -0.37205
     5.54267    -0.43657    -0.09178    -0.02470    -0.08384    -0.04468    -0.01965    -0.02465    -0.02159    -0.04082    -0.78828
     5.64067    -1.11220    -0.07021    -0.02579    -0.07133    -0.02371    -0.01289    -0.01606    -0.01200    -0.02662    -1.37082
     5.73967    -1.63760    -0.13284    -0.03331    -0.15384    -0.05533    -0.02701    -0.04594    -0.03015    -0.05603    -2.17206
     5.83767    -1.13770    -0.15450    -0.60481    -0.16464    -0.05219    -0.04486    -0.05262    -0.04511    -0.07276    -2.32919
     5.93567    -1.15269    -0.13040    -0.11140    -0.12335    -0.03248    -0.02032    -0.05196    -0.02179    -0.04082    -1.68522
     6.03367    -0.97427    -0.10800    -0.15760    -0.10443    -0.03221    -0.02264    -0.04797    -0.02824    -0.03147    -1.50682
     6.13167    -1.91860    -0.23543    -0.26897    -0.20431    -0.05826    -0.03935    -0.15800    -0.03721    -0.06690    -2.98703
     6.22967    -0.64344    -0.07461    -0.22338    -0.08779    -0.03858    -0.02497    -0.05418    -0.02454    -0.03784    -1.20933
     6.32767    -1.50340    -0.17460    -0.33488    -0.16634    -0.09139    -0.05970    -0.04512    -0.05486    -0.09661    -2.52690
     6.42567    -0.28462    -0.05097    -0.04711    -0.05065    -0.01693    -0.00823    -0.00932    -0.00992    -0.02206    -0.49981
     6.52367    -1.42960    -0.29279    -0.39581    -0.27046    -0.11445    -0.05483    -0.05670    -0.05478    -0.11245    -2.78187
     6.62167    -1.54246    -0.28317    -0.26347    -0.31942    -0.14670    -0.04609    -0.07047    -0.05864    -0.16075    -2.89117
     6.72067    -1.89510    -0.17434    -0.15878    -0.20659    -0.13348    -0.04091    -0.05299    -0.04303    -0.10064    -2.80585
     6.81867    -0.82732    -0.08788    -0.14936    -0.09250    -0.04723    -0.01718    -0.02489    -0.01940    -0.03780    -1.30356
     6.91667    -0.97900    -0.27744    -0.54930    -0.23362    -0.08094    -0.04849    -0.04566    -0.04887    -0.08901    -2.35232
     7.01467    -0.39589    -0.19785    -0.34176    -0.16837    -0.04505    -0.03022    -0.02941    -0.03657    -0.04519    -1.29031
     7.11267    -0.55058    -0.27402    -0.37395    -0.24052    -0.06212    -0.04684    -0.04355    -0.05546    -0.05745    -1.70449
     7.21067    -0.35417    -0.21175    -0.39907    -0.23963    -0.06183    -0.05205    -0.04296    -0.04790    -0.05742    -1.46679
     7.30867    -0.29746    -0.25065    -0.31494    -0.24174    -0.06809    -0.04837    -0.04976    -0.05432    -0.06416    -1.38949
     7.40667    -0.25332    -0.25240    -0.39235    -0.24613    -0.11919    -0.07505    -0.08890    -0.06192    -0.08686    -1.57611
     7.50467    -0.16418    -0.21038    -0.23556    -0.16078    -0.05389    -0.04277    -0.08324    -0.07880    -0.08692    -1.11653
     7.60367    -0.28747    -0.35231    -0.34057    -0.30136    -0.12395    -0.09963    -0.12484    -0.08611    -0.11326    -1.82950
     7.70167    -0.12619    -0.17364    -0.22381    -0.18148    -0.11944    -0.08532    -0.12056    -0.06468    -0.09938    -1.19450
     7.79967    -0.10421    -0.10109    -0.12120    -0.10993    -0.07053    -0.04293    -0.08739    -0.03792    -0.06505    -0.74025
     7.89767    -0.25836    -0.23265    -0.29015    -0.21511    -0.13788    -0.09467    -0.15776    -0.08128    -0.12516    -1.59301
     7.99567    -0.32549    -0.34307    -0.29009    -0.27594    -0.21285    -0.12223    -0.20308    -0.10249    -0.17411    -2.04934
     8.09367    -0.28562    -0.32061    -0.30030    -0.23674    -0.21432    -0.11083    -0.20999    -0.09981    -0.19563    -1.97385
     8.19167    -0.15296    -0.26338    -0.17031    -0.24338    -0.15969    -0.10057    -0.13470    -0.07116    -0.13193    -1.42808
     8.28967    -0.18830    -0.20958    -0.15085    -0.27715    -0.18465    -0.11420    -0.18580    -0.13776    -0.21127    -1.65956
     8.38767    -0.21317    -0.25643    -0.21040    -0.25170    -0.21097    -0.14700    -0.33152    -0.14827    -0.24635    -2.01581
     8.48567    -0.16005    -0.35066    -0.21216    -0.27038    -0.17131    -0.11379    -0.28036    -0.12403    -0.18652    -1.86926
     8.58467    -0.28351    -0.37963    -0.47949    -0.39376    -0.27665    -0.16449    -0.43934    -0.15322    -0.23011    -2.80020
     8.68267    -0.19704    -0.35495    -0.37458    -0.34537    -0.22217    -0.12267    -0.33935    -0.12144    -0.21442    -2.29199
     8.78067    -0.19154    -0.36942    -0.42382    -0.38298    -0.18095    -0.11742    -0.25416    -0.10307    -0.17185    -2.19521
     8.87867    -0.13702    -0.31577    -0.33557    -0.31990    -0.12751    -0.08149    -0.15215    -0.06851    -0.13317    -1.67109
     8.97667    -0.18249    -0.40363    -0.30556    -0.38499    -0.13627    -0.08411    -0.17135    -0.08008    -0.11502    -1.86350
     9.07467    -0.10953    -0.26731    -0.21975    -0.31604    -0.10627    -0.06835    -0.11912    -0.05698    -0.10030    -1.36365
     9.17267    -0.14825    -0.45587    -0.36266    -0.41681    -0.21798    -0.16093    -0.16877    -0.15321    -0.19937    -2.28385
     9.27067    -0.10611    -0.39658    -0.19841    -0.27160    -0.08909    -0.05554    -0.12432    -0.07078    -0.08828    -1.40070
     9.36867    -0.15887    -0.65306    -0.16311    -0.61578    -0.12431    -0.07645    -0.16024    -0.07680    -0.16463    -2.19324
     9.46767    -0.18983    -0.43802    -0.24874    -0.45393    -0.14460    -0.08608    -0.26059    -0.08375    -0.14413    -2.04967
     9.56567    -0.16557    -0.37565    -0.24868    -0.36034    -0.15744    -0.11880    -0.21008    -0.11413    -0.17013    -1.92082
     9.66367    -0.14871    -0.44448    -0.23701    -0.44625    -0.16836    -0.12776    -0.25192    -0.10039    -0.14754    -2.07242
     9.76167    -0.16011    -0.50955    -0.23564    -0.50906    -0.15872    -0.12059    -0.17695    -0.11989    -0.17996    -2.17047
     9.85967    -0.08003    -0.14433    -0.07752    -0.17268    -0.06563    -0.03653    -0.05442    -0.04044    -0.06313    -0.73471
     9.95767     0.00000     0.00000     0.00000     0.00000     0.00000     0.00000     0.00000     0.00000     0.00000     0.00000
    10.05567     0.00000     0.00000     0.00000     0.00000     0.00000     0.00000     0.00000     0.00000     0.00000     0.00000
    10.15367     0.00000     0.00000     0.00000     0.00000     0.00000     0.00000     0.00000     0.00000     0.00000     0.00000
    10.25167     0.00000     0.00000     0.00000     0.00000     0.00000     0.00000     0.00000     0.00000     0.00000     0.00000
    10.34967     0.00000     0.00000     0.00000     0.00000     0.00000     0.00000     0.00000     0.00000     0.00000     0.00000
    10.44867     0.00000     0.00000     0.00000     0.00000     0.00000     0.00000     0.00000     0.00000     0.00000     0.00000
    10.54667     0.00000     0.00000     0.00000     0.00000     0.00000     0.00000     0.00000     0.00000     0.00000     0.00000
    10.64467     0.00000     0.00000     0.00000     0.00000     0.00000     0.00000     0.00000     0.00000     0.00000     0.00000
    10.74267     0.00000     0.00000     0.00000     0.00000     0.00000     0.00000     0.00000     0.00000     0.00000     0.00000
    10.84067     0.00000     0.00000     0.00000     0.00000     0.00000     0.00000     0.00000     0.00000     0.00000     0.00000
    10.93867     0.00000     0.00000     0.00000     0.00000     0.00000     0.00000     0.00000     0.00000     0.00000     0.00000
    11.03667     0.00000     0.00000     0.00000     0.00000     0.00000     0.00000     0.00000     0.00000     0.00000     0.00000
    11.13467     0.00000     0.00000     0.00000     0.00000     0.00000     0.00000     0.00000     0.00000     0.00000     0.00000
    11.23267     0.00000     0.00000     0.00000     0.00000     0.00000     0.00000     0.00000     0.00000     0.00000     0.00000
