     #Energy           s          py          pz          px         dxy         dyz         dz2         dxz         dx2       tot  
   -18.19833     0.00000     0.00000     0.00000     0.00000     0.00000     0.00000     0.00000     0.00000     0.00000     0.00000
   -18.10033     0.00000     0.00000     0.00000     0.00000     0.00000     0.00000     0.00000     0.00000     0.00000     0.00000
   -18.00233     0.00000     0.00000     0.00000     0.00000     0.00000     0.00000     0.00000     0.00000     0.00000     0.00000
   -17.90433     0.00000     0.00000     0.00000     0.00000     0.00000     0.00000     0.00000     0.00000     0.00000     0.00000
   -17.80633     0.00000     0.00000     0.00000     0.00000     0.00000     0.00000     0.00000     0.00000     0.00000     0.00000
   -17.70833     0.00000     0.00000     0.00000     0.00000     0.00000     0.00000     0.00000     0.00000     0.00000     0.00000
   -17.61033     0.00000     0.00000     0.00000     0.00000     0.00000     0.00000     0.00000     0.00000     0.00000     0.00000
   -17.51233     0.00000     0.00000     0.00000     0.00000     0.00000     0.00000     0.00000     0.00000     0.00000     0.00000
   -17.41333     0.00000     0.00000     0.00000     0.00000     0.00000     0.00000     0.00000     0.00000     0.00000     0.00000
   -17.31533     0.00000     0.00000     0.00000     0.00000     0.00000     0.00000     0.00000     0.00000     0.00000     0.00000
   -17.21733     0.00000     0.00000     0.00000     0.00000     0.00000     0.00000     0.00000     0.00000     0.00000     0.00000
   -17.11933     0.00000     0.00000     0.00000     0.00000     0.00000     0.00000     0.00000     0.00000     0.00000     0.00000
   -17.02133     0.00000     0.00000     0.00000     0.00000     0.00000     0.00000     0.00000     0.00000     0.00000     0.00000
   -16.92333     0.00000     0.00000     0.00000     0.00000     0.00000     0.00000     0.00000     0.00000     0.00000     0.00000
   -16.82533     0.00000     0.00000     0.00000     0.00000     0.00000     0.00000     0.00000     0.00000     0.00000     0.00000
   -16.72733     0.00000     0.00000     0.00000     0.00000     0.00000     0.00000     0.00000     0.00000     0.00000     0.00000
   -16.62933     0.00000     0.00000     0.00000     0.00000     0.00000     0.00000     0.00000     0.00000     0.00000     0.00000
   -16.53033     0.00000     0.00000     0.00000     0.00000     0.00000     0.00000     0.00000     0.00000     0.00000     0.00000
   -16.43233     0.00000     0.00000     0.00000     0.00000     0.00000     0.00000     0.00000     0.00000     0.00000     0.00000
   -16.33433     0.00000     0.00000     0.00000     0.00000     0.00000     0.00000     0.00000     0.00000     0.00000     0.00000
   -16.23633     0.00000     0.00000     0.00000     0.00000     0.00000     0.00000     0.00000     0.00000     0.00000     0.00000
   -16.13833     0.00000     0.00000     0.00000     0.00000     0.00000     0.00000     0.00000     0.00000     0.00000     0.00000
   -16.04033     0.00000     0.00000     0.00000     0.00000     0.00000     0.00000     0.00000     0.00000     0.00000     0.00000
   -15.94233     0.00000     0.00000     0.00000     0.00000     0.00000     0.00000     0.00000     0.00000     0.00000     0.00000
   -15.84433     0.00000     0.00000     0.00000     0.00000     0.00000     0.00000     0.00000     0.00000     0.00000     0.00000
   -15.74633     0.00000     0.00000     0.00000     0.00000     0.00000     0.00000     0.00000     0.00000     0.00000     0.00000
   -15.64833     9.75570     0.00899     0.03622     0.00903     0.00054     0.00077     0.00001     0.00077     0.00054     9.81257
   -15.54933     4.72570     0.00496     0.01618     0.00554     0.00026     0.00038     0.00001     0.00040     0.00026     4.75369
   -15.45133     9.19160     0.01275     0.03079     0.01043     0.00049     0.00090     0.00002     0.00078     0.00052     9.24828
   -15.35333     6.16120     0.00817     0.01921     0.00813     0.00034     0.00058     0.00002     0.00059     0.00034     6.19858
   -15.25533     0.00000     0.00000     0.00000     0.00000     0.00000     0.00000     0.00000     0.00000     0.00000     0.00000
   -15.15733    10.40690     0.01081     0.02593     0.01110     0.00046     0.00089     0.00010     0.00096     0.00047    10.45762
   -15.05933    20.35910     0.01122     0.01609     0.01121     0.00093     0.00083     0.00161     0.00088     0.00095    20.40283
   -14.96133    84.67700     0.03769     0.12040     0.03558     0.00417     0.00478     0.00238     0.00472     0.00413    84.89085
   -14.86333    45.96100     0.01144     0.03391     0.01270     0.00220     0.00158     0.00029     0.00164     0.00234    46.02711
   -14.76533     0.00000     0.00000     0.00000     0.00000     0.00000     0.00000     0.00000     0.00000     0.00000     0.00000
   -14.66633     0.00000     0.00000     0.00000     0.00000     0.00000     0.00000     0.00000     0.00000     0.00000     0.00000
   -14.56833     0.00000     0.00000     0.00000     0.00000     0.00000     0.00000     0.00000     0.00000     0.00000     0.00000
   -14.47033     0.00000     0.00000     0.00000     0.00000     0.00000     0.00000     0.00000     0.00000     0.00000     0.00000
   -14.37233     0.00000     0.00000     0.00000     0.00000     0.00000     0.00000     0.00000     0.00000     0.00000     0.00000
   -14.27433     0.00000     0.00000     0.00000     0.00000     0.00000     0.00000     0.00000     0.00000     0.00000     0.00000
   -14.17633     0.00000     0.00000     0.00000     0.00000     0.00000     0.00000     0.00000     0.00000     0.00000     0.00000
   -14.07833     0.00000     0.00000     0.00000     0.00000     0.00000     0.00000     0.00000     0.00000     0.00000     0.00000
   -13.98033     0.00000     0.00000     0.00000     0.00000     0.00000     0.00000     0.00000     0.00000     0.00000     0.00000
   -13.88233     0.00000     0.00000     0.00000     0.00000     0.00000     0.00000     0.00000     0.00000     0.00000     0.00000
   -13.78433     0.00000     0.00000     0.00000     0.00000     0.00000     0.00000     0.00000     0.00000     0.00000     0.00000
   -13.68533     0.00000     0.00000     0.00000     0.00000     0.00000     0.00000     0.00000     0.00000     0.00000     0.00000
   -13.58733     0.00000     0.00000     0.00000     0.00000     0.00000     0.00000     0.00000     0.00000     0.00000     0.00000
   -13.48933     0.00000     0.00000     0.00000     0.00000     0.00000     0.00000     0.00000     0.00000     0.00000     0.00000
   -13.39133     0.00000     0.00000     0.00000     0.00000     0.00000     0.00000     0.00000     0.00000     0.00000     0.00000
   -13.29333     0.00000     0.00000     0.00000     0.00000     0.00000     0.00000     0.00000     0.00000     0.00000     0.00000
   -13.19533     0.00000     0.00000     0.00000     0.00000     0.00000     0.00000     0.00000     0.00000     0.00000     0.00000
   -13.09733     0.00000     0.00000     0.00000     0.00000     0.00000     0.00000     0.00000     0.00000     0.00000     0.00000
   -12.99933     0.00000     0.00000     0.00000     0.00000     0.00000     0.00000     0.00000     0.00000     0.00000     0.00000
   -12.90133     0.00000     0.00000     0.00000     0.00000     0.00000     0.00000     0.00000     0.00000     0.00000     0.00000
   -12.80233     0.00000     0.00000     0.00000     0.00000     0.00000     0.00000     0.00000     0.00000     0.00000     0.00000
   -12.70433     0.00000     0.00000     0.00000     0.00000     0.00000     0.00000     0.00000     0.00000     0.00000     0.00000
   -12.60633     0.00000     0.00000     0.00000     0.00000     0.00000     0.00000     0.00000     0.00000     0.00000     0.00000
   -12.50833     0.00000     0.00000     0.00000     0.00000     0.00000     0.00000     0.00000     0.00000     0.00000     0.00000
   -12.41033     0.00000     0.00000     0.00000     0.00000     0.00000     0.00000     0.00000     0.00000     0.00000     0.00000
   -12.31233     0.00000     0.00000     0.00000     0.00000     0.00000     0.00000     0.00000     0.00000     0.00000     0.00000
   -12.21433     0.00000     0.00000     0.00000     0.00000     0.00000     0.00000     0.00000     0.00000     0.00000     0.00000
   -12.11633     0.00000     0.00000     0.00000     0.00000     0.00000     0.00000     0.00000     0.00000     0.00000     0.00000
   -12.01833     0.00000     0.00000     0.00000     0.00000     0.00000     0.00000     0.00000     0.00000     0.00000     0.00000
   -11.91933     0.00000     0.00000     0.00000     0.00000     0.00000     0.00000     0.00000     0.00000     0.00000     0.00000
   -11.82133     0.00000     0.00000     0.00000     0.00000     0.00000     0.00000     0.00000     0.00000     0.00000     0.00000
   -11.72333     0.00000     0.00000     0.00000     0.00000     0.00000     0.00000     0.00000     0.00000     0.00000     0.00000
   -11.62533     0.00000     0.00000     0.00000     0.00000     0.00000     0.00000     0.00000     0.00000     0.00000     0.00000
   -11.52733     0.00000     0.00000     0.00000     0.00000     0.00000     0.00000     0.00000     0.00000     0.00000     0.00000
   -11.42933     0.00000     0.00000     0.00000     0.00000     0.00000     0.00000     0.00000     0.00000     0.00000     0.00000
   -11.33133     0.00000     0.00000     0.00000     0.00000     0.00000     0.00000     0.00000     0.00000     0.00000     0.00000
   -11.23333     0.00000     0.00000     0.00000     0.00000     0.00000     0.00000     0.00000     0.00000     0.00000     0.00000
   -11.13533     0.00000     0.00000     0.00000     0.00000     0.00000     0.00000     0.00000     0.00000     0.00000     0.00000
   -11.03733     0.00000     0.00000     0.00000     0.00000     0.00000     0.00000     0.00000     0.00000     0.00000     0.00000
   -10.93833     0.00000     0.00000     0.00000     0.00000     0.00000     0.00000     0.00000     0.00000     0.00000     0.00000
   -10.84033     0.00000     0.00000     0.00000     0.00000     0.00000     0.00000     0.00000     0.00000     0.00000     0.00000
   -10.74233     0.00000     0.00000     0.00000     0.00000     0.00000     0.00000     0.00000     0.00000     0.00000     0.00000
   -10.64433     0.00000     0.00000     0.00000     0.00000     0.00000     0.00000     0.00000     0.00000     0.00000     0.00000
   -10.54633     0.00000     0.00000     0.00000     0.00000     0.00000     0.00000     0.00000     0.00000     0.00000     0.00000
   -10.44833     0.00000     0.00000     0.00000     0.00000     0.00000     0.00000     0.00000     0.00000     0.00000     0.00000
   -10.35033     0.00000     0.00000     0.00000     0.00000     0.00000     0.00000     0.00000     0.00000     0.00000     0.00000
   -10.25233     0.00000     0.00000     0.00000     0.00000     0.00000     0.00000     0.00000     0.00000     0.00000     0.00000
   -10.15433     0.00000     0.00000     0.00000     0.00000     0.00000     0.00000     0.00000     0.00000     0.00000     0.00000
   -10.05533     0.00000     0.00000     0.00000     0.00000     0.00000     0.00000     0.00000     0.00000     0.00000     0.00000
    -9.95733     0.00000     0.00000     0.00000     0.00000     0.00000     0.00000     0.00000     0.00000     0.00000     0.00000
    -9.85933     0.00000     0.00000     0.00000     0.00000     0.00000     0.00000     0.00000     0.00000     0.00000     0.00000
    -9.76133     0.00000     0.00000     0.00000     0.00000     0.00000     0.00000     0.00000     0.00000     0.00000     0.00000
    -9.66333     0.00000     0.00000     0.00000     0.00000     0.00000     0.00000     0.00000     0.00000     0.00000     0.00000
    -9.56533     0.00000     0.00000     0.00000     0.00000     0.00000     0.00000     0.00000     0.00000     0.00000     0.00000
    -9.46733     0.00000     0.00000     0.00000     0.00000     0.00000     0.00000     0.00000     0.00000     0.00000     0.00000
    -9.36933     0.00000     0.00000     0.00000     0.00000     0.00000     0.00000     0.00000     0.00000     0.00000     0.00000
    -9.27133     0.00000     0.00000     0.00000     0.00000     0.00000     0.00000     0.00000     0.00000     0.00000     0.00000
    -9.17333     0.00000     0.00000     0.00000     0.00000     0.00000     0.00000     0.00000     0.00000     0.00000     0.00000
    -9.07433     0.00000     0.00000     0.00000     0.00000     0.00000     0.00000     0.00000     0.00000     0.00000     0.00000
    -8.97633     0.00000     0.00000     0.00000     0.00000     0.00000     0.00000     0.00000     0.00000     0.00000     0.00000
    -8.87833     0.00000     0.00000     0.00000     0.00000     0.00000     0.00000     0.00000     0.00000     0.00000     0.00000
    -8.78033     0.00000     0.00000     0.00000     0.00000     0.00000     0.00000     0.00000     0.00000     0.00000     0.00000
    -8.68233     0.00000     0.00000     0.00000     0.00000     0.00000     0.00000     0.00000     0.00000     0.00000     0.00000
    -8.58433     0.00000     0.00000     0.00000     0.00000     0.00000     0.00000     0.00000     0.00000     0.00000     0.00000
    -8.48633     0.00000     0.00000     0.00000     0.00000     0.00000     0.00000     0.00000     0.00000     0.00000     0.00000
    -8.38833     0.00000     0.00000     0.00000     0.00000     0.00000     0.00000     0.00000     0.00000     0.00000     0.00000
    -8.29033     0.00000     0.00000     0.00000     0.00000     0.00000     0.00000     0.00000     0.00000     0.00000     0.00000
    -8.19133     0.00000     0.00000     0.00000     0.00000     0.00000     0.00000     0.00000     0.00000     0.00000     0.00000
    -8.09333     0.00000     0.00000     0.00000     0.00000     0.00000     0.00000     0.00000     0.00000     0.00000     0.00000
    -7.99533     0.00000     0.00000     0.00000     0.00000     0.00000     0.00000     0.00000     0.00000     0.00000     0.00000
    -7.89733     0.00000     0.00000     0.00000     0.00000     0.00000     0.00000     0.00000     0.00000     0.00000     0.00000
    -7.79933     0.00000     0.00000     0.00000     0.00000     0.00000     0.00000     0.00000     0.00000     0.00000     0.00000
    -7.70133     0.00000     0.00000     0.00000     0.00000     0.00000     0.00000     0.00000     0.00000     0.00000     0.00000
    -7.60333     0.00000     0.00000     0.00000     0.00000     0.00000     0.00000     0.00000     0.00000     0.00000     0.00000
    -7.50533     0.00000     0.00000     0.00000     0.00000     0.00000     0.00000     0.00000     0.00000     0.00000     0.00000
    -7.40733     0.00000     0.00000     0.00000     0.00000     0.00000     0.00000     0.00000     0.00000     0.00000     0.00000
    -7.30933     0.00000     0.00000     0.00000     0.00000     0.00000     0.00000     0.00000     0.00000     0.00000     0.00000
    -7.21033     0.00000     0.00000     0.00000     0.00000     0.00000     0.00000     0.00000     0.00000     0.00000     0.00000
    -7.11233     0.00000     0.00000     0.00000     0.00000     0.00000     0.00000     0.00000     0.00000     0.00000     0.00000
    -7.01433     0.00000     0.00000     0.00000     0.00000     0.00000     0.00000     0.00000     0.00000     0.00000     0.00000
    -6.91633     0.00000     0.00000     0.00000     0.00000     0.00000     0.00000     0.00000     0.00000     0.00000     0.00000
    -6.81833     0.00000     0.00000     0.00000     0.00000     0.00000     0.00000     0.00000     0.00000     0.00000     0.00000
    -6.72033     0.00000     0.00000     0.00000     0.00000     0.00000     0.00000     0.00000     0.00000     0.00000     0.00000
    -6.62233     0.00000     0.00000     0.00000     0.00000     0.00000     0.00000     0.00000     0.00000     0.00000     0.00000
    -6.52433     0.00000     0.00000     0.00000     0.00000     0.00000     0.00000     0.00000     0.00000     0.00000     0.00000
    -6.42633     0.00000     0.00000     0.00000     0.00000     0.00000     0.00000     0.00000     0.00000     0.00000     0.00000
    -6.32733     0.00000     0.00000     0.00000     0.00000     0.00000     0.00000     0.00000     0.00000     0.00000     0.00000
    -6.22933     0.00000     0.00000     0.00000     0.00000     0.00000     0.00000     0.00000     0.00000     0.00000     0.00000
    -6.13133     0.00000     0.00000     0.00000     0.00000     0.00000     0.00000     0.00000     0.00000     0.00000     0.00000
    -6.03333     0.00000     0.00000     0.00000     0.00000     0.00000     0.00000     0.00000     0.00000     0.00000     0.00000
    -5.93533     0.00000     0.00000     0.00000     0.00000     0.00000     0.00000     0.00000     0.00000     0.00000     0.00000
    -5.83733     0.00000     0.00000     0.00000     0.00000     0.00000     0.00000     0.00000     0.00000     0.00000     0.00000
    -5.73933     0.00000     0.00000     0.00000     0.00000     0.00000     0.00000     0.00000     0.00000     0.00000     0.00000
    -5.64133     0.50690     7.30320     1.52886     7.42110     0.02567     0.05052     0.01500     0.05151     0.02558    16.92834
    -5.54333     0.18551     2.05690     0.52918     2.05349     0.00762     0.01499     0.00423     0.01503     0.00765     4.87460
    -5.44533     0.06580     0.46568     0.21295     0.45844     0.00092     0.00401     0.00137     0.00396     0.00093     1.21405
    -5.34633     0.00000     0.00000     0.00000     0.00000     0.00000     0.00000     0.00000     0.00000     0.00000     0.00000
    -5.24833     0.45493     1.26671     3.22620     1.27977     0.00255     0.02239     0.01360     0.02260     0.00264     6.29140
    -5.15033     0.00000     0.00000     0.00000     0.00000     0.00000     0.00000     0.00000     0.00000     0.00000     0.00000
    -5.05233     0.19158     2.52851     4.03283     2.53929     0.01687     0.02885     0.05047     0.03396     0.01984     9.44221
    -4.95433     0.02332     1.81788     0.84520     1.86676     0.01095     0.01084     0.02123     0.01047     0.01024     4.61689
    -4.85633     0.06847     1.88436     1.08953     1.98243     0.01116     0.01079     0.01736     0.01020     0.00926     5.08357
    -4.75833     0.05393     1.71933     0.85889     1.23397     0.00499     0.00714     0.01131     0.00554     0.00651     3.90161
    -4.66033     0.21094     8.12130     6.09380     6.75234     0.04166     0.03339     0.09168     0.02724     0.03702    21.40937
    -4.56233     0.00000     0.00000     0.00000     0.00000     0.00000     0.00000     0.00000     0.00000     0.00000     0.00000
    -4.46333     0.01473     1.57432     0.41241     1.51559     0.00225     0.00881     0.00842     0.00846     0.00218     3.54716
    -4.36533     0.02110     2.37718     0.66291     2.46440     0.00283     0.01635     0.01523     0.01575     0.00245     5.57820
    -4.26733     0.01293     1.11142     0.34570     1.24957     0.00184     0.00955     0.00551     0.01091     0.00174     2.74918
    -4.16933     0.04992     7.08170     0.80554     6.82388     0.04576     0.01770     0.00345     0.01705     0.04427    14.88928
    -4.07133     0.09042     1.22576     0.85974     0.88791     0.00847     0.00700     0.00463     0.00511     0.00774     3.09678
    -3.97333     0.07698     3.11014     1.24566     3.19312     0.01551     0.03660     0.00456     0.03784     0.01571     7.73612
    -3.87533     0.36813     5.46490     2.64516     4.90020     0.03760     0.04732     0.03469     0.04171     0.03819    13.57791
    -3.77733     0.05180     0.80273     0.52801     0.89321     0.01179     0.00550     0.00511     0.00628     0.01195     2.31638
    -3.67933     0.08340     2.00698     1.89272     1.93766     0.02557     0.02052     0.00598     0.01988     0.02480     6.01751
    -3.58133     0.21316     2.04049     4.99050     2.17111     0.03090     0.02888     0.00978     0.03158     0.02888     9.54528
    -3.48233     0.39265     2.76274     8.23970     2.63611     0.04730     0.01893     0.02374     0.01814     0.04953    14.18885
    -3.38433     0.00000     0.00000     0.00000     0.00000     0.00000     0.00000     0.00000     0.00000     0.00000     0.00000
    -3.28633     0.05712     0.74285     1.71742     0.68775     0.00697     0.00345     0.00223     0.00296     0.00671     3.22746
    -3.18833     0.07031     0.86322     2.57742     0.92918     0.00772     0.00601     0.00244     0.00628     0.00782     4.47039
    -3.09033     0.09227     1.60653     3.41140     1.67463     0.01179     0.01101     0.00304     0.01049     0.01136     6.83252
    -2.99233     0.08144     2.77600     3.03327     2.71613     0.00939     0.01572     0.00347     0.01548     0.01002     8.66093
    -2.89433     0.04606     2.59921     4.09514     2.45151     0.00667     0.01207     0.00187     0.01178     0.00630     9.23061
    -2.79633     0.03760     2.12432     3.50700     2.43762     0.00659     0.00777     0.00196     0.00908     0.00645     8.13839
    -2.69833     0.03874     2.94741     4.51190     2.93116     0.00949     0.00814     0.00234     0.00817     0.00935    10.46670
    -2.59933     0.02891     2.43268     4.12287     2.17206     0.00747     0.00598     0.00188     0.00562     0.00825     8.78573
    -2.50133     0.02718     2.93057     4.07522     2.47232     0.00775     0.00573     0.00468     0.00474     0.00740     9.53560
    -2.40333     0.06785     5.22718     5.39440     5.52640     0.01251     0.00703     0.00888     0.00616     0.01214    16.26255
    -2.30533     0.00000     0.00000     0.00000     0.00000     0.00000     0.00000     0.00000     0.00000     0.00000     0.00000
    -2.20733     0.04140     1.59051     3.42060     1.52195     0.00344     0.00192     0.00372     0.00193     0.00348     6.58895
    -2.10933     0.04583     2.07038     4.16980     2.03999     0.00354     0.00231     0.00363     0.00248     0.00378     8.34174
    -2.01133     0.09414     9.24738     8.25400     9.81072     0.00719     0.00650     0.00434     0.00607     0.00760    27.43794
    -1.91333     0.02087     3.97811     3.38017     4.30319     0.00843     0.00436     0.00139     0.00447     0.00772    11.70869
    -1.81533     0.02861     2.69444     2.58571     3.18727     0.00283     0.00334     0.00068     0.00334     0.00273     8.50896
    -1.71733     0.04361     6.45580     5.04600     5.25510     0.00419     0.00603     0.00120     0.00484     0.00359    16.82036
    -1.61833     0.01490     3.40821     2.58211     5.43569     0.00244     0.00215     0.00053     0.00305     0.00377    11.45285
    -1.52033     0.00176     5.90190     0.10486     5.88670     0.00320     0.00321     0.00010     0.00319     0.00312    11.90804
    -1.42233     0.00000     0.00000     0.00000     0.00000     0.00000     0.00000     0.00000     0.00000     0.00000     0.00000
    -1.32433     0.00000     0.00000     0.00000     0.00000     0.00000     0.00000     0.00000     0.00000     0.00000     0.00000
    -1.22633     0.00000     0.00000     0.00000     0.00000     0.00000     0.00000     0.00000     0.00000     0.00000     0.00000
    -1.12833     0.00000     0.00000     0.00000     0.00000     0.00000     0.00000     0.00000     0.00000     0.00000     0.00000
    -1.03033     0.00000     0.00000     0.00000     0.00000     0.00000     0.00000     0.00000     0.00000     0.00000     0.00000
    -0.93233     0.00000     0.00000     0.00000     0.00000     0.00000     0.00000     0.00000     0.00000     0.00000     0.00000
    -0.83433     0.00000     0.00000     0.00000     0.00000     0.00000     0.00000     0.00000     0.00000     0.00000     0.00000
    -0.73533     0.00000     0.00000     0.00000     0.00000     0.00000     0.00000     0.00000     0.00000     0.00000     0.00000
    -0.63733     0.00000     0.00000     0.00000     0.00000     0.00000     0.00000     0.00000     0.00000     0.00000     0.00000
    -0.53933     0.00000     0.00000     0.00000     0.00000     0.00000     0.00000     0.00000     0.00000     0.00000     0.00000
    -0.44133     0.00000     0.00000     0.00000     0.00000     0.00000     0.00000     0.00000     0.00000     0.00000     0.00000
    -0.34333     0.00000     0.00000     0.00000     0.00000     0.00000     0.00000     0.00000     0.00000     0.00000     0.00000
    -0.24533     0.00000     0.00000     0.00000     0.00000     0.00000     0.00000     0.00000     0.00000     0.00000     0.00000
    -0.14733     0.00000     0.00000     0.00000     0.00000     0.00000     0.00000     0.00000     0.00000     0.00000     0.00000
    -0.04933     0.00000     0.00000     0.00000     0.00000     0.00000     0.00000     0.00000     0.00000     0.00000     0.00000
     0.04867     0.00000     0.00000     0.00000     0.00000     0.00000     0.00000     0.00000     0.00000     0.00000     0.00000
     0.14667     0.00000     0.00000     0.00000     0.00000     0.00000     0.00000     0.00000     0.00000     0.00000     0.00000
     0.24567     0.00000     0.00000     0.00000     0.00000     0.00000     0.00000     0.00000     0.00000     0.00000     0.00000
     0.34367     0.86627     3.29065     8.79755     2.93864     0.07257     0.10352     0.00412     0.12282     0.07399    16.27012
     0.44167     0.89968     9.16510     7.51930     9.94500     0.14881     0.24459     0.00562     0.24943     0.14927    28.32679
     0.53967     0.05035     1.43267     0.22923     1.51810     0.01473     0.03188     0.00072     0.03433     0.01546     3.32748
     0.63767     0.09878     5.51732     0.91359     5.74019     0.06210     0.10206     0.00057     0.10323     0.06225    12.60009
     0.73567     0.00000     0.00000     0.00000     0.00000     0.00000     0.00000     0.00000     0.00000     0.00000     0.00000
     0.83367     0.00000     0.00000     0.00000     0.00000     0.00000     0.00000     0.00000     0.00000     0.00000     0.00000
     0.93167     0.00000     0.00000     0.00000     0.00000     0.00000     0.00000     0.00000     0.00000     0.00000     0.00000
     1.02967     0.00000     0.00000     0.00000     0.00000     0.00000     0.00000     0.00000     0.00000     0.00000     0.00000
     1.12867     0.00000     0.00000     0.00000     0.00000     0.00000     0.00000     0.00000     0.00000     0.00000     0.00000
     1.22667     0.00000     0.00000     0.00000     0.00000     0.00000     0.00000     0.00000     0.00000     0.00000     0.00000
     1.32467     0.00000     0.00000     0.00000     0.00000     0.00000     0.00000     0.00000     0.00000     0.00000     0.00000
     1.42267     0.00000     0.00000     0.00000     0.00000     0.00000     0.00000     0.00000     0.00000     0.00000     0.00000
     1.52067     0.00000     0.00000     0.00000     0.00000     0.00000     0.00000     0.00000     0.00000     0.00000     0.00000
     1.61867     0.00000     0.00000     0.00000     0.00000     0.00000     0.00000     0.00000     0.00000     0.00000     0.00000
     1.71667     0.00000     0.00000     0.00000     0.00000     0.00000     0.00000     0.00000     0.00000     0.00000     0.00000
     1.81467     0.00000     0.00000     0.00000     0.00000     0.00000     0.00000     0.00000     0.00000     0.00000     0.00000
     1.91267     0.00000     0.00000     0.00000     0.00000     0.00000     0.00000     0.00000     0.00000     0.00000     0.00000
     2.01067     0.00000     0.00000     0.00000     0.00000     0.00000     0.00000     0.00000     0.00000     0.00000     0.00000
     2.10967     0.00000     0.00000     0.00000     0.00000     0.00000     0.00000     0.00000     0.00000     0.00000     0.00000
     2.20767     0.00000     0.00000     0.00000     0.00000     0.00000     0.00000     0.00000     0.00000     0.00000     0.00000
     2.30567     0.00000     0.00000     0.00000     0.00000     0.00000     0.00000     0.00000     0.00000     0.00000     0.00000
     2.40367     0.00000     0.00000     0.00000     0.00000     0.00000     0.00000     0.00000     0.00000     0.00000     0.00000
     2.50167     0.00000     0.00000     0.00000     0.00000     0.00000     0.00000     0.00000     0.00000     0.00000     0.00000
     2.59967     0.00000     0.00000     0.00000     0.00000     0.00000     0.00000     0.00000     0.00000     0.00000     0.00000
     2.69767     0.00000     0.00000     0.00000     0.00000     0.00000     0.00000     0.00000     0.00000     0.00000     0.00000
     2.79567     0.00000     0.00000     0.00000     0.00000     0.00000     0.00000     0.00000     0.00000     0.00000     0.00000
     2.89367     0.00000     0.00000     0.00000     0.00000     0.00000     0.00000     0.00000     0.00000     0.00000     0.00000
     2.99267     0.00000     0.00000     0.00000     0.00000     0.00000     0.00000     0.00000     0.00000     0.00000     0.00000
     3.09067     0.00000     0.00000     0.00000     0.00000     0.00000     0.00000     0.00000     0.00000     0.00000     0.00000
     3.18867     0.00000     0.00000     0.00000     0.00000     0.00000     0.00000     0.00000     0.00000     0.00000     0.00000
     3.28667     0.00000     0.00000     0.00000     0.00000     0.00000     0.00000     0.00000     0.00000     0.00000     0.00000
     3.38467     0.00000     0.00000     0.00000     0.00000     0.00000     0.00000     0.00000     0.00000     0.00000     0.00000
     3.48267     0.00000     0.00000     0.00000     0.00000     0.00000     0.00000     0.00000     0.00000     0.00000     0.00000
     3.58067     0.00000     0.00000     0.00000     0.00000     0.00000     0.00000     0.00000     0.00000     0.00000     0.00000
     3.67867     0.00000     0.00000     0.00000     0.00000     0.00000     0.00000     0.00000     0.00000     0.00000     0.00000
     3.77667     0.00000     0.00000     0.00000     0.00000     0.00000     0.00000     0.00000     0.00000     0.00000     0.00000
     3.87567     0.00000     0.00000     0.00000     0.00000     0.00000     0.00000     0.00000     0.00000     0.00000     0.00000
     3.97367     0.19544     0.01424     0.01286     0.01344     0.00052     0.00103     0.00043     0.00113     0.00054     0.23963
     4.07167     0.12662     0.01746     0.00885     0.01688     0.00044     0.00085     0.00069     0.00097     0.00046     0.17322
     4.16967     0.14016     0.02639     0.01134     0.02620     0.00062     0.00116     0.00138     0.00137     0.00066     0.20929
     4.26767     0.14731     0.03650     0.01448     0.03414     0.00083     0.00151     0.00231     0.00184     0.00091     0.23982
     4.36567     0.00000     0.00000     0.00000     0.00000     0.00000     0.00000     0.00000     0.00000     0.00000     0.00000
     4.46367     0.08727     0.03098     0.01331     0.02525     0.00105     0.00168     0.00260     0.00188     0.00108     0.16509
     4.56167     0.38631     0.07236     0.18866     0.08350     0.00372     0.00592     0.00791     0.00630     0.00352     0.75819
     4.65967     0.00000     0.00000     0.00000     0.00000     0.00000     0.00000     0.00000     0.00000     0.00000     0.00000
     4.75767     0.16309     0.05263     0.08293     0.04862     0.00435     0.00743     0.00530     0.00653     0.00356     0.37444
     4.85667     0.05107     0.03025     0.02420     0.02633     0.00870     0.01458     0.00352     0.00985     0.00553     0.17404
     4.95467     0.24230     0.12519     0.14853     0.11319     0.03818     0.06090     0.01120     0.05176     0.03362     0.82487
     5.05267     0.22696     0.23535     0.17091     0.21064     0.14750     0.21503     0.00841     0.16226     0.11383     1.49089
     5.15067     0.32803     0.40018     0.27744     0.42274     0.19850     0.34623     0.01259     0.34216     0.19773     2.52560
     5.24867     0.34632     0.30502     0.25196     0.30317     0.09660     0.22708     0.03310     0.22012     0.08669     1.87006
     5.34667     0.48255     0.77424     0.43359     0.80600     0.20264     0.71504     0.04284     0.70326     0.19528     4.35543
     5.44467     0.46641     0.33645     0.26374     0.32082     0.11923     0.23457     0.07854     0.22918     0.10936     2.15831
     5.54267     1.37334     0.79414     0.68192     0.76153     0.35056     0.44221     0.24435     0.42725     0.30575     5.38106
     5.64067     0.47496     0.23411     0.31423     0.19650     0.08805     0.10851     0.07386     0.09817     0.08584     1.67423
     5.73967     0.26632     0.09583     0.17340     0.09178     0.05143     0.05107     0.06152     0.05713     0.06043     0.90892
     5.83767     0.84726     0.35855     0.57385     0.43347     0.28743     0.21713     0.16148     0.24949     0.29916     3.42783
     5.93567     0.98935     0.35757     0.54068     0.45252     0.42946     0.20385     0.31336     0.21481     0.34966     3.85127
     6.03367     0.49568     0.22607     0.22397     0.14597     0.11541     0.08263     0.32299     0.08095     0.11797     1.81163
     6.13167     0.34116     0.20289     0.32907     0.21923     0.17805     0.18787     0.08044     0.15799     0.16142     1.85812
     6.22967     0.42247     0.20513     0.35518     0.21511     0.17369     0.15928     0.22569     0.16455     0.15289     2.07400
     6.32767     0.47305     0.20305     0.23945     0.18292     0.16656     0.22169     0.24339     0.21754     0.16415     2.11179
     6.42567     0.40311     0.20065     0.27672     0.19250     0.15287     0.19153     0.18178     0.15203     0.17389     1.92509
     6.52367     0.19649     0.09138     0.11256     0.10184     0.07331     0.07614     0.10892     0.07928     0.06976     0.90968
     6.62167     0.41319     0.20852     0.22487     0.19289     0.18335     0.20308     0.21811     0.18761     0.19084     2.02246
     6.72067     0.49860     0.24428     0.28230     0.21968     0.24459     0.22340     0.26571     0.23440     0.23308     2.44606
     6.81867     0.33373     0.16678     0.21333     0.19131     0.18400     0.20954     0.20252     0.17809     0.16156     1.84085
     6.91667     0.66299     0.37194     0.48184     0.38473     0.39763     0.32308     0.39345     0.37337     0.39426     3.78328
     7.01467     0.79601     0.44727     0.77672     0.44795     0.72304     0.58562     0.61360     0.55452     0.75198     5.69671
     7.11267     0.52259     0.28669     0.50724     0.30269     0.37800     0.32785     0.37687     0.31921     0.40488     3.42602
     7.21067     0.30716     0.22664     0.37468     0.20280     0.28393     0.32867     0.30940     0.26793     0.26554     2.56675
     7.30867     0.40649     0.37768     0.56732     0.34904     0.43194     0.40622     0.45171     0.41413     0.47053     3.87505
     7.40667     0.17000     0.16686     0.26356     0.15657     0.13124     0.21125     0.20517     0.21557     0.12983     1.65007
     7.50467     0.28153     0.33634     0.47819     0.30767     0.34753     0.39827     0.44823     0.35434     0.34615     3.29826
     7.60367     0.20518     0.42755     0.35307     0.30641     0.30363     0.44573     0.59120     0.40666     0.38046     3.41990
     7.70167     0.13678     0.25796     0.29338     0.22663     0.27167     0.32339     0.26069     0.27616     0.23115     2.27781
     7.79967     0.18323     0.47855     0.46768     0.42693     0.41316     0.40834     0.44323     0.40013     0.47044     3.69169
     7.89767     0.15964     0.42715     0.43826     0.44056     0.45419     0.38336     0.43695     0.40759     0.44002     3.58772
     7.99567     0.15540     0.56830     0.47958     0.49339     0.59832     0.61980     0.62183     0.58570     0.75614     4.87845
     8.09367     0.15869     0.45019     0.53255     0.44313     0.62664     0.45714     0.48929     0.43528     0.63405     4.22696
     8.19167     0.10759     0.35085     0.42022     0.35314     0.60582     0.47438     0.39652     0.44685     0.58318     3.73854
     8.28967     0.10496     0.37169     0.31983     0.39585     0.60522     0.37821     0.32601     0.34645     0.49139     3.33961
     8.38767     0.15687     0.46364     0.40016     0.51212     0.68793     0.41552     0.39455     0.41816     0.56572     4.01468
     8.48567     0.11875     0.36735     0.40257     0.41040     0.53114     0.40051     0.28939     0.41661     0.52865     3.46538
     8.58467     0.11804     0.52822     0.40350     0.50422     0.53686     0.45654     0.32191     0.48348     0.55091     3.90369
     8.68267     0.10120     0.40322     0.34477     0.45790     0.42168     0.34458     0.33464     0.36172     0.38637     3.15608
     8.78067     0.09833     0.41776     0.34465     0.40852     0.34411     0.38620     0.29249     0.38332     0.37826     3.05364
     8.87867     0.11518     0.56419     0.40992     0.49892     0.43138     0.39247     0.42227     0.37127     0.46427     3.66987
     8.97667     0.09247     0.42670     0.31713     0.42004     0.38385     0.35667     0.35157     0.40895     0.39930     3.15668
     9.07467     0.06523     0.36276     0.23041     0.37316     0.39986     0.30630     0.34795     0.31414     0.36578     2.76559
     9.17267     0.11961     0.64773     0.43543     0.59845     0.59831     0.58136     0.67106     0.63763     0.54841     4.83799
     9.27067     0.13653     0.79366     0.57126     0.81941     0.64670     0.62777     0.94342     0.62629     0.64613     5.81118
     9.36867     0.14421     0.79958     0.55351     0.85527     0.61278     0.66488     0.97883     0.54183     0.54456     5.69544
     9.46767     0.10028     0.56466     0.37440     0.51593     0.35725     0.32657     0.59772     0.35761     0.33689     3.53132
     9.56567     0.11753     0.73282     0.43850     0.62236     0.51728     0.60177     0.71091     0.53777     0.53146     4.81040
     9.66367     0.12837     0.81149     0.46993     0.93505     0.76189     0.70998     0.88007     0.66323     0.72703     6.08704
     9.76167     0.00819     0.04892     0.03770     0.05975     0.04350     0.04550     0.06072     0.03978     0.03638     0.38044
     9.85967     0.00000     0.00000     0.00000     0.00000     0.00000     0.00000     0.00000     0.00000     0.00000     0.00000
     9.95767     0.00000     0.00000     0.00000     0.00000     0.00000     0.00000     0.00000     0.00000     0.00000     0.00000
    10.05567     0.00000     0.00000     0.00000     0.00000     0.00000     0.00000     0.00000     0.00000     0.00000     0.00000
    10.15367     0.00000     0.00000     0.00000     0.00000     0.00000     0.00000     0.00000     0.00000     0.00000     0.00000
    10.25167     0.00000     0.00000     0.00000     0.00000     0.00000     0.00000     0.00000     0.00000     0.00000     0.00000
    10.34967     0.00000     0.00000     0.00000     0.00000     0.00000     0.00000     0.00000     0.00000     0.00000     0.00000
    10.44867     0.00000     0.00000     0.00000     0.00000     0.00000     0.00000     0.00000     0.00000     0.00000     0.00000
    10.54667     0.00000     0.00000     0.00000     0.00000     0.00000     0.00000     0.00000     0.00000     0.00000     0.00000
    10.64467     0.00000     0.00000     0.00000     0.00000     0.00000     0.00000     0.00000     0.00000     0.00000     0.00000
    10.74267     0.00000     0.00000     0.00000     0.00000     0.00000     0.00000     0.00000     0.00000     0.00000     0.00000
    10.84067     0.00000     0.00000     0.00000     0.00000     0.00000     0.00000     0.00000     0.00000     0.00000     0.00000
    10.93867     0.00000     0.00000     0.00000     0.00000     0.00000     0.00000     0.00000     0.00000     0.00000     0.00000
    11.03667     0.00000     0.00000     0.00000     0.00000     0.00000     0.00000     0.00000     0.00000     0.00000     0.00000
    11.13467     0.00000     0.00000     0.00000     0.00000     0.00000     0.00000     0.00000     0.00000     0.00000     0.00000
    11.23267     0.00000     0.00000     0.00000     0.00000     0.00000     0.00000     0.00000     0.00000     0.00000     0.00000
