     #Energy           s          py          pz          px         dxy         dyz         dz2         dxz         dx2       tot  
   -17.62301     0.00000     0.00000     0.00000     0.00000     0.00000     0.00000     0.00000     0.00000     0.00000     0.00000
   -17.52501     0.00000     0.00000     0.00000     0.00000     0.00000     0.00000     0.00000     0.00000     0.00000     0.00000
   -17.42801     0.00000     0.00000     0.00000     0.00000     0.00000     0.00000     0.00000     0.00000     0.00000     0.00000
   -17.33001     0.00000     0.00000     0.00000     0.00000     0.00000     0.00000     0.00000     0.00000     0.00000     0.00000
   -17.23201     0.00000     0.00000     0.00000     0.00000     0.00000     0.00000     0.00000     0.00000     0.00000     0.00000
   -17.13501     0.00000     0.00000     0.00000     0.00000     0.00000     0.00000     0.00000     0.00000     0.00000     0.00000
   -17.03701     0.00000     0.00000     0.00000     0.00000     0.00000     0.00000     0.00000     0.00000     0.00000     0.00000
   -16.93901     0.00000     0.00000     0.00000     0.00000     0.00000     0.00000     0.00000     0.00000     0.00000     0.00000
   -16.84201     0.00000     0.00000     0.00000     0.00000     0.00000     0.00000     0.00000     0.00000     0.00000     0.00000
   -16.74401     0.00000     0.00000     0.00000     0.00000     0.00000     0.00000     0.00000     0.00000     0.00000     0.00000
   -16.64601     0.00000     0.00000     0.00000     0.00000     0.00000     0.00000     0.00000     0.00000     0.00000     0.00000
   -16.54901     0.00000     0.00000     0.00000     0.00000     0.00000     0.00000     0.00000     0.00000     0.00000     0.00000
   -16.45101     0.00000     0.00000     0.00000     0.00000     0.00000     0.00000     0.00000     0.00000     0.00000     0.00000
   -16.35401     0.00000     0.00000     0.00000     0.00000     0.00000     0.00000     0.00000     0.00000     0.00000     0.00000
   -16.25601     0.00000     0.00000     0.00000     0.00000     0.00000     0.00000     0.00000     0.00000     0.00000     0.00000
   -16.15801     0.00000     0.00000     0.00000     0.00000     0.00000     0.00000     0.00000     0.00000     0.00000     0.00000
   -16.06101     0.00000     0.00000     0.00000     0.00000     0.00000     0.00000     0.00000     0.00000     0.00000     0.00000
   -15.96301     0.00000     0.00000     0.00000     0.00000     0.00000     0.00000     0.00000     0.00000     0.00000     0.00000
   -15.86501     0.00000     0.00000     0.00000     0.00000     0.00000     0.00000     0.00000     0.00000     0.00000     0.00000
   -15.76801     0.00000     0.00000     0.00000     0.00000     0.00000     0.00000     0.00000     0.00000     0.00000     0.00000
   -15.67001     0.00000     0.00000     0.00000     0.00000     0.00000     0.00000     0.00000     0.00000     0.00000     0.00000
   -15.57301     0.00000     0.00000     0.00000     0.00000     0.00000     0.00000     0.00000     0.00000     0.00000     0.00000
   -15.47501     0.00000     0.00000     0.00000     0.00000     0.00000     0.00000     0.00000     0.00000     0.00000     0.00000
   -15.37701     0.00000     0.00000     0.00000     0.00000     0.00000     0.00000     0.00000     0.00000     0.00000     0.00000
   -15.28001     0.00552     0.00028     0.00003     0.00034     0.00000     0.00000     0.00000     0.00000     0.00000     0.00617
   -15.18201     0.02761     0.00154     0.00006     0.00212     0.00000     0.00000     0.00000     0.00000     0.00000     0.03133
   -15.08401     0.16486     0.00960     0.00008     0.01389     0.00000     0.00000     0.00000     0.00000     0.00000     0.18844
   -14.98701     0.37484     0.02227     0.00008     0.03209     0.00000     0.00000     0.00000     0.00000     0.00000     0.42929
   -14.88901     0.00000     0.00000     0.00000     0.00000     0.00000     0.00000     0.00000     0.00000     0.00000     0.00000
   -14.79101     0.09125     0.00550     0.00003     0.00792     0.00000     0.00000     0.00000     0.00000     0.00000     0.10470
   -14.69401     0.04218     0.00253     0.00009     0.00360     0.00000     0.00000     0.00000     0.00000     0.00000     0.04840
   -14.59601     0.03073     0.00193     0.00014     0.00260     0.00000     0.00000     0.00000     0.00000     0.00000     0.03539
   -14.49901     0.09243     0.00585     0.00037     0.00783     0.00000     0.00000     0.00000     0.00000     0.00000     0.10647
   -14.40101     0.00000     0.00000     0.00000     0.00000     0.00000     0.00000     0.00000     0.00000     0.00000     0.00000
   -14.30301     0.00000     0.00000     0.00000     0.00000     0.00000     0.00000     0.00000     0.00000     0.00000     0.00000
   -14.20601     0.00000     0.00000     0.00000     0.00000     0.00000     0.00000     0.00000     0.00000     0.00000     0.00000
   -14.10801     0.00000     0.00000     0.00000     0.00000     0.00000     0.00000     0.00000     0.00000     0.00000     0.00000
   -14.01001     0.00000     0.00000     0.00000     0.00000     0.00000     0.00000     0.00000     0.00000     0.00000     0.00000
   -13.91301     0.00000     0.00000     0.00000     0.00000     0.00000     0.00000     0.00000     0.00000     0.00000     0.00000
   -13.81501     0.00000     0.00000     0.00000     0.00000     0.00000     0.00000     0.00000     0.00000     0.00000     0.00000
   -13.71701     0.00000     0.00000     0.00000     0.00000     0.00000     0.00000     0.00000     0.00000     0.00000     0.00000
   -13.62001     0.00000     0.00000     0.00000     0.00000     0.00000     0.00000     0.00000     0.00000     0.00000     0.00000
   -13.52201     0.00000     0.00000     0.00000     0.00000     0.00000     0.00000     0.00000     0.00000     0.00000     0.00000
   -13.42501     0.00000     0.00000     0.00000     0.00000     0.00000     0.00000     0.00000     0.00000     0.00000     0.00000
   -13.32701     0.00000     0.00000     0.00000     0.00000     0.00000     0.00000     0.00000     0.00000     0.00000     0.00000
   -13.22901     0.00000     0.00000     0.00000     0.00000     0.00000     0.00000     0.00000     0.00000     0.00000     0.00000
   -13.13201     0.00000     0.00000     0.00000     0.00000     0.00000     0.00000     0.00000     0.00000     0.00000     0.00000
   -13.03401     0.00000     0.00000     0.00000     0.00000     0.00000     0.00000     0.00000     0.00000     0.00000     0.00000
   -12.93601     0.00000     0.00000     0.00000     0.00000     0.00000     0.00000     0.00000     0.00000     0.00000     0.00000
   -12.83901     0.00000     0.00000     0.00000     0.00000     0.00000     0.00000     0.00000     0.00000     0.00000     0.00000
   -12.74101     0.00000     0.00000     0.00000     0.00000     0.00000     0.00000     0.00000     0.00000     0.00000     0.00000
   -12.64401     0.00000     0.00000     0.00000     0.00000     0.00000     0.00000     0.00000     0.00000     0.00000     0.00000
   -12.54601     0.00000     0.00000     0.00000     0.00000     0.00000     0.00000     0.00000     0.00000     0.00000     0.00000
   -12.44801     0.00000     0.00000     0.00000     0.00000     0.00000     0.00000     0.00000     0.00000     0.00000     0.00000
   -12.35101     0.00000     0.00000     0.00000     0.00000     0.00000     0.00000     0.00000     0.00000     0.00000     0.00000
   -12.25301     0.00000     0.00000     0.00000     0.00000     0.00000     0.00000     0.00000     0.00000     0.00000     0.00000
   -12.15501     0.00000     0.00000     0.00000     0.00000     0.00000     0.00000     0.00000     0.00000     0.00000     0.00000
   -12.05801     0.00000     0.00000     0.00000     0.00000     0.00000     0.00000     0.00000     0.00000     0.00000     0.00000
   -11.96001     0.00000     0.00000     0.00000     0.00000     0.00000     0.00000     0.00000     0.00000     0.00000     0.00000
   -11.86201     0.00000     0.00000     0.00000     0.00000     0.00000     0.00000     0.00000     0.00000     0.00000     0.00000
   -11.76501     0.00000     0.00000     0.00000     0.00000     0.00000     0.00000     0.00000     0.00000     0.00000     0.00000
   -11.66701     0.00000     0.00000     0.00000     0.00000     0.00000     0.00000     0.00000     0.00000     0.00000     0.00000
   -11.57001     0.00000     0.00000     0.00000     0.00000     0.00000     0.00000     0.00000     0.00000     0.00000     0.00000
   -11.47201     0.00000     0.00000     0.00000     0.00000     0.00000     0.00000     0.00000     0.00000     0.00000     0.00000
   -11.37401     0.00000     0.00000     0.00000     0.00000     0.00000     0.00000     0.00000     0.00000     0.00000     0.00000
   -11.27701     0.00000     0.00000     0.00000     0.00000     0.00000     0.00000     0.00000     0.00000     0.00000     0.00000
   -11.17901     0.00000     0.00000     0.00000     0.00000     0.00000     0.00000     0.00000     0.00000     0.00000     0.00000
   -11.08101     0.00000     0.00000     0.00000     0.00000     0.00000     0.00000     0.00000     0.00000     0.00000     0.00000
   -10.98401     0.00000     0.00000     0.00000     0.00000     0.00000     0.00000     0.00000     0.00000     0.00000     0.00000
   -10.88601     0.00000     0.00000     0.00000     0.00000     0.00000     0.00000     0.00000     0.00000     0.00000     0.00000
   -10.78801     0.00000     0.00000     0.00000     0.00000     0.00000     0.00000     0.00000     0.00000     0.00000     0.00000
   -10.69101     0.00000     0.00000     0.00000     0.00000     0.00000     0.00000     0.00000     0.00000     0.00000     0.00000
   -10.59301     0.00000     0.00000     0.00000     0.00000     0.00000     0.00000     0.00000     0.00000     0.00000     0.00000
   -10.49601     0.00000     0.00000     0.00000     0.00000     0.00000     0.00000     0.00000     0.00000     0.00000     0.00000
   -10.39801     0.00000     0.00000     0.00000     0.00000     0.00000     0.00000     0.00000     0.00000     0.00000     0.00000
   -10.30001     0.00000     0.00000     0.00000     0.00000     0.00000     0.00000     0.00000     0.00000     0.00000     0.00000
   -10.20301     0.00000     0.00000     0.00000     0.00000     0.00000     0.00000     0.00000     0.00000     0.00000     0.00000
   -10.10501     0.00000     0.00000     0.00000     0.00000     0.00000     0.00000     0.00000     0.00000     0.00000     0.00000
   -10.00701     0.00000     0.00000     0.00000     0.00000     0.00000     0.00000     0.00000     0.00000     0.00000     0.00000
    -9.91001     0.00000     0.00000     0.00000     0.00000     0.00000     0.00000     0.00000     0.00000     0.00000     0.00000
    -9.81201     0.00000     0.00000     0.00000     0.00000     0.00000     0.00000     0.00000     0.00000     0.00000     0.00000
    -9.71501     0.00000     0.00000     0.00000     0.00000     0.00000     0.00000     0.00000     0.00000     0.00000     0.00000
    -9.61701     0.00000     0.00000     0.00000     0.00000     0.00000     0.00000     0.00000     0.00000     0.00000     0.00000
    -9.51901     0.00000     0.00000     0.00000     0.00000     0.00000     0.00000     0.00000     0.00000     0.00000     0.00000
    -9.42201     0.00000     0.00000     0.00000     0.00000     0.00000     0.00000     0.00000     0.00000     0.00000     0.00000
    -9.32401     0.00000     0.00000     0.00000     0.00000     0.00000     0.00000     0.00000     0.00000     0.00000     0.00000
    -9.22601     0.00000     0.00000     0.00000     0.00000     0.00000     0.00000     0.00000     0.00000     0.00000     0.00000
    -9.12901     0.00000     0.00000     0.00000     0.00000     0.00000     0.00000     0.00000     0.00000     0.00000     0.00000
    -9.03101     0.00000     0.00000     0.00000     0.00000     0.00000     0.00000     0.00000     0.00000     0.00000     0.00000
    -8.93301     0.00000     0.00000     0.00000     0.00000     0.00000     0.00000     0.00000     0.00000     0.00000     0.00000
    -8.83601     0.00000     0.00000     0.00000     0.00000     0.00000     0.00000     0.00000     0.00000     0.00000     0.00000
    -8.73801     0.00000     0.00000     0.00000     0.00000     0.00000     0.00000     0.00000     0.00000     0.00000     0.00000
    -8.64101     0.00000     0.00000     0.00000     0.00000     0.00000     0.00000     0.00000     0.00000     0.00000     0.00000
    -8.54301     0.00000     0.00000     0.00000     0.00000     0.00000     0.00000     0.00000     0.00000     0.00000     0.00000
    -8.44501     0.00000     0.00000     0.00000     0.00000     0.00000     0.00000     0.00000     0.00000     0.00000     0.00000
    -8.34801     0.00000     0.00000     0.00000     0.00000     0.00000     0.00000     0.00000     0.00000     0.00000     0.00000
    -8.25001     0.00000     0.00000     0.00000     0.00000     0.00000     0.00000     0.00000     0.00000     0.00000     0.00000
    -8.15201     0.00000     0.00000     0.00000     0.00000     0.00000     0.00000     0.00000     0.00000     0.00000     0.00000
    -8.05501     0.00000     0.00000     0.00000     0.00000     0.00000     0.00000     0.00000     0.00000     0.00000     0.00000
    -7.95701     0.00000     0.00000     0.00000     0.00000     0.00000     0.00000     0.00000     0.00000     0.00000     0.00000
    -7.85901     0.00000     0.00000     0.00000     0.00000     0.00000     0.00000     0.00000     0.00000     0.00000     0.00000
    -7.76201     0.00000     0.00000     0.00000     0.00000     0.00000     0.00000     0.00000     0.00000     0.00000     0.00000
    -7.66401     0.00000     0.00000     0.00000     0.00000     0.00000     0.00000     0.00000     0.00000     0.00000     0.00000
    -7.56701     0.00000     0.00000     0.00000     0.00000     0.00000     0.00000     0.00000     0.00000     0.00000     0.00000
    -7.46901     0.00000     0.00000     0.00000     0.00000     0.00000     0.00000     0.00000     0.00000     0.00000     0.00000
    -7.37101     0.00000     0.00000     0.00000     0.00000     0.00000     0.00000     0.00000     0.00000     0.00000     0.00000
    -7.27401     0.00000     0.00000     0.00000     0.00000     0.00000     0.00000     0.00000     0.00000     0.00000     0.00000
    -7.17601     0.00000     0.00000     0.00000     0.00000     0.00000     0.00000     0.00000     0.00000     0.00000     0.00000
    -7.07801     0.00000     0.00000     0.00000     0.00000     0.00000     0.00000     0.00000     0.00000     0.00000     0.00000
    -6.98101     0.00000     0.00000     0.00000     0.00000     0.00000     0.00000     0.00000     0.00000     0.00000     0.00000
    -6.88301     0.00000     0.00000     0.00000     0.00000     0.00000     0.00000     0.00000     0.00000     0.00000     0.00000
    -6.78601     0.00000     0.00000     0.00000     0.00000     0.00000     0.00000     0.00000     0.00000     0.00000     0.00000
    -6.68801     0.00000     0.00000     0.00000     0.00000     0.00000     0.00000     0.00000     0.00000     0.00000     0.00000
    -6.59001     0.00000     0.00000     0.00000     0.00000     0.00000     0.00000     0.00000     0.00000     0.00000     0.00000
    -6.49301     0.00000     0.00000     0.00000     0.00000     0.00000     0.00000     0.00000     0.00000     0.00000     0.00000
    -6.39501     0.00000     0.00000     0.00000     0.00000     0.00000     0.00000     0.00000     0.00000     0.00000     0.00000
    -6.29701     0.00000     0.00000     0.00000     0.00000     0.00000     0.00000     0.00000     0.00000     0.00000     0.00000
    -6.20001     0.00000     0.00000     0.00000     0.00000     0.00000     0.00000     0.00000     0.00000     0.00000     0.00000
    -6.10201     0.00000     0.00000     0.00000     0.00000     0.00000     0.00000     0.00000     0.00000     0.00000     0.00000
    -6.00401     0.00000     0.00000     0.00000     0.00000     0.00000     0.00000     0.00000     0.00000     0.00000     0.00000
    -5.90701     0.00000     0.00000     0.00000     0.00000     0.00000     0.00000     0.00000     0.00000     0.00000     0.00000
    -5.80901     0.00000     0.00000     0.00000     0.00000     0.00000     0.00000     0.00000     0.00000     0.00000     0.00000
    -5.71201     0.00000     0.00000     0.00000     0.00000     0.00000     0.00000     0.00000     0.00000     0.00000     0.00000
    -5.61401     0.00000     0.00000     0.00000     0.00000     0.00000     0.00000     0.00000     0.00000     0.00000     0.00000
    -5.51601     0.00000     0.00000     0.00000     0.00000     0.00000     0.00000     0.00000     0.00000     0.00000     0.00000
    -5.41901     0.00000     0.00000     0.00000     0.00000     0.00000     0.00000     0.00000     0.00000     0.00000     0.00000
    -5.32101     0.00000     0.00000     0.00000     0.00000     0.00000     0.00000     0.00000     0.00000     0.00000     0.00000
    -5.22301     0.00106     0.01897     0.00176     0.01155     0.00000     0.00000     0.00000     0.00000     0.00000     0.03334
    -5.12601     0.00104     0.00400     0.00264     0.00361     0.00000     0.00000     0.00000     0.00000     0.00000     0.01128
    -5.02801     0.00043     0.00137     0.00168     0.00133     0.00000     0.00000     0.00000     0.00000     0.00000     0.00482
    -4.93001     0.00966     0.01924     0.05516     0.02638     0.00000     0.00000     0.00000     0.00000     0.00000     0.11045
    -4.83301     0.00733     0.02396     0.05322     0.02936     0.00000     0.00000     0.00000     0.00000     0.00000     0.11387
    -4.73501     0.00387     0.05196     0.06005     0.04151     0.00000     0.00000     0.00000     0.00000     0.00000     0.15739
    -4.63801     0.61262    10.98910     0.23000    17.88060     0.00000     0.00000     0.00000     0.00000     0.00000    29.71232
    -4.54001     0.00084     0.01950     0.05342     0.02442     0.00000     0.00000     0.00000     0.00000     0.00000     0.09818
    -4.44201     0.00115     0.00956     0.41465     0.01217     0.00000     0.00000     0.00000     0.00000     0.00000     0.43753
    -4.34501     0.00644     0.02419     0.33582     0.03877     0.00000     0.00000     0.00000     0.00000     0.00000     0.40521
    -4.24701     0.01228     0.02984     0.11018     0.05683     0.00000     0.00000     0.00000     0.00000     0.00000     0.20913
    -4.14901     0.00000     0.00000     0.00000     0.00000     0.00000     0.00000     0.00000     0.00000     0.00000     0.00000
    -4.05201     0.00374     0.01673     0.05427     0.02439     0.00000     0.00000     0.00000     0.00000     0.00000     0.09913
    -3.95401     0.00036     0.00267     0.07632     0.00416     0.00000     0.00000     0.00000     0.00000     0.00000     0.08352
    -3.85701     0.00029     0.00187     0.04327     0.00270     0.00000     0.00000     0.00000     0.00000     0.00000     0.04813
    -3.75901     0.00139     0.00998     0.07349     0.00792     0.00000     0.00000     0.00000     0.00000     0.00000     0.09278
    -3.66101     0.00039     0.01175     0.02996     0.00379     0.00000     0.00000     0.00000     0.00000     0.00000     0.04588
    -3.56401     0.00021     0.01254     0.00831     0.00548     0.00000     0.00000     0.00000     0.00000     0.00000     0.02654
    -3.46601     0.00684     0.67774     0.00826     0.30184     0.00000     0.00000     0.00000     0.00000     0.00000     0.99468
    -3.36801     0.00393     0.35905     0.01574     0.15578     0.00000     0.00000     0.00000     0.00000     0.00000     0.53449
    -3.27101     0.00097     0.02299     0.05968     0.01103     0.00000     0.00000     0.00000     0.00000     0.00000     0.09467
    -3.17301     0.00146     0.02412     0.18939     0.01137     0.00000     0.00000     0.00000     0.00000     0.00000     0.22635
    -3.07501     0.00198     0.01696     0.17570     0.00826     0.00000     0.00000     0.00000     0.00000     0.00000     0.20290
    -2.97801     0.00011     0.00072     0.03855     0.00044     0.00000     0.00000     0.00000     0.00000     0.00000     0.03982
    -2.88001     0.00107     0.01371     0.73503     0.00683     0.00000     0.00000     0.00000     0.00000     0.00000     0.75665
    -2.78301     0.00099     0.01631     1.54742     0.01153     0.00000     0.00000     0.00000     0.00000     0.00000     1.57626
    -2.68501     0.00211     0.13541     0.48115     0.24212     0.00000     0.00000     0.00000     0.00000     0.00000     0.86079
    -2.58701     0.00330     0.38484     0.13449     0.87172     0.00000     0.00000     0.00000     0.00000     0.00000     1.39435
    -2.49001     0.03339     1.93920     0.18783     0.80328     0.00000     0.00000     0.00000     0.00000     0.00000     2.96370
    -2.39201     0.01948     1.37795     0.14649     0.56122     0.00000     0.00000     0.00000     0.00000     0.00000     2.10515
    -2.29401     0.00233     0.17571     0.18668     0.07269     0.00000     0.00000     0.00000     0.00000     0.00000     0.43740
    -2.19701     0.00103     0.03759     0.13788     0.01618     0.00000     0.00000     0.00000     0.00000     0.00000     0.19268
    -2.09901     0.00172     0.03890     0.25537     0.01283     0.00000     0.00000     0.00000     0.00000     0.00000     0.30883
    -2.00101     0.00196     0.01444     0.48975     0.00948     0.00000     0.00000     0.00000     0.00000     0.00000     0.51564
    -1.90401     0.00000     0.00000     0.00000     0.00000     0.00000     0.00000     0.00000     0.00000     0.00000     0.00000
    -1.80601     0.00047     0.00332     0.15020     0.00268     0.00000     0.00000     0.00000     0.00000     0.00000     0.15666
    -1.70901     0.00070     0.00428     1.78158     0.00510     0.00000     0.00000     0.00000     0.00000     0.00000     1.79166
    -1.61101     0.00139     0.00894     0.28070     0.00691     0.00000     0.00000     0.00000     0.00000     0.00000     0.29794
    -1.51301     0.00285     0.01441     1.01395     0.01232     0.00000     0.00000     0.00000     0.00000     0.00000     1.04353
    -1.41601     0.00170     0.00313     0.50411     0.00276     0.00000     0.00000     0.00000     0.00000     0.00000     0.51170
    -1.31801     0.00184     0.00299     0.22923     0.00274     0.00000     0.00000     0.00000     0.00000     0.00000     0.23681
    -1.22001     0.00118     0.00093     0.09445     0.00089     0.00000     0.00000     0.00000     0.00000     0.00000     0.09745
    -1.12301     0.00015     0.00048     0.02191     0.00038     0.00000     0.00000     0.00000     0.00000     0.00000     0.02291
    -1.02501     0.00000     0.00000     0.00000     0.00000     0.00000     0.00000     0.00000     0.00000     0.00000     0.00000
    -0.92801     0.00000     0.00000     0.00000     0.00000     0.00000     0.00000     0.00000     0.00000     0.00000     0.00000
    -0.83001     0.00000     0.00000     0.00000     0.00000     0.00000     0.00000     0.00000     0.00000     0.00000     0.00000
    -0.73201     0.00000     0.00000     0.00000     0.00000     0.00000     0.00000     0.00000     0.00000     0.00000     0.00000
    -0.63501     0.00000     0.00000     0.00000     0.00000     0.00000     0.00000     0.00000     0.00000     0.00000     0.00000
    -0.53701     0.00000     0.00000     0.00000     0.00000     0.00000     0.00000     0.00000     0.00000     0.00000     0.00000
    -0.43901     0.00000     0.00000     0.00000     0.00000     0.00000     0.00000     0.00000     0.00000     0.00000     0.00000
    -0.34201     0.00000     0.00000     0.00000     0.00000     0.00000     0.00000     0.00000     0.00000     0.00000     0.00000
    -0.24401     0.00000     0.00000     0.00000     0.00000     0.00000     0.00000     0.00000     0.00000     0.00000     0.00000
    -0.14601     0.00000     0.00000     0.00000     0.00000     0.00000     0.00000     0.00000     0.00000     0.00000     0.00000
    -0.04901     0.00000     0.00000     0.00000     0.00000     0.00000     0.00000     0.00000     0.00000     0.00000     0.00000
     0.04899     0.00000     0.00000     0.00000     0.00000     0.00000     0.00000     0.00000     0.00000     0.00000     0.00000
     0.14599     0.00000     0.00000     0.00000     0.00000     0.00000     0.00000     0.00000     0.00000     0.00000     0.00000
     0.24399     0.00000     0.00000     0.00000     0.00000     0.00000     0.00000     0.00000     0.00000     0.00000     0.00000
     0.34199     0.00000     0.00000     0.00000     0.00000     0.00000     0.00000     0.00000     0.00000     0.00000     0.00000
     0.43899     0.00000     0.00000     0.00000     0.00000     0.00000     0.00000     0.00000     0.00000     0.00000     0.00000
     0.53699     0.00000     0.00000     0.00000     0.00000     0.00000     0.00000     0.00000     0.00000     0.00000     0.00000
     0.63499     0.00000     0.00000     0.00000     0.00000     0.00000     0.00000     0.00000     0.00000     0.00000     0.00000
     0.73199     0.00153     0.00270     0.03201     0.00157     0.00000     0.00000     0.00000     0.00000     0.00000     0.03781
     0.82999     0.00250     0.00261     0.07122     0.00187     0.00000     0.00000     0.00000     0.00000     0.00000     0.07820
     0.92799     0.00028     0.00012     0.00807     0.00014     0.00000     0.00000     0.00000     0.00000     0.00000     0.00861
     1.02499     0.00035     0.00047     0.01904     0.00034     0.00000     0.00000     0.00000     0.00000     0.00000     0.02019
     1.12299     0.00000     0.00000     0.00000     0.00000     0.00000     0.00000     0.00000     0.00000     0.00000     0.00000
     1.21999     0.00000     0.00000     0.00000     0.00000     0.00000     0.00000     0.00000     0.00000     0.00000     0.00000
     1.31799     0.00000     0.00000     0.00000     0.00000     0.00000     0.00000     0.00000     0.00000     0.00000     0.00000
     1.41599     0.00000     0.00000     0.00000     0.00000     0.00000     0.00000     0.00000     0.00000     0.00000     0.00000
     1.51299     0.00000     0.00000     0.00000     0.00000     0.00000     0.00000     0.00000     0.00000     0.00000     0.00000
     1.61099     0.00000     0.00000     0.00000     0.00000     0.00000     0.00000     0.00000     0.00000     0.00000     0.00000
     1.70899     0.00000     0.00000     0.00000     0.00000     0.00000     0.00000     0.00000     0.00000     0.00000     0.00000
     1.80599     0.00000     0.00000     0.00000     0.00000     0.00000     0.00000     0.00000     0.00000     0.00000     0.00000
     1.90399     0.00000     0.00000     0.00000     0.00000     0.00000     0.00000     0.00000     0.00000     0.00000     0.00000
     2.00099     0.00000     0.00000     0.00000     0.00000     0.00000     0.00000     0.00000     0.00000     0.00000     0.00000
     2.09899     0.00000     0.00000     0.00000     0.00000     0.00000     0.00000     0.00000     0.00000     0.00000     0.00000
     2.19699     0.00000     0.00000     0.00000     0.00000     0.00000     0.00000     0.00000     0.00000     0.00000     0.00000
     2.29399     0.00000     0.00000     0.00000     0.00000     0.00000     0.00000     0.00000     0.00000     0.00000     0.00000
     2.39199     0.00000     0.00000     0.00000     0.00000     0.00000     0.00000     0.00000     0.00000     0.00000     0.00000
     2.48999     0.00000     0.00000     0.00000     0.00000     0.00000     0.00000     0.00000     0.00000     0.00000     0.00000
     2.58699     0.00000     0.00000     0.00000     0.00000     0.00000     0.00000     0.00000     0.00000     0.00000     0.00000
     2.68499     0.00000     0.00000     0.00000     0.00000     0.00000     0.00000     0.00000     0.00000     0.00000     0.00000
     2.78299     0.00000     0.00000     0.00000     0.00000     0.00000     0.00000     0.00000     0.00000     0.00000     0.00000
     2.87999     0.00000     0.00000     0.00000     0.00000     0.00000     0.00000     0.00000     0.00000     0.00000     0.00000
     2.97799     0.00000     0.00000     0.00000     0.00000     0.00000     0.00000     0.00000     0.00000     0.00000     0.00000
     3.07499     0.00000     0.00000     0.00000     0.00000     0.00000     0.00000     0.00000     0.00000     0.00000     0.00000
     3.17299     0.00000     0.00000     0.00000     0.00000     0.00000     0.00000     0.00000     0.00000     0.00000     0.00000
     3.27099     0.00000     0.00000     0.00000     0.00000     0.00000     0.00000     0.00000     0.00000     0.00000     0.00000
     3.36799     0.00000     0.00000     0.00000     0.00000     0.00000     0.00000     0.00000     0.00000     0.00000     0.00000
     3.46599     0.00000     0.00000     0.00000     0.00000     0.00000     0.00000     0.00000     0.00000     0.00000     0.00000
     3.56399     0.00000     0.00000     0.00000     0.00000     0.00000     0.00000     0.00000     0.00000     0.00000     0.00000
     3.66099     0.00000     0.00000     0.00000     0.00000     0.00000     0.00000     0.00000     0.00000     0.00000     0.00000
     3.75899     0.00000     0.00000     0.00000     0.00000     0.00000     0.00000     0.00000     0.00000     0.00000     0.00000
     3.85699     0.00000     0.00000     0.00000     0.00000     0.00000     0.00000     0.00000     0.00000     0.00000     0.00000
     3.95399     0.00000     0.00000     0.00000     0.00000     0.00000     0.00000     0.00000     0.00000     0.00000     0.00000
     4.05199     0.00000     0.00000     0.00000     0.00000     0.00000     0.00000     0.00000     0.00000     0.00000     0.00000
     4.14899     0.00000     0.00000     0.00000     0.00000     0.00000     0.00000     0.00000     0.00000     0.00000     0.00000
     4.24699     0.00000     0.00000     0.00000     0.00000     0.00000     0.00000     0.00000     0.00000     0.00000     0.00000
     4.34499     0.00448     0.00512     0.00141     0.00452     0.00000     0.00000     0.00000     0.00000     0.00000     0.01553
     4.44199     0.00889     0.01072     0.00264     0.00950     0.00000     0.00000     0.00000     0.00000     0.00000     0.03175
     4.53999     0.01112     0.01383     0.00331     0.01229     0.00000     0.00000     0.00000     0.00000     0.00000     0.04055
     4.63799     0.01457     0.01952     0.01621     0.01760     0.00000     0.00000     0.00000     0.00000     0.00000     0.06790
     4.73499     0.01592     0.02257     0.03012     0.02033     0.00000     0.00000     0.00000     0.00000     0.00000     0.08895
     4.83299     0.02222     0.02277     8.19340     0.03148     0.00000     0.00000     0.00000     0.00000     0.00000     8.26988
     4.92999     0.01925     0.02369     0.01759     0.02109     0.00000     0.00000     0.00000     0.00000     0.00000     0.08162
     5.02799     0.05857     0.08137     0.31729     0.07474     0.00000     0.00000     0.00000     0.00000     0.00000     0.53197
     5.12599     0.00086     0.00131     0.00262     0.00112     0.00000     0.00000     0.00000     0.00000     0.00000     0.00591
     5.22299     0.01705     0.02673     0.01194     0.02158     0.00000     0.00000     0.00000     0.00000     0.00000     0.07730
     5.32099     0.07434     0.10139     0.01996     0.08098     0.00000     0.00000     0.00000     0.00000     0.00000     0.27667
     5.41899     0.02909     0.04383     0.06069     0.03128     0.00000     0.00000     0.00000     0.00000     0.00000     0.16489
     5.51599     0.01751     0.02317     0.02827     0.01626     0.00000     0.00000     0.00000     0.00000     0.00000     0.08520
     5.61399     0.00544     0.00619     0.00044     0.00593     0.00000     0.00000     0.00000     0.00000     0.00000     0.01801
     5.71199     0.04262     0.04375     0.00556     0.03145     0.00000     0.00000     0.00000     0.00000     0.00000     0.12338
     5.80899     0.11269     0.11303     0.13301     0.08399     0.00000     0.00000     0.00000     0.00000     0.00000     0.44272
     5.90699     0.06923     0.07130     0.03824     0.06247     0.00000     0.00000     0.00000     0.00000     0.00000     0.24124
     6.00399     0.06112     0.07757     0.04222     0.05169     0.00000     0.00000     0.00000     0.00000     0.00000     0.23260
     6.10199     0.07515     0.12190     0.05244     0.08198     0.00000     0.00000     0.00000     0.00000     0.00000     0.33147
     6.19999     0.06805     0.06039     0.10550     0.04606     0.00000     0.00000     0.00000     0.00000     0.00000     0.28001
     6.29699     0.08511     0.10498     0.18696     0.07686     0.00000     0.00000     0.00000     0.00000     0.00000     0.45391
     6.39499     0.02904     0.02571     0.15882     0.02100     0.00000     0.00000     0.00000     0.00000     0.00000     0.23458
     6.49299     0.11484     0.08349     1.47167     0.06815     0.00000     0.00000     0.00000     0.00000     0.00000     1.73814
     6.58999     0.10160     0.07586     1.77051     0.07564     0.00000     0.00000     0.00000     0.00000     0.00000     2.02361
     6.68799     0.01258     0.01196     0.32165     0.01304     0.00000     0.00000     0.00000     0.00000     0.00000     0.35923
     6.78599     0.01839     0.01171     0.11898     0.01562     0.00000     0.00000     0.00000     0.00000     0.00000     0.16470
     6.88299     0.13903     0.07416     0.31642     0.07567     0.00000     0.00000     0.00000     0.00000     0.00000     0.60528
     6.98099     0.06857     0.03123     0.08553     0.02554     0.00000     0.00000     0.00000     0.00000     0.00000     0.21088
     7.07799     0.09003     0.06180     0.18592     0.05012     0.00000     0.00000     0.00000     0.00000     0.00000     0.38787
     7.17599     0.12819     0.08312     0.23222     0.07374     0.00000     0.00000     0.00000     0.00000     0.00000     0.51727
     7.27399     0.08829     0.06429     0.20911     0.05216     0.00000     0.00000     0.00000     0.00000     0.00000     0.41386
     7.37099     0.09584     0.06478     0.11664     0.04368     0.00000     0.00000     0.00000     0.00000     0.00000     0.32093
     7.46899     0.08596     0.06826     0.12857     0.05479     0.00000     0.00000     0.00000     0.00000     0.00000     0.33758
     7.56699     0.06519     0.05681     0.09152     0.04308     0.00000     0.00000     0.00000     0.00000     0.00000     0.25660
     7.66399     0.09752     0.07638     0.17104     0.05723     0.00000     0.00000     0.00000     0.00000     0.00000     0.40217
     7.76199     0.09911     0.07031     0.18816     0.05680     0.00000     0.00000     0.00000     0.00000     0.00000     0.41438
     7.85999     0.14642     0.08987     0.19844     0.07543     0.00000     0.00000     0.00000     0.00000     0.00000     0.51015
     7.95699     0.08897     0.05808     0.14204     0.04891     0.00000     0.00000     0.00000     0.00000     0.00000     0.33800
     8.05499     0.11137     0.08929     0.15630     0.05761     0.00000     0.00000     0.00000     0.00000     0.00000     0.41456
     8.15199     0.11876     0.11663     0.17021     0.08844     0.00000     0.00000     0.00000     0.00000     0.00000     0.49404
     8.24999     0.09693     0.08271     0.12502     0.05727     0.00000     0.00000     0.00000     0.00000     0.00000     0.36194
     8.34799     0.11349     0.08494     0.19192     0.07157     0.00000     0.00000     0.00000     0.00000     0.00000     0.46191
     8.44499     0.10805     0.06942     0.22536     0.05969     0.00000     0.00000     0.00000     0.00000     0.00000     0.46252
     8.54299     0.08487     0.05270     0.21610     0.04726     0.00000     0.00000     0.00000     0.00000     0.00000     0.40094
     8.64099     0.11714     0.07040     0.24318     0.05310     0.00000     0.00000     0.00000     0.00000     0.00000     0.48382
     8.73799     0.14250     0.09937     0.42194     0.08267     0.00000     0.00000     0.00000     0.00000     0.00000     0.74647
     8.83599     0.11795     0.08698     0.34755     0.06529     0.00000     0.00000     0.00000     0.00000     0.00000     0.61777
     8.93299     0.38028     0.15297     0.72807     0.14150     0.00000     0.00000     0.00000     0.00000     0.00000     1.40281
     9.03099     0.13898     0.07899     0.58771     0.07256     0.00000     0.00000     0.00000     0.00000     0.00000     0.87824
     9.12899     0.14455     0.08854     0.43271     0.06569     0.00000     0.00000     0.00000     0.00000     0.00000     0.73149
     9.22599     0.17956     0.08751     0.47943     0.07843     0.00000     0.00000     0.00000     0.00000     0.00000     0.82493
     9.32399     0.17402     0.09768     0.39033     0.07959     0.00000     0.00000     0.00000     0.00000     0.00000     0.74162
     9.42199     0.31237     0.19505     1.25869     0.17676     0.00000     0.00000     0.00000     0.00000     0.00000     1.94288
     9.51899     0.16477     0.12152     0.37547     0.08427     0.00000     0.00000     0.00000     0.00000     0.00000     0.74603
     9.61699     0.10552     0.06841     0.23878     0.06710     0.00000     0.00000     0.00000     0.00000     0.00000     0.47981
     9.71499     0.18076     0.11225     0.44118     0.09032     0.00000     0.00000     0.00000     0.00000     0.00000     0.82452
     9.81199     0.19438     0.11407     0.21736     0.10566     0.00000     0.00000     0.00000     0.00000     0.00000     0.63147
     9.90999     0.09473     0.05738     0.13089     0.05258     0.00000     0.00000     0.00000     0.00000     0.00000     0.33559
    10.00699     0.17955     0.08945     0.25952     0.10589     0.00000     0.00000     0.00000     0.00000     0.00000     0.63442
    10.10499     0.16269     0.12285     0.25841     0.09853     0.00000     0.00000     0.00000     0.00000     0.00000     0.64248
    10.20299     0.00000     0.00000     0.00000     0.00000     0.00000     0.00000     0.00000     0.00000     0.00000     0.00000
    10.29999     0.00000     0.00000     0.00000     0.00000     0.00000     0.00000     0.00000     0.00000     0.00000     0.00000
    10.39799     0.00000     0.00000     0.00000     0.00000     0.00000     0.00000     0.00000     0.00000     0.00000     0.00000
    10.49599     0.00000     0.00000     0.00000     0.00000     0.00000     0.00000     0.00000     0.00000     0.00000     0.00000
    10.59299     0.00000     0.00000     0.00000     0.00000     0.00000     0.00000     0.00000     0.00000     0.00000     0.00000
    10.69099     0.00000     0.00000     0.00000     0.00000     0.00000     0.00000     0.00000     0.00000     0.00000     0.00000
    10.78899     0.00000     0.00000     0.00000     0.00000     0.00000     0.00000     0.00000     0.00000     0.00000     0.00000
    10.88599     0.00000     0.00000     0.00000     0.00000     0.00000     0.00000     0.00000     0.00000     0.00000     0.00000
    10.98399     0.00000     0.00000     0.00000     0.00000     0.00000     0.00000     0.00000     0.00000     0.00000     0.00000
    11.08099     0.00000     0.00000     0.00000     0.00000     0.00000     0.00000     0.00000     0.00000     0.00000     0.00000
    11.17899     0.00000     0.00000     0.00000     0.00000     0.00000     0.00000     0.00000     0.00000     0.00000     0.00000
    11.27699     0.00000     0.00000     0.00000     0.00000     0.00000     0.00000     0.00000     0.00000     0.00000     0.00000
    11.37399     0.00000     0.00000     0.00000     0.00000     0.00000     0.00000     0.00000     0.00000     0.00000     0.00000
    11.47199     0.00000     0.00000     0.00000     0.00000     0.00000     0.00000     0.00000     0.00000     0.00000     0.00000
    11.56999     0.00000     0.00000     0.00000     0.00000     0.00000     0.00000     0.00000     0.00000     0.00000     0.00000
    11.66699     0.00000     0.00000     0.00000     0.00000     0.00000     0.00000     0.00000     0.00000     0.00000     0.00000
