     #Energy           s          py          pz          px         dxy         dyz         dz2         dxz         dx2       tot  
   -17.62301     0.00000     0.00000     0.00000     0.00000     0.00000     0.00000     0.00000     0.00000     0.00000     0.00000
   -17.52501     0.00000     0.00000     0.00000     0.00000     0.00000     0.00000     0.00000     0.00000     0.00000     0.00000
   -17.42801     0.00000     0.00000     0.00000     0.00000     0.00000     0.00000     0.00000     0.00000     0.00000     0.00000
   -17.33001     0.00000     0.00000     0.00000     0.00000     0.00000     0.00000     0.00000     0.00000     0.00000     0.00000
   -17.23201     0.00000     0.00000     0.00000     0.00000     0.00000     0.00000     0.00000     0.00000     0.00000     0.00000
   -17.13501     0.00000     0.00000     0.00000     0.00000     0.00000     0.00000     0.00000     0.00000     0.00000     0.00000
   -17.03701     0.00000     0.00000     0.00000     0.00000     0.00000     0.00000     0.00000     0.00000     0.00000     0.00000
   -16.93901     0.00000     0.00000     0.00000     0.00000     0.00000     0.00000     0.00000     0.00000     0.00000     0.00000
   -16.84201     0.00000     0.00000     0.00000     0.00000     0.00000     0.00000     0.00000     0.00000     0.00000     0.00000
   -16.74401     0.00000     0.00000     0.00000     0.00000     0.00000     0.00000     0.00000     0.00000     0.00000     0.00000
   -16.64601     0.00000     0.00000     0.00000     0.00000     0.00000     0.00000     0.00000     0.00000     0.00000     0.00000
   -16.54901     0.00000     0.00000     0.00000     0.00000     0.00000     0.00000     0.00000     0.00000     0.00000     0.00000
   -16.45101     0.00000     0.00000     0.00000     0.00000     0.00000     0.00000     0.00000     0.00000     0.00000     0.00000
   -16.35401     0.00000     0.00000     0.00000     0.00000     0.00000     0.00000     0.00000     0.00000     0.00000     0.00000
   -16.25601     0.00000     0.00000     0.00000     0.00000     0.00000     0.00000     0.00000     0.00000     0.00000     0.00000
   -16.15801     0.00000     0.00000     0.00000     0.00000     0.00000     0.00000     0.00000     0.00000     0.00000     0.00000
   -16.06101     0.00000     0.00000     0.00000     0.00000     0.00000     0.00000     0.00000     0.00000     0.00000     0.00000
   -15.96301     0.00000     0.00000     0.00000     0.00000     0.00000     0.00000     0.00000     0.00000     0.00000     0.00000
   -15.86501     0.00000     0.00000     0.00000     0.00000     0.00000     0.00000     0.00000     0.00000     0.00000     0.00000
   -15.76801     0.00000     0.00000     0.00000     0.00000     0.00000     0.00000     0.00000     0.00000     0.00000     0.00000
   -15.67001     0.00000     0.00000     0.00000     0.00000     0.00000     0.00000     0.00000     0.00000     0.00000     0.00000
   -15.57301     0.00000     0.00000     0.00000     0.00000     0.00000     0.00000     0.00000     0.00000     0.00000     0.00000
   -15.47501     0.00000     0.00000     0.00000     0.00000     0.00000     0.00000     0.00000     0.00000     0.00000     0.00000
   -15.37701    -0.00481    -0.00023    -0.00003    -0.00023     0.00000     0.00000     0.00000     0.00000     0.00000    -0.00529
   -15.28001    -0.00684    -0.00037    -0.00002    -0.00047     0.00000     0.00000     0.00000     0.00000     0.00000    -0.00770
   -15.18201    -0.02871    -0.00161    -0.00004    -0.00230     0.00000     0.00000     0.00000     0.00000     0.00000    -0.03267
   -15.08401    -0.10021    -0.00592    -0.00006    -0.00837     0.00000     0.00000     0.00000     0.00000     0.00000    -0.11457
   -14.98701     0.00000     0.00000     0.00000     0.00000     0.00000     0.00000     0.00000     0.00000     0.00000     0.00000
   -14.88901    -1.50681    -0.09032    -0.00020    -0.13014     0.00000     0.00000     0.00000     0.00000     0.00000    -1.72746
   -14.79101    -0.10439    -0.00626    -0.00008    -0.00898     0.00000     0.00000     0.00000     0.00000     0.00000    -0.11970
   -14.69401    -0.07861    -0.00481    -0.00017    -0.00672     0.00000     0.00000     0.00000     0.00000     0.00000    -0.09031
   -14.59601    -0.01357    -0.00076    -0.00003    -0.00115     0.00000     0.00000     0.00000     0.00000     0.00000    -0.01552
   -14.49901    -0.27067    -0.01538    -0.00071    -0.02048     0.00000     0.00000     0.00000     0.00000     0.00000    -0.30725
   -14.40101     0.00000     0.00000     0.00000     0.00000     0.00000     0.00000     0.00000     0.00000     0.00000     0.00000
   -14.30301     0.00000     0.00000     0.00000     0.00000     0.00000     0.00000     0.00000     0.00000     0.00000     0.00000
   -14.20601     0.00000     0.00000     0.00000     0.00000     0.00000     0.00000     0.00000     0.00000     0.00000     0.00000
   -14.10801     0.00000     0.00000     0.00000     0.00000     0.00000     0.00000     0.00000     0.00000     0.00000     0.00000
   -14.01001     0.00000     0.00000     0.00000     0.00000     0.00000     0.00000     0.00000     0.00000     0.00000     0.00000
   -13.91301     0.00000     0.00000     0.00000     0.00000     0.00000     0.00000     0.00000     0.00000     0.00000     0.00000
   -13.81501     0.00000     0.00000     0.00000     0.00000     0.00000     0.00000     0.00000     0.00000     0.00000     0.00000
   -13.71701     0.00000     0.00000     0.00000     0.00000     0.00000     0.00000     0.00000     0.00000     0.00000     0.00000
   -13.62001     0.00000     0.00000     0.00000     0.00000     0.00000     0.00000     0.00000     0.00000     0.00000     0.00000
   -13.52201     0.00000     0.00000     0.00000     0.00000     0.00000     0.00000     0.00000     0.00000     0.00000     0.00000
   -13.42501     0.00000     0.00000     0.00000     0.00000     0.00000     0.00000     0.00000     0.00000     0.00000     0.00000
   -13.32701     0.00000     0.00000     0.00000     0.00000     0.00000     0.00000     0.00000     0.00000     0.00000     0.00000
   -13.22901     0.00000     0.00000     0.00000     0.00000     0.00000     0.00000     0.00000     0.00000     0.00000     0.00000
   -13.13201     0.00000     0.00000     0.00000     0.00000     0.00000     0.00000     0.00000     0.00000     0.00000     0.00000
   -13.03401     0.00000     0.00000     0.00000     0.00000     0.00000     0.00000     0.00000     0.00000     0.00000     0.00000
   -12.93601     0.00000     0.00000     0.00000     0.00000     0.00000     0.00000     0.00000     0.00000     0.00000     0.00000
   -12.83901     0.00000     0.00000     0.00000     0.00000     0.00000     0.00000     0.00000     0.00000     0.00000     0.00000
   -12.74101     0.00000     0.00000     0.00000     0.00000     0.00000     0.00000     0.00000     0.00000     0.00000     0.00000
   -12.64401     0.00000     0.00000     0.00000     0.00000     0.00000     0.00000     0.00000     0.00000     0.00000     0.00000
   -12.54601     0.00000     0.00000     0.00000     0.00000     0.00000     0.00000     0.00000     0.00000     0.00000     0.00000
   -12.44801     0.00000     0.00000     0.00000     0.00000     0.00000     0.00000     0.00000     0.00000     0.00000     0.00000
   -12.35101     0.00000     0.00000     0.00000     0.00000     0.00000     0.00000     0.00000     0.00000     0.00000     0.00000
   -12.25301     0.00000     0.00000     0.00000     0.00000     0.00000     0.00000     0.00000     0.00000     0.00000     0.00000
   -12.15501     0.00000     0.00000     0.00000     0.00000     0.00000     0.00000     0.00000     0.00000     0.00000     0.00000
   -12.05801     0.00000     0.00000     0.00000     0.00000     0.00000     0.00000     0.00000     0.00000     0.00000     0.00000
   -11.96001     0.00000     0.00000     0.00000     0.00000     0.00000     0.00000     0.00000     0.00000     0.00000     0.00000
   -11.86201     0.00000     0.00000     0.00000     0.00000     0.00000     0.00000     0.00000     0.00000     0.00000     0.00000
   -11.76501     0.00000     0.00000     0.00000     0.00000     0.00000     0.00000     0.00000     0.00000     0.00000     0.00000
   -11.66701     0.00000     0.00000     0.00000     0.00000     0.00000     0.00000     0.00000     0.00000     0.00000     0.00000
   -11.57001     0.00000     0.00000     0.00000     0.00000     0.00000     0.00000     0.00000     0.00000     0.00000     0.00000
   -11.47201     0.00000     0.00000     0.00000     0.00000     0.00000     0.00000     0.00000     0.00000     0.00000     0.00000
   -11.37401     0.00000     0.00000     0.00000     0.00000     0.00000     0.00000     0.00000     0.00000     0.00000     0.00000
   -11.27701     0.00000     0.00000     0.00000     0.00000     0.00000     0.00000     0.00000     0.00000     0.00000     0.00000
   -11.17901     0.00000     0.00000     0.00000     0.00000     0.00000     0.00000     0.00000     0.00000     0.00000     0.00000
   -11.08101     0.00000     0.00000     0.00000     0.00000     0.00000     0.00000     0.00000     0.00000     0.00000     0.00000
   -10.98401     0.00000     0.00000     0.00000     0.00000     0.00000     0.00000     0.00000     0.00000     0.00000     0.00000
   -10.88601     0.00000     0.00000     0.00000     0.00000     0.00000     0.00000     0.00000     0.00000     0.00000     0.00000
   -10.78801     0.00000     0.00000     0.00000     0.00000     0.00000     0.00000     0.00000     0.00000     0.00000     0.00000
   -10.69101     0.00000     0.00000     0.00000     0.00000     0.00000     0.00000     0.00000     0.00000     0.00000     0.00000
   -10.59301     0.00000     0.00000     0.00000     0.00000     0.00000     0.00000     0.00000     0.00000     0.00000     0.00000
   -10.49601     0.00000     0.00000     0.00000     0.00000     0.00000     0.00000     0.00000     0.00000     0.00000     0.00000
   -10.39801     0.00000     0.00000     0.00000     0.00000     0.00000     0.00000     0.00000     0.00000     0.00000     0.00000
   -10.30001     0.00000     0.00000     0.00000     0.00000     0.00000     0.00000     0.00000     0.00000     0.00000     0.00000
   -10.20301     0.00000     0.00000     0.00000     0.00000     0.00000     0.00000     0.00000     0.00000     0.00000     0.00000
   -10.10501     0.00000     0.00000     0.00000     0.00000     0.00000     0.00000     0.00000     0.00000     0.00000     0.00000
   -10.00701     0.00000     0.00000     0.00000     0.00000     0.00000     0.00000     0.00000     0.00000     0.00000     0.00000
    -9.91001     0.00000     0.00000     0.00000     0.00000     0.00000     0.00000     0.00000     0.00000     0.00000     0.00000
    -9.81201     0.00000     0.00000     0.00000     0.00000     0.00000     0.00000     0.00000     0.00000     0.00000     0.00000
    -9.71501     0.00000     0.00000     0.00000     0.00000     0.00000     0.00000     0.00000     0.00000     0.00000     0.00000
    -9.61701     0.00000     0.00000     0.00000     0.00000     0.00000     0.00000     0.00000     0.00000     0.00000     0.00000
    -9.51901     0.00000     0.00000     0.00000     0.00000     0.00000     0.00000     0.00000     0.00000     0.00000     0.00000
    -9.42201     0.00000     0.00000     0.00000     0.00000     0.00000     0.00000     0.00000     0.00000     0.00000     0.00000
    -9.32401     0.00000     0.00000     0.00000     0.00000     0.00000     0.00000     0.00000     0.00000     0.00000     0.00000
    -9.22601     0.00000     0.00000     0.00000     0.00000     0.00000     0.00000     0.00000     0.00000     0.00000     0.00000
    -9.12901     0.00000     0.00000     0.00000     0.00000     0.00000     0.00000     0.00000     0.00000     0.00000     0.00000
    -9.03101     0.00000     0.00000     0.00000     0.00000     0.00000     0.00000     0.00000     0.00000     0.00000     0.00000
    -8.93301     0.00000     0.00000     0.00000     0.00000     0.00000     0.00000     0.00000     0.00000     0.00000     0.00000
    -8.83601     0.00000     0.00000     0.00000     0.00000     0.00000     0.00000     0.00000     0.00000     0.00000     0.00000
    -8.73801     0.00000     0.00000     0.00000     0.00000     0.00000     0.00000     0.00000     0.00000     0.00000     0.00000
    -8.64101     0.00000     0.00000     0.00000     0.00000     0.00000     0.00000     0.00000     0.00000     0.00000     0.00000
    -8.54301     0.00000     0.00000     0.00000     0.00000     0.00000     0.00000     0.00000     0.00000     0.00000     0.00000
    -8.44501     0.00000     0.00000     0.00000     0.00000     0.00000     0.00000     0.00000     0.00000     0.00000     0.00000
    -8.34801     0.00000     0.00000     0.00000     0.00000     0.00000     0.00000     0.00000     0.00000     0.00000     0.00000
    -8.25001     0.00000     0.00000     0.00000     0.00000     0.00000     0.00000     0.00000     0.00000     0.00000     0.00000
    -8.15201     0.00000     0.00000     0.00000     0.00000     0.00000     0.00000     0.00000     0.00000     0.00000     0.00000
    -8.05501     0.00000     0.00000     0.00000     0.00000     0.00000     0.00000     0.00000     0.00000     0.00000     0.00000
    -7.95701     0.00000     0.00000     0.00000     0.00000     0.00000     0.00000     0.00000     0.00000     0.00000     0.00000
    -7.85901     0.00000     0.00000     0.00000     0.00000     0.00000     0.00000     0.00000     0.00000     0.00000     0.00000
    -7.76201     0.00000     0.00000     0.00000     0.00000     0.00000     0.00000     0.00000     0.00000     0.00000     0.00000
    -7.66401     0.00000     0.00000     0.00000     0.00000     0.00000     0.00000     0.00000     0.00000     0.00000     0.00000
    -7.56701     0.00000     0.00000     0.00000     0.00000     0.00000     0.00000     0.00000     0.00000     0.00000     0.00000
    -7.46901     0.00000     0.00000     0.00000     0.00000     0.00000     0.00000     0.00000     0.00000     0.00000     0.00000
    -7.37101     0.00000     0.00000     0.00000     0.00000     0.00000     0.00000     0.00000     0.00000     0.00000     0.00000
    -7.27401     0.00000     0.00000     0.00000     0.00000     0.00000     0.00000     0.00000     0.00000     0.00000     0.00000
    -7.17601     0.00000     0.00000     0.00000     0.00000     0.00000     0.00000     0.00000     0.00000     0.00000     0.00000
    -7.07801     0.00000     0.00000     0.00000     0.00000     0.00000     0.00000     0.00000     0.00000     0.00000     0.00000
    -6.98101     0.00000     0.00000     0.00000     0.00000     0.00000     0.00000     0.00000     0.00000     0.00000     0.00000
    -6.88301     0.00000     0.00000     0.00000     0.00000     0.00000     0.00000     0.00000     0.00000     0.00000     0.00000
    -6.78601     0.00000     0.00000     0.00000     0.00000     0.00000     0.00000     0.00000     0.00000     0.00000     0.00000
    -6.68801     0.00000     0.00000     0.00000     0.00000     0.00000     0.00000     0.00000     0.00000     0.00000     0.00000
    -6.59001     0.00000     0.00000     0.00000     0.00000     0.00000     0.00000     0.00000     0.00000     0.00000     0.00000
    -6.49301     0.00000     0.00000     0.00000     0.00000     0.00000     0.00000     0.00000     0.00000     0.00000     0.00000
    -6.39501     0.00000     0.00000     0.00000     0.00000     0.00000     0.00000     0.00000     0.00000     0.00000     0.00000
    -6.29701     0.00000     0.00000     0.00000     0.00000     0.00000     0.00000     0.00000     0.00000     0.00000     0.00000
    -6.20001     0.00000     0.00000     0.00000     0.00000     0.00000     0.00000     0.00000     0.00000     0.00000     0.00000
    -6.10201     0.00000     0.00000     0.00000     0.00000     0.00000     0.00000     0.00000     0.00000     0.00000     0.00000
    -6.00401     0.00000     0.00000     0.00000     0.00000     0.00000     0.00000     0.00000     0.00000     0.00000     0.00000
    -5.90701     0.00000     0.00000     0.00000     0.00000     0.00000     0.00000     0.00000     0.00000     0.00000     0.00000
    -5.80901     0.00000     0.00000     0.00000     0.00000     0.00000     0.00000     0.00000     0.00000     0.00000     0.00000
    -5.71201     0.00000     0.00000     0.00000     0.00000     0.00000     0.00000     0.00000     0.00000     0.00000     0.00000
    -5.61401     0.00000     0.00000     0.00000     0.00000     0.00000     0.00000     0.00000     0.00000     0.00000     0.00000
    -5.51601     0.00000     0.00000     0.00000     0.00000     0.00000     0.00000     0.00000     0.00000     0.00000     0.00000
    -5.41901     0.00000     0.00000     0.00000     0.00000     0.00000     0.00000     0.00000     0.00000     0.00000     0.00000
    -5.32101     0.00000     0.00000     0.00000     0.00000     0.00000     0.00000     0.00000     0.00000     0.00000     0.00000
    -5.22301     0.00000     0.00000     0.00000     0.00000     0.00000     0.00000     0.00000     0.00000     0.00000     0.00000
    -5.12601     0.00000     0.00000     0.00000     0.00000     0.00000     0.00000     0.00000     0.00000     0.00000     0.00000
    -5.02801     0.00000     0.00000     0.00000     0.00000     0.00000     0.00000     0.00000     0.00000     0.00000     0.00000
    -4.93001     0.00000     0.00000     0.00000     0.00000     0.00000     0.00000     0.00000     0.00000     0.00000     0.00000
    -4.83301    -0.00122    -0.01039    -0.01388    -0.01431     0.00000     0.00000     0.00000     0.00000     0.00000    -0.03981
    -4.73501    -0.00905    -0.16089    -0.01240    -0.18705     0.00000     0.00000     0.00000     0.00000     0.00000    -0.36940
    -4.63801     0.00000     0.00000     0.00000     0.00000     0.00000     0.00000     0.00000     0.00000     0.00000     0.00000
    -4.54001     0.00000     0.00000     0.00000     0.00000     0.00000     0.00000     0.00000     0.00000     0.00000     0.00000
    -4.44201    -0.01250    -0.03799    -0.14119    -0.06793     0.00000     0.00000     0.00000     0.00000     0.00000    -0.25962
    -4.34501     0.00000     0.00000     0.00000     0.00000     0.00000     0.00000     0.00000     0.00000     0.00000     0.00000
    -4.24701    -0.02612    -0.08227    -0.04997    -0.15377     0.00000     0.00000     0.00000     0.00000     0.00000    -0.31213
    -4.14901    -0.27993    -0.69411    -0.21609    -1.42836     0.00000     0.00000     0.00000     0.00000     0.00000    -2.61849
    -4.05201    -0.00222    -0.01384    -0.04866    -0.01125     0.00000     0.00000     0.00000     0.00000     0.00000    -0.07597
    -3.95401    -0.00121    -0.00732    -0.12049    -0.00900     0.00000     0.00000     0.00000     0.00000     0.00000    -0.13801
    -3.85701    -0.00281    -0.01602    -0.29298    -0.02011     0.00000     0.00000     0.00000     0.00000     0.00000    -0.33192
    -3.75901    -0.00164    -0.00945    -0.16589    -0.01102     0.00000     0.00000     0.00000     0.00000     0.00000    -0.18799
    -3.66101    -0.00085    -0.00746    -0.10708    -0.00516     0.00000     0.00000     0.00000     0.00000     0.00000    -0.12056
    -3.56401    -0.00189    -0.05336    -0.11287    -0.02803     0.00000     0.00000     0.00000     0.00000     0.00000    -0.19614
    -3.46601    -0.00216    -0.16354    -0.04142    -0.07696     0.00000     0.00000     0.00000     0.00000     0.00000    -0.28408
    -3.36801    -0.00312    -0.24627    -0.08676    -0.11644     0.00000     0.00000     0.00000     0.00000     0.00000    -0.45258
    -3.27101    -0.00037    -0.02061    -0.00839    -0.00951     0.00000     0.00000     0.00000     0.00000     0.00000    -0.03888
    -3.17301    -0.00034    -0.00277    -0.03108    -0.00147     0.00000     0.00000     0.00000     0.00000     0.00000    -0.03566
    -3.07501    -0.00078    -0.00505    -0.15800    -0.00457     0.00000     0.00000     0.00000     0.00000     0.00000    -0.16840
    -2.97801    -0.00116    -0.01395    -0.19940    -0.00890     0.00000     0.00000     0.00000     0.00000     0.00000    -0.22341
    -2.88001    -0.00066    -0.00913    -0.21900    -0.00349     0.00000     0.00000     0.00000     0.00000     0.00000    -0.23228
    -2.78301    -0.00210    -0.02640    -0.38771    -0.01401     0.00000     0.00000     0.00000     0.00000     0.00000    -0.43021
    -2.68501    -0.00343    -0.37688    -0.55635    -0.87862     0.00000     0.00000     0.00000     0.00000     0.00000    -1.81528
    -2.58701    -0.00970    -0.88889    -0.15066    -1.93260     0.00000     0.00000     0.00000     0.00000     0.00000    -2.98185
    -2.49001    -0.02281    -1.34486    -0.19304    -0.54151     0.00000     0.00000     0.00000     0.00000     0.00000    -2.10222
    -2.39201    -0.03236    -2.46300    -0.41198    -0.97440     0.00000     0.00000     0.00000     0.00000     0.00000    -3.88174
    -2.29401     0.00000     0.00000     0.00000     0.00000     0.00000     0.00000     0.00000     0.00000     0.00000     0.00000
    -2.19701    -0.00097    -0.02097    -0.16893    -0.01271     0.00000     0.00000     0.00000     0.00000     0.00000    -0.20357
    -2.09901    -0.00092    -0.00646    -0.24995    -0.00475     0.00000     0.00000     0.00000     0.00000     0.00000    -0.26210
    -2.00101    -0.00064    -0.00436    -0.14456    -0.00411     0.00000     0.00000     0.00000     0.00000     0.00000    -0.15367
    -1.90401    -0.00169    -0.01481    -0.25428    -0.00682     0.00000     0.00000     0.00000     0.00000     0.00000    -0.27760
    -1.80601    -0.00002    -0.00008    -0.00141    -0.00008     0.00000     0.00000     0.00000     0.00000     0.00000    -0.00159
    -1.70901    -0.00016    -0.00073    -0.10092    -0.00085     0.00000     0.00000     0.00000     0.00000     0.00000    -0.10266
    -1.61101    -0.00120    -0.01038    -0.57005    -0.00562     0.00000     0.00000     0.00000     0.00000     0.00000    -0.58725
    -1.51301    -0.00023    -0.00051    -0.14088    -0.00046     0.00000     0.00000     0.00000     0.00000     0.00000    -0.14208
    -1.41601    -0.00171    -0.00272    -0.30931    -0.00225     0.00000     0.00000     0.00000     0.00000     0.00000    -0.31599
    -1.31801    -0.00010    -0.00019    -0.00930    -0.00013     0.00000     0.00000     0.00000     0.00000     0.00000    -0.00972
    -1.22001     0.00000     0.00000     0.00000     0.00000     0.00000     0.00000     0.00000     0.00000     0.00000     0.00000
    -1.12301     0.00000     0.00000     0.00000     0.00000     0.00000     0.00000     0.00000     0.00000     0.00000     0.00000
    -1.02501     0.00000     0.00000     0.00000     0.00000     0.00000     0.00000     0.00000     0.00000     0.00000     0.00000
    -0.92801     0.00000     0.00000     0.00000     0.00000     0.00000     0.00000     0.00000     0.00000     0.00000     0.00000
    -0.83001     0.00000     0.00000     0.00000     0.00000     0.00000     0.00000     0.00000     0.00000     0.00000     0.00000
    -0.73201     0.00000     0.00000     0.00000     0.00000     0.00000     0.00000     0.00000     0.00000     0.00000     0.00000
    -0.63501     0.00000     0.00000     0.00000     0.00000     0.00000     0.00000     0.00000     0.00000     0.00000     0.00000
    -0.53701     0.00000     0.00000     0.00000     0.00000     0.00000     0.00000     0.00000     0.00000     0.00000     0.00000
    -0.43901     0.00000     0.00000     0.00000     0.00000     0.00000     0.00000     0.00000     0.00000     0.00000     0.00000
    -0.34201     0.00000     0.00000     0.00000     0.00000     0.00000     0.00000     0.00000     0.00000     0.00000     0.00000
    -0.24401     0.00000     0.00000     0.00000     0.00000     0.00000     0.00000     0.00000     0.00000     0.00000     0.00000
    -0.14601     0.00000     0.00000     0.00000     0.00000     0.00000     0.00000     0.00000     0.00000     0.00000     0.00000
    -0.04901     0.00000     0.00000     0.00000     0.00000     0.00000     0.00000     0.00000     0.00000     0.00000     0.00000
     0.04899     0.00000     0.00000     0.00000     0.00000     0.00000     0.00000     0.00000     0.00000     0.00000     0.00000
     0.14599     0.00000     0.00000     0.00000     0.00000     0.00000     0.00000     0.00000     0.00000     0.00000     0.00000
     0.24399     0.00000     0.00000     0.00000     0.00000     0.00000     0.00000     0.00000     0.00000     0.00000     0.00000
     0.34199     0.00000     0.00000     0.00000     0.00000     0.00000     0.00000     0.00000     0.00000     0.00000     0.00000
     0.43899     0.00000     0.00000     0.00000     0.00000     0.00000     0.00000     0.00000     0.00000     0.00000     0.00000
     0.53699     0.00000     0.00000     0.00000     0.00000     0.00000     0.00000     0.00000     0.00000     0.00000     0.00000
     0.63499     0.00000     0.00000     0.00000     0.00000     0.00000     0.00000     0.00000     0.00000     0.00000     0.00000
     0.73199     0.00000     0.00000     0.00000     0.00000     0.00000     0.00000     0.00000     0.00000     0.00000     0.00000
     0.82999     0.00000     0.00000     0.00000     0.00000     0.00000     0.00000     0.00000     0.00000     0.00000     0.00000
     0.92799     0.00000     0.00000     0.00000     0.00000     0.00000     0.00000     0.00000     0.00000     0.00000     0.00000
     1.02499     0.00000     0.00000     0.00000     0.00000     0.00000     0.00000     0.00000     0.00000     0.00000     0.00000
     1.12299     0.00000     0.00000     0.00000     0.00000     0.00000     0.00000     0.00000     0.00000     0.00000     0.00000
     1.21999     0.00000     0.00000     0.00000     0.00000     0.00000     0.00000     0.00000     0.00000     0.00000     0.00000
     1.31799     0.00000     0.00000     0.00000     0.00000     0.00000     0.00000     0.00000     0.00000     0.00000     0.00000
     1.41599     0.00000     0.00000     0.00000     0.00000     0.00000     0.00000     0.00000     0.00000     0.00000     0.00000
     1.51299     0.00000     0.00000     0.00000     0.00000     0.00000     0.00000     0.00000     0.00000     0.00000     0.00000
     1.61099     0.00000     0.00000     0.00000     0.00000     0.00000     0.00000     0.00000     0.00000     0.00000     0.00000
     1.70899     0.00000     0.00000     0.00000     0.00000     0.00000     0.00000     0.00000     0.00000     0.00000     0.00000
     1.80599     0.00000     0.00000     0.00000     0.00000     0.00000     0.00000     0.00000     0.00000     0.00000     0.00000
     1.90399     0.00000     0.00000     0.00000     0.00000     0.00000     0.00000     0.00000     0.00000     0.00000     0.00000
     2.00099     0.00000     0.00000     0.00000     0.00000     0.00000     0.00000     0.00000     0.00000     0.00000     0.00000
     2.09899     0.00000     0.00000     0.00000     0.00000     0.00000     0.00000     0.00000     0.00000     0.00000     0.00000
     2.19699     0.00000     0.00000     0.00000     0.00000     0.00000     0.00000     0.00000     0.00000     0.00000     0.00000
     2.29399    -0.00050    -0.00041    -0.00501    -0.00031     0.00000     0.00000     0.00000     0.00000     0.00000    -0.00624
     2.39199    -0.00067    -0.00073    -0.00648    -0.00055     0.00000     0.00000     0.00000     0.00000     0.00000    -0.00843
     2.48999    -0.00089    -0.00096    -0.02146    -0.00090     0.00000     0.00000     0.00000     0.00000     0.00000    -0.02421
     2.58699    -0.00275    -0.00238    -0.01795    -0.00163     0.00000     0.00000     0.00000     0.00000     0.00000    -0.02471
     2.68499    -0.00355    -0.00262    -0.05255    -0.00182     0.00000     0.00000     0.00000     0.00000     0.00000    -0.06055
     2.78299    -0.00216    -0.00201    -0.02146    -0.00150     0.00000     0.00000     0.00000     0.00000     0.00000    -0.02713
     2.87999    -0.00089    -0.00079    -0.02177    -0.00056     0.00000     0.00000     0.00000     0.00000     0.00000    -0.02401
     2.97799    -0.00186    -0.00176    -0.20544    -0.00160     0.00000     0.00000     0.00000     0.00000     0.00000    -0.21066
     3.07499    -0.00207    -0.00228    -0.12024    -0.00184     0.00000     0.00000     0.00000     0.00000     0.00000    -0.12643
     3.17299     0.00000     0.00000     0.00000     0.00000     0.00000     0.00000     0.00000     0.00000     0.00000     0.00000
     3.27099     0.00000     0.00000     0.00000     0.00000     0.00000     0.00000     0.00000     0.00000     0.00000     0.00000
     3.36799     0.00000     0.00000     0.00000     0.00000     0.00000     0.00000     0.00000     0.00000     0.00000     0.00000
     3.46599     0.00000     0.00000     0.00000     0.00000     0.00000     0.00000     0.00000     0.00000     0.00000     0.00000
     3.56399     0.00000     0.00000     0.00000     0.00000     0.00000     0.00000     0.00000     0.00000     0.00000     0.00000
     3.66099     0.00000     0.00000     0.00000     0.00000     0.00000     0.00000     0.00000     0.00000     0.00000     0.00000
     3.75899     0.00000     0.00000     0.00000     0.00000     0.00000     0.00000     0.00000     0.00000     0.00000     0.00000
     3.85699     0.00000     0.00000     0.00000     0.00000     0.00000     0.00000     0.00000     0.00000     0.00000     0.00000
     3.95399     0.00000     0.00000     0.00000     0.00000     0.00000     0.00000     0.00000     0.00000     0.00000     0.00000
     4.05199     0.00000     0.00000     0.00000     0.00000     0.00000     0.00000     0.00000     0.00000     0.00000     0.00000
     4.14899     0.00000     0.00000     0.00000     0.00000     0.00000     0.00000     0.00000     0.00000     0.00000     0.00000
     4.24699     0.00000     0.00000     0.00000     0.00000     0.00000     0.00000     0.00000     0.00000     0.00000     0.00000
     4.34499     0.00000     0.00000     0.00000     0.00000     0.00000     0.00000     0.00000     0.00000     0.00000     0.00000
     4.44199     0.00000     0.00000     0.00000     0.00000     0.00000     0.00000     0.00000     0.00000     0.00000     0.00000
     4.53999    -0.02079    -0.02473    -0.00253    -0.02200     0.00000     0.00000     0.00000     0.00000     0.00000    -0.07005
     4.63799    -0.01608    -0.02025    -0.00152    -0.01815     0.00000     0.00000     0.00000     0.00000     0.00000    -0.05601
     4.73499    -0.01950    -0.02516    -0.27768    -0.02304     0.00000     0.00000     0.00000     0.00000     0.00000    -0.34539
     4.83299    -0.00937    -0.01213    -0.54745    -0.01158     0.00000     0.00000     0.00000     0.00000     0.00000    -0.58054
     4.92999     0.00000     0.00000     0.00000     0.00000     0.00000     0.00000     0.00000     0.00000     0.00000     0.00000
     5.02799    -0.02725    -0.03351    -0.00758    -0.03120     0.00000     0.00000     0.00000     0.00000     0.00000    -0.09955
     5.12599    -0.04106    -0.05281    -0.07516    -0.04871     0.00000     0.00000     0.00000     0.00000     0.00000    -0.21774
     5.22299    -0.00931    -0.01113    -0.00519    -0.01100     0.00000     0.00000     0.00000     0.00000     0.00000    -0.03663
     5.32099    -0.01743    -0.02628    -0.01053    -0.02022     0.00000     0.00000     0.00000     0.00000     0.00000    -0.07445
     5.41899    -0.09273    -0.12710    -0.02492    -0.09678     0.00000     0.00000     0.00000     0.00000     0.00000    -0.34153
     5.51599    -0.03562    -0.04865    -0.01992    -0.03732     0.00000     0.00000     0.00000     0.00000     0.00000    -0.14152
     5.61399    -0.01845    -0.02445    -0.01497    -0.02061     0.00000     0.00000     0.00000     0.00000     0.00000    -0.07848
     5.71199    -0.05661    -0.06385    -0.02862    -0.04412     0.00000     0.00000     0.00000     0.00000     0.00000    -0.19321
     5.80899    -0.07845    -0.08290    -0.08060    -0.05700     0.00000     0.00000     0.00000     0.00000     0.00000    -0.29894
     5.90699    -0.08269    -0.09071    -0.05944    -0.07479     0.00000     0.00000     0.00000     0.00000     0.00000    -0.30764
     6.00399    -0.09778    -0.09485    -0.11407    -0.07820     0.00000     0.00000     0.00000     0.00000     0.00000    -0.38491
     6.10199    -0.05849    -0.06186    -0.06482    -0.04322     0.00000     0.00000     0.00000     0.00000     0.00000    -0.22838
     6.19999    -0.06986    -0.06283    -0.08556    -0.05320     0.00000     0.00000     0.00000     0.00000     0.00000    -0.27145
     6.29699    -0.02534    -0.02563    -0.10923    -0.01973     0.00000     0.00000     0.00000     0.00000     0.00000    -0.17992
     6.39499    -0.10796    -0.08744    -0.71341    -0.07500     0.00000     0.00000     0.00000     0.00000     0.00000    -0.98381
     6.49299    -0.05756    -0.04959    -1.00552    -0.03964     0.00000     0.00000     0.00000     0.00000     0.00000    -1.15231
     6.58999    -0.07780    -0.04766    -1.73077    -0.04282     0.00000     0.00000     0.00000     0.00000     0.00000    -1.89906
     6.68799    -0.05516    -0.03909    -0.40462    -0.03780     0.00000     0.00000     0.00000     0.00000     0.00000    -0.53667
     6.78599    -0.06757    -0.06014    -0.40020    -0.04775     0.00000     0.00000     0.00000     0.00000     0.00000    -0.57565
     6.88299    -0.11165    -0.07322    -0.44848    -0.06469     0.00000     0.00000     0.00000     0.00000     0.00000    -0.69804
     6.98099    -0.07964    -0.04585    -0.22127    -0.04616     0.00000     0.00000     0.00000     0.00000     0.00000    -0.39292
     7.07799    -0.06881    -0.05885    -0.10636    -0.04938     0.00000     0.00000     0.00000     0.00000     0.00000    -0.28340
     7.17599    -0.14008    -0.05314    -0.11732    -0.05116     0.00000     0.00000     0.00000     0.00000     0.00000    -0.36169
     7.27399    -0.07635    -0.06006    -0.09556    -0.04740     0.00000     0.00000     0.00000     0.00000     0.00000    -0.27937
     7.37099    -0.06717    -0.04212    -0.15280    -0.04505     0.00000     0.00000     0.00000     0.00000     0.00000    -0.30713
     7.46899    -0.07222    -0.05526    -0.13202    -0.04753     0.00000     0.00000     0.00000     0.00000     0.00000    -0.30703
     7.56699    -0.05282    -0.04264    -0.10005    -0.03219     0.00000     0.00000     0.00000     0.00000     0.00000    -0.22770
     7.66399    -0.08714    -0.05717    -0.14635    -0.04685     0.00000     0.00000     0.00000     0.00000     0.00000    -0.33751
     7.76199    -0.09087    -0.07356    -0.09501    -0.05569     0.00000     0.00000     0.00000     0.00000     0.00000    -0.31513
     7.85999    -0.07919    -0.07408    -0.13520    -0.05200     0.00000     0.00000     0.00000     0.00000     0.00000    -0.34047
     7.95699    -0.08488    -0.05460    -0.14716    -0.03971     0.00000     0.00000     0.00000     0.00000     0.00000    -0.32635
     8.05499    -0.13060    -0.09087    -0.20268    -0.07676     0.00000     0.00000     0.00000     0.00000     0.00000    -0.50090
     8.15199    -0.08266    -0.06245    -0.13936    -0.05276     0.00000     0.00000     0.00000     0.00000     0.00000    -0.33723
     8.24999    -0.11097    -0.06748    -0.18423    -0.05328     0.00000     0.00000     0.00000     0.00000     0.00000    -0.41596
     8.34799    -0.10413    -0.09960    -0.22904    -0.06014     0.00000     0.00000     0.00000     0.00000     0.00000    -0.49291
     8.44499    -0.07851    -0.06185    -0.15139    -0.05176     0.00000     0.00000     0.00000     0.00000     0.00000    -0.34351
     8.54299    -0.11675    -0.09611    -0.26706    -0.05628     0.00000     0.00000     0.00000     0.00000     0.00000    -0.53620
     8.64099    -0.14387    -0.09616    -0.24498    -0.08121     0.00000     0.00000     0.00000     0.00000     0.00000    -0.56621
     8.73799    -0.07584    -0.04810    -0.17597    -0.03516     0.00000     0.00000     0.00000     0.00000     0.00000    -0.33507
     8.83599    -0.05887    -0.03817    -0.18938    -0.03269     0.00000     0.00000     0.00000     0.00000     0.00000    -0.31912
     8.93299    -0.13290    -0.08731    -0.31367    -0.07714     0.00000     0.00000     0.00000     0.00000     0.00000    -0.61102
     9.03099    -0.14011    -0.07297    -0.35492    -0.06240     0.00000     0.00000     0.00000     0.00000     0.00000    -0.63040
     9.12899    -0.13558    -0.09714    -0.57035    -0.07289     0.00000     0.00000     0.00000     0.00000     0.00000    -0.87596
     9.22599    -0.12404    -0.07694    -0.33627    -0.06802     0.00000     0.00000     0.00000     0.00000     0.00000    -0.60526
     9.32399    -0.14867    -0.07313    -0.36973    -0.08602     0.00000     0.00000     0.00000     0.00000     0.00000    -0.67755
     9.42199    -0.15991    -0.11328    -0.47614    -0.09875     0.00000     0.00000     0.00000     0.00000     0.00000    -0.84808
     9.51899    -0.12234    -0.07218    -0.41454    -0.05762     0.00000     0.00000     0.00000     0.00000     0.00000    -0.66667
     9.61699    -0.23893    -0.15798    -0.35118    -0.13719     0.00000     0.00000     0.00000     0.00000     0.00000    -0.88529
     9.71499    -0.03605    -0.03623    -0.08300    -0.02708     0.00000     0.00000     0.00000     0.00000     0.00000    -0.18235
     9.81199    -0.19821    -0.12197    -0.36502    -0.11752     0.00000     0.00000     0.00000     0.00000     0.00000    -0.80272
     9.90999    -0.28329    -0.16865    -0.44046    -0.18575     0.00000     0.00000     0.00000     0.00000     0.00000    -1.07815
    10.00699    -0.12371    -0.07960    -0.20258    -0.06755     0.00000     0.00000     0.00000     0.00000     0.00000    -0.47345
    10.10499    -0.15984    -0.10453    -0.31180    -0.09902     0.00000     0.00000     0.00000     0.00000     0.00000    -0.67519
    10.20299    -0.16441    -0.10353    -0.26929    -0.09576     0.00000     0.00000     0.00000     0.00000     0.00000    -0.63299
    10.29999    -0.03569    -0.02215    -0.04677    -0.01973     0.00000     0.00000     0.00000     0.00000     0.00000    -0.12433
    10.39799     0.00000     0.00000     0.00000     0.00000     0.00000     0.00000     0.00000     0.00000     0.00000     0.00000
    10.49599     0.00000     0.00000     0.00000     0.00000     0.00000     0.00000     0.00000     0.00000     0.00000     0.00000
    10.59299     0.00000     0.00000     0.00000     0.00000     0.00000     0.00000     0.00000     0.00000     0.00000     0.00000
    10.69099     0.00000     0.00000     0.00000     0.00000     0.00000     0.00000     0.00000     0.00000     0.00000     0.00000
    10.78899     0.00000     0.00000     0.00000     0.00000     0.00000     0.00000     0.00000     0.00000     0.00000     0.00000
    10.88599     0.00000     0.00000     0.00000     0.00000     0.00000     0.00000     0.00000     0.00000     0.00000     0.00000
    10.98399     0.00000     0.00000     0.00000     0.00000     0.00000     0.00000     0.00000     0.00000     0.00000     0.00000
    11.08099     0.00000     0.00000     0.00000     0.00000     0.00000     0.00000     0.00000     0.00000     0.00000     0.00000
    11.17899     0.00000     0.00000     0.00000     0.00000     0.00000     0.00000     0.00000     0.00000     0.00000     0.00000
    11.27699     0.00000     0.00000     0.00000     0.00000     0.00000     0.00000     0.00000     0.00000     0.00000     0.00000
    11.37399     0.00000     0.00000     0.00000     0.00000     0.00000     0.00000     0.00000     0.00000     0.00000     0.00000
    11.47199     0.00000     0.00000     0.00000     0.00000     0.00000     0.00000     0.00000     0.00000     0.00000     0.00000
    11.56999     0.00000     0.00000     0.00000     0.00000     0.00000     0.00000     0.00000     0.00000     0.00000     0.00000
    11.66699     0.00000     0.00000     0.00000     0.00000     0.00000     0.00000     0.00000     0.00000     0.00000     0.00000
