     #Energy           s          py          pz          px         dxy         dyz         dz2         dxz         dx2       tot  
   -17.62301     0.00000     0.00000     0.00000     0.00000     0.00000     0.00000     0.00000     0.00000     0.00000     0.00000
   -17.52501     0.00000     0.00000     0.00000     0.00000     0.00000     0.00000     0.00000     0.00000     0.00000     0.00000
   -17.42801     0.00000     0.00000     0.00000     0.00000     0.00000     0.00000     0.00000     0.00000     0.00000     0.00000
   -17.33001     0.00000     0.00000     0.00000     0.00000     0.00000     0.00000     0.00000     0.00000     0.00000     0.00000
   -17.23201     0.00000     0.00000     0.00000     0.00000     0.00000     0.00000     0.00000     0.00000     0.00000     0.00000
   -17.13501     0.00000     0.00000     0.00000     0.00000     0.00000     0.00000     0.00000     0.00000     0.00000     0.00000
   -17.03701     0.00000     0.00000     0.00000     0.00000     0.00000     0.00000     0.00000     0.00000     0.00000     0.00000
   -16.93901     0.00000     0.00000     0.00000     0.00000     0.00000     0.00000     0.00000     0.00000     0.00000     0.00000
   -16.84201     0.00000     0.00000     0.00000     0.00000     0.00000     0.00000     0.00000     0.00000     0.00000     0.00000
   -16.74401     0.00000     0.00000     0.00000     0.00000     0.00000     0.00000     0.00000     0.00000     0.00000     0.00000
   -16.64601     0.00000     0.00000     0.00000     0.00000     0.00000     0.00000     0.00000     0.00000     0.00000     0.00000
   -16.54901     0.00000     0.00000     0.00000     0.00000     0.00000     0.00000     0.00000     0.00000     0.00000     0.00000
   -16.45101     0.00000     0.00000     0.00000     0.00000     0.00000     0.00000     0.00000     0.00000     0.00000     0.00000
   -16.35401     0.00000     0.00000     0.00000     0.00000     0.00000     0.00000     0.00000     0.00000     0.00000     0.00000
   -16.25601     0.00000     0.00000     0.00000     0.00000     0.00000     0.00000     0.00000     0.00000     0.00000     0.00000
   -16.15801     0.00000     0.00000     0.00000     0.00000     0.00000     0.00000     0.00000     0.00000     0.00000     0.00000
   -16.06101     0.00000     0.00000     0.00000     0.00000     0.00000     0.00000     0.00000     0.00000     0.00000     0.00000
   -15.96301     0.00000     0.00000     0.00000     0.00000     0.00000     0.00000     0.00000     0.00000     0.00000     0.00000
   -15.86501     0.00000     0.00000     0.00000     0.00000     0.00000     0.00000     0.00000     0.00000     0.00000     0.00000
   -15.76801     0.00000     0.00000     0.00000     0.00000     0.00000     0.00000     0.00000     0.00000     0.00000     0.00000
   -15.67001     0.00000     0.00000     0.00000     0.00000     0.00000     0.00000     0.00000     0.00000     0.00000     0.00000
   -15.57301     0.00000     0.00000     0.00000     0.00000     0.00000     0.00000     0.00000     0.00000     0.00000     0.00000
   -15.47501     0.00000     0.00000     0.00000     0.00000     0.00000     0.00000     0.00000     0.00000     0.00000     0.00000
   -15.37701    -7.05640    -0.00502    -0.02658    -0.00506    -0.00056    -0.00072    -0.00002    -0.00072    -0.00056    -7.09564
   -15.28001    -8.24936    -0.00808    -0.02913    -0.00764    -0.00062    -0.00089    -0.00000    -0.00088    -0.00063    -8.29724
   -15.18201    -8.72740    -0.00974    -0.02885    -0.01006    -0.00065    -0.00098    -0.00000    -0.00101    -0.00065    -8.77936
   -15.08401   -10.27720    -0.01389    -0.03168    -0.01182    -0.00076    -0.00130    -0.00002    -0.00116    -0.00079   -10.33863
   -14.98701     0.00000     0.00000     0.00000     0.00000     0.00000     0.00000     0.00000     0.00000     0.00000     0.00000
   -14.88901   -16.40490    -0.01684    -0.04298    -0.01688    -0.00105    -0.00190    -0.00014    -0.00185    -0.00102   -16.48755
   -14.79101   -22.72850    -0.01418    -0.02528    -0.01418    -0.00155    -0.00167    -0.00161    -0.00167    -0.00155   -22.79020
   -14.69401   -60.20700    -0.02792    -0.08554    -0.02802    -0.00398    -0.00468    -0.00198    -0.00459    -0.00386   -60.36756
   -14.59601   -14.87390    -0.00672    -0.02441    -0.00688    -0.00067    -0.00155    -0.00032    -0.00165    -0.00072   -14.91683
   -14.49901  -131.93700    -0.02010    -0.13827    -0.01613    -0.00955    -0.00591    -0.00034    -0.00511    -0.00803  -132.14043
   -14.40101     0.00000     0.00000     0.00000     0.00000     0.00000     0.00000     0.00000     0.00000     0.00000     0.00000
   -14.30301     0.00000     0.00000     0.00000     0.00000     0.00000     0.00000     0.00000     0.00000     0.00000     0.00000
   -14.20601     0.00000     0.00000     0.00000     0.00000     0.00000     0.00000     0.00000     0.00000     0.00000     0.00000
   -14.10801     0.00000     0.00000     0.00000     0.00000     0.00000     0.00000     0.00000     0.00000     0.00000     0.00000
   -14.01001     0.00000     0.00000     0.00000     0.00000     0.00000     0.00000     0.00000     0.00000     0.00000     0.00000
   -13.91301     0.00000     0.00000     0.00000     0.00000     0.00000     0.00000     0.00000     0.00000     0.00000     0.00000
   -13.81501     0.00000     0.00000     0.00000     0.00000     0.00000     0.00000     0.00000     0.00000     0.00000     0.00000
   -13.71701     0.00000     0.00000     0.00000     0.00000     0.00000     0.00000     0.00000     0.00000     0.00000     0.00000
   -13.62001     0.00000     0.00000     0.00000     0.00000     0.00000     0.00000     0.00000     0.00000     0.00000     0.00000
   -13.52201     0.00000     0.00000     0.00000     0.00000     0.00000     0.00000     0.00000     0.00000     0.00000     0.00000
   -13.42501     0.00000     0.00000     0.00000     0.00000     0.00000     0.00000     0.00000     0.00000     0.00000     0.00000
   -13.32701     0.00000     0.00000     0.00000     0.00000     0.00000     0.00000     0.00000     0.00000     0.00000     0.00000
   -13.22901     0.00000     0.00000     0.00000     0.00000     0.00000     0.00000     0.00000     0.00000     0.00000     0.00000
   -13.13201     0.00000     0.00000     0.00000     0.00000     0.00000     0.00000     0.00000     0.00000     0.00000     0.00000
   -13.03401     0.00000     0.00000     0.00000     0.00000     0.00000     0.00000     0.00000     0.00000     0.00000     0.00000
   -12.93601     0.00000     0.00000     0.00000     0.00000     0.00000     0.00000     0.00000     0.00000     0.00000     0.00000
   -12.83901     0.00000     0.00000     0.00000     0.00000     0.00000     0.00000     0.00000     0.00000     0.00000     0.00000
   -12.74101     0.00000     0.00000     0.00000     0.00000     0.00000     0.00000     0.00000     0.00000     0.00000     0.00000
   -12.64401     0.00000     0.00000     0.00000     0.00000     0.00000     0.00000     0.00000     0.00000     0.00000     0.00000
   -12.54601     0.00000     0.00000     0.00000     0.00000     0.00000     0.00000     0.00000     0.00000     0.00000     0.00000
   -12.44801     0.00000     0.00000     0.00000     0.00000     0.00000     0.00000     0.00000     0.00000     0.00000     0.00000
   -12.35101     0.00000     0.00000     0.00000     0.00000     0.00000     0.00000     0.00000     0.00000     0.00000     0.00000
   -12.25301     0.00000     0.00000     0.00000     0.00000     0.00000     0.00000     0.00000     0.00000     0.00000     0.00000
   -12.15501     0.00000     0.00000     0.00000     0.00000     0.00000     0.00000     0.00000     0.00000     0.00000     0.00000
   -12.05801     0.00000     0.00000     0.00000     0.00000     0.00000     0.00000     0.00000     0.00000     0.00000     0.00000
   -11.96001     0.00000     0.00000     0.00000     0.00000     0.00000     0.00000     0.00000     0.00000     0.00000     0.00000
   -11.86201     0.00000     0.00000     0.00000     0.00000     0.00000     0.00000     0.00000     0.00000     0.00000     0.00000
   -11.76501     0.00000     0.00000     0.00000     0.00000     0.00000     0.00000     0.00000     0.00000     0.00000     0.00000
   -11.66701     0.00000     0.00000     0.00000     0.00000     0.00000     0.00000     0.00000     0.00000     0.00000     0.00000
   -11.57001     0.00000     0.00000     0.00000     0.00000     0.00000     0.00000     0.00000     0.00000     0.00000     0.00000
   -11.47201     0.00000     0.00000     0.00000     0.00000     0.00000     0.00000     0.00000     0.00000     0.00000     0.00000
   -11.37401     0.00000     0.00000     0.00000     0.00000     0.00000     0.00000     0.00000     0.00000     0.00000     0.00000
   -11.27701     0.00000     0.00000     0.00000     0.00000     0.00000     0.00000     0.00000     0.00000     0.00000     0.00000
   -11.17901     0.00000     0.00000     0.00000     0.00000     0.00000     0.00000     0.00000     0.00000     0.00000     0.00000
   -11.08101     0.00000     0.00000     0.00000     0.00000     0.00000     0.00000     0.00000     0.00000     0.00000     0.00000
   -10.98401     0.00000     0.00000     0.00000     0.00000     0.00000     0.00000     0.00000     0.00000     0.00000     0.00000
   -10.88601     0.00000     0.00000     0.00000     0.00000     0.00000     0.00000     0.00000     0.00000     0.00000     0.00000
   -10.78801     0.00000     0.00000     0.00000     0.00000     0.00000     0.00000     0.00000     0.00000     0.00000     0.00000
   -10.69101     0.00000     0.00000     0.00000     0.00000     0.00000     0.00000     0.00000     0.00000     0.00000     0.00000
   -10.59301     0.00000     0.00000     0.00000     0.00000     0.00000     0.00000     0.00000     0.00000     0.00000     0.00000
   -10.49601     0.00000     0.00000     0.00000     0.00000     0.00000     0.00000     0.00000     0.00000     0.00000     0.00000
   -10.39801     0.00000     0.00000     0.00000     0.00000     0.00000     0.00000     0.00000     0.00000     0.00000     0.00000
   -10.30001     0.00000     0.00000     0.00000     0.00000     0.00000     0.00000     0.00000     0.00000     0.00000     0.00000
   -10.20301     0.00000     0.00000     0.00000     0.00000     0.00000     0.00000     0.00000     0.00000     0.00000     0.00000
   -10.10501     0.00000     0.00000     0.00000     0.00000     0.00000     0.00000     0.00000     0.00000     0.00000     0.00000
   -10.00701     0.00000     0.00000     0.00000     0.00000     0.00000     0.00000     0.00000     0.00000     0.00000     0.00000
    -9.91001     0.00000     0.00000     0.00000     0.00000     0.00000     0.00000     0.00000     0.00000     0.00000     0.00000
    -9.81201     0.00000     0.00000     0.00000     0.00000     0.00000     0.00000     0.00000     0.00000     0.00000     0.00000
    -9.71501     0.00000     0.00000     0.00000     0.00000     0.00000     0.00000     0.00000     0.00000     0.00000     0.00000
    -9.61701     0.00000     0.00000     0.00000     0.00000     0.00000     0.00000     0.00000     0.00000     0.00000     0.00000
    -9.51901     0.00000     0.00000     0.00000     0.00000     0.00000     0.00000     0.00000     0.00000     0.00000     0.00000
    -9.42201     0.00000     0.00000     0.00000     0.00000     0.00000     0.00000     0.00000     0.00000     0.00000     0.00000
    -9.32401     0.00000     0.00000     0.00000     0.00000     0.00000     0.00000     0.00000     0.00000     0.00000     0.00000
    -9.22601     0.00000     0.00000     0.00000     0.00000     0.00000     0.00000     0.00000     0.00000     0.00000     0.00000
    -9.12901     0.00000     0.00000     0.00000     0.00000     0.00000     0.00000     0.00000     0.00000     0.00000     0.00000
    -9.03101     0.00000     0.00000     0.00000     0.00000     0.00000     0.00000     0.00000     0.00000     0.00000     0.00000
    -8.93301     0.00000     0.00000     0.00000     0.00000     0.00000     0.00000     0.00000     0.00000     0.00000     0.00000
    -8.83601     0.00000     0.00000     0.00000     0.00000     0.00000     0.00000     0.00000     0.00000     0.00000     0.00000
    -8.73801     0.00000     0.00000     0.00000     0.00000     0.00000     0.00000     0.00000     0.00000     0.00000     0.00000
    -8.64101     0.00000     0.00000     0.00000     0.00000     0.00000     0.00000     0.00000     0.00000     0.00000     0.00000
    -8.54301     0.00000     0.00000     0.00000     0.00000     0.00000     0.00000     0.00000     0.00000     0.00000     0.00000
    -8.44501     0.00000     0.00000     0.00000     0.00000     0.00000     0.00000     0.00000     0.00000     0.00000     0.00000
    -8.34801     0.00000     0.00000     0.00000     0.00000     0.00000     0.00000     0.00000     0.00000     0.00000     0.00000
    -8.25001     0.00000     0.00000     0.00000     0.00000     0.00000     0.00000     0.00000     0.00000     0.00000     0.00000
    -8.15201     0.00000     0.00000     0.00000     0.00000     0.00000     0.00000     0.00000     0.00000     0.00000     0.00000
    -8.05501     0.00000     0.00000     0.00000     0.00000     0.00000     0.00000     0.00000     0.00000     0.00000     0.00000
    -7.95701     0.00000     0.00000     0.00000     0.00000     0.00000     0.00000     0.00000     0.00000     0.00000     0.00000
    -7.85901     0.00000     0.00000     0.00000     0.00000     0.00000     0.00000     0.00000     0.00000     0.00000     0.00000
    -7.76201     0.00000     0.00000     0.00000     0.00000     0.00000     0.00000     0.00000     0.00000     0.00000     0.00000
    -7.66401     0.00000     0.00000     0.00000     0.00000     0.00000     0.00000     0.00000     0.00000     0.00000     0.00000
    -7.56701     0.00000     0.00000     0.00000     0.00000     0.00000     0.00000     0.00000     0.00000     0.00000     0.00000
    -7.46901     0.00000     0.00000     0.00000     0.00000     0.00000     0.00000     0.00000     0.00000     0.00000     0.00000
    -7.37101     0.00000     0.00000     0.00000     0.00000     0.00000     0.00000     0.00000     0.00000     0.00000     0.00000
    -7.27401     0.00000     0.00000     0.00000     0.00000     0.00000     0.00000     0.00000     0.00000     0.00000     0.00000
    -7.17601     0.00000     0.00000     0.00000     0.00000     0.00000     0.00000     0.00000     0.00000     0.00000     0.00000
    -7.07801     0.00000     0.00000     0.00000     0.00000     0.00000     0.00000     0.00000     0.00000     0.00000     0.00000
    -6.98101     0.00000     0.00000     0.00000     0.00000     0.00000     0.00000     0.00000     0.00000     0.00000     0.00000
    -6.88301     0.00000     0.00000     0.00000     0.00000     0.00000     0.00000     0.00000     0.00000     0.00000     0.00000
    -6.78601     0.00000     0.00000     0.00000     0.00000     0.00000     0.00000     0.00000     0.00000     0.00000     0.00000
    -6.68801     0.00000     0.00000     0.00000     0.00000     0.00000     0.00000     0.00000     0.00000     0.00000     0.00000
    -6.59001     0.00000     0.00000     0.00000     0.00000     0.00000     0.00000     0.00000     0.00000     0.00000     0.00000
    -6.49301     0.00000     0.00000     0.00000     0.00000     0.00000     0.00000     0.00000     0.00000     0.00000     0.00000
    -6.39501     0.00000     0.00000     0.00000     0.00000     0.00000     0.00000     0.00000     0.00000     0.00000     0.00000
    -6.29701     0.00000     0.00000     0.00000     0.00000     0.00000     0.00000     0.00000     0.00000     0.00000     0.00000
    -6.20001     0.00000     0.00000     0.00000     0.00000     0.00000     0.00000     0.00000     0.00000     0.00000     0.00000
    -6.10201     0.00000     0.00000     0.00000     0.00000     0.00000     0.00000     0.00000     0.00000     0.00000     0.00000
    -6.00401     0.00000     0.00000     0.00000     0.00000     0.00000     0.00000     0.00000     0.00000     0.00000     0.00000
    -5.90701     0.00000     0.00000     0.00000     0.00000     0.00000     0.00000     0.00000     0.00000     0.00000     0.00000
    -5.80901     0.00000     0.00000     0.00000     0.00000     0.00000     0.00000     0.00000     0.00000     0.00000     0.00000
    -5.71201     0.00000     0.00000     0.00000     0.00000     0.00000     0.00000     0.00000     0.00000     0.00000     0.00000
    -5.61401     0.00000     0.00000     0.00000     0.00000     0.00000     0.00000     0.00000     0.00000     0.00000     0.00000
    -5.51601     0.00000     0.00000     0.00000     0.00000     0.00000     0.00000     0.00000     0.00000     0.00000     0.00000
    -5.41901     0.00000     0.00000     0.00000     0.00000     0.00000     0.00000     0.00000     0.00000     0.00000     0.00000
    -5.32101     0.00000     0.00000     0.00000     0.00000     0.00000     0.00000     0.00000     0.00000     0.00000     0.00000
    -5.22301     0.00000     0.00000     0.00000     0.00000     0.00000     0.00000     0.00000     0.00000     0.00000     0.00000
    -5.12601     0.00000     0.00000     0.00000     0.00000     0.00000     0.00000     0.00000     0.00000     0.00000     0.00000
    -5.02801     0.00000     0.00000     0.00000     0.00000     0.00000     0.00000     0.00000     0.00000     0.00000     0.00000
    -4.93001     0.00000     0.00000     0.00000     0.00000     0.00000     0.00000     0.00000     0.00000     0.00000     0.00000
    -4.83301    -0.18190    -2.15312    -0.65139    -2.24905    -0.00458    -0.01190    -0.00175    -0.01228    -0.00453    -5.27050
    -4.73501    -0.08672    -0.76404    -0.33644    -0.78239    -0.00126    -0.00454    -0.00071    -0.00455    -0.00126    -1.98191
    -4.63801     0.00000     0.00000     0.00000     0.00000     0.00000     0.00000     0.00000     0.00000     0.00000     0.00000
    -4.54001     0.00000     0.00000     0.00000     0.00000     0.00000     0.00000     0.00000     0.00000     0.00000     0.00000
    -4.44201    -0.73785    -2.37041    -6.12320    -2.41552    -0.00190    -0.02531    -0.00618    -0.02562    -0.00195   -11.70795
    -4.34501     0.00000     0.00000     0.00000     0.00000     0.00000     0.00000     0.00000     0.00000     0.00000     0.00000
    -4.24701    -0.06363    -2.34933    -0.85932    -1.71936    -0.00226    -0.00362    -0.00502    -0.00259    -0.00252    -5.00765
    -4.14901    -0.14567    -5.76690    -2.17493    -5.94395    -0.00900    -0.00956    -0.01871    -0.00990    -0.00900   -14.08762
    -4.05201    -0.12337    -5.40740    -2.78966    -5.55620    -0.01378    -0.01426    -0.01960    -0.01446    -0.01382   -13.95254
    -3.95401    -0.06700    -2.39476    -1.83467    -2.40732    -0.00524    -0.00880    -0.01302    -0.00882    -0.00510    -6.74474
    -3.85701    -0.14648    -7.75490    -4.92300    -7.94590    -0.01180    -0.02333    -0.04287    -0.02378    -0.01205   -20.88410
    -3.75901    -0.12090    -2.64051    -4.08250    -2.72170    -0.00673    -0.00907    -0.01584    -0.00925    -0.00673    -9.61324
    -3.66101    -0.07977    -2.23043    -2.61753    -1.76016    -0.00538    -0.00897    -0.01230    -0.00787    -0.00578    -6.72819
    -3.56401    -0.06531    -3.01216    -3.42000    -3.08561    -0.01279    -0.01250    -0.01450    -0.01278    -0.01278    -9.64844
    -3.46601    -0.02018    -1.00556    -1.03540    -0.95589    -0.00160    -0.00501    -0.00599    -0.00479    -0.00175    -3.03617
    -3.36801    -0.01906    -3.50781    -2.98281    -3.09061    -0.01225    -0.01015    -0.01552    -0.01015    -0.01136    -9.65971
    -3.27101    -0.01487    -0.89895    -0.60845    -0.89018    -0.00161    -0.00461    -0.00309    -0.00454    -0.00158    -2.42787
    -3.17301    -0.02223    -0.89706    -0.79583    -0.89183    -0.00165    -0.00481    -0.00306    -0.00479    -0.00164    -2.62290
    -3.07501    -0.04139    -4.08084    -1.46010    -4.08625    -0.01321    -0.01540    -0.00499    -0.01468    -0.01300    -9.72985
    -2.97801    -0.05285    -5.43820    -3.55298    -5.49070    -0.01022    -0.03159    -0.00538    -0.03267    -0.01088   -14.62547
    -2.88001    -0.01870    -4.37040    -0.77021    -4.47367    -0.01310    -0.01017    -0.00717    -0.01021    -0.01368    -9.68731
    -2.78301    -0.04121    -1.49753    -5.67310    -1.53857    -0.00286    -0.00184    -0.00398    -0.00184    -0.00317    -8.76411
    -2.68501    -0.07081    -4.03790    -6.11267    -3.97310    -0.01084    -0.01040    -0.00558    -0.01029    -0.01052   -14.24212
    -2.58701    -0.08848    -3.39348    -5.42800    -3.26470    -0.00928    -0.00501    -0.00729    -0.00491    -0.00914   -12.21028
    -2.49001    -0.07101    -3.47520    -9.63660    -3.37430    -0.00949    -0.00811    -0.00471    -0.00754    -0.00904   -16.59600
    -2.39201    -0.04438    -2.47228    -6.73980    -2.47489    -0.00626    -0.00426    -0.00408    -0.00410    -0.00665   -11.75670
    -2.29401     0.00000     0.00000     0.00000     0.00000     0.00000     0.00000     0.00000     0.00000     0.00000     0.00000
    -2.19701    -0.05411    -3.74110    -4.51540    -3.80171    -0.00914    -0.00539    -0.00827    -0.00547    -0.00947   -12.15007
    -2.09901    -0.03933    -4.23416    -2.53192    -4.37697    -0.01013    -0.00666    -0.00691    -0.00702    -0.00973   -11.22282
    -2.00101    -0.03234    -3.83195    -2.31512    -3.87166    -0.00895    -0.00582    -0.00574    -0.00601    -0.00912   -10.08671
    -1.90401    -0.06348    -6.60785    -5.36330    -6.64850    -0.01374    -0.00961    -0.00978    -0.00973    -0.01341   -18.73939
    -1.80601    -0.00111    -0.06615    -0.08251    -0.06498    -0.00015    -0.00006    -0.00012    -0.00006    -0.00015    -0.21527
    -1.70901    -0.00657    -0.80982    -0.85962    -0.98813    -0.00186    -0.00177    -0.00096    -0.00196    -0.00160    -2.67229
    -1.61101    -0.03849    -9.60080   -12.27300    -9.46220    -0.01397    -0.02043    -0.00576    -0.02028    -0.01416   -31.44908
    -1.51301    -0.00497    -0.84934    -0.60788    -0.86137    -0.00118    -0.00087    -0.00066    -0.00079    -0.00127    -2.32833
    -1.41601    -0.04407   -10.50430    -3.34286   -11.80470    -0.01465    -0.00614    -0.00637    -0.00682    -0.01646   -25.74636
    -1.31801    -0.00166    -2.16482    -0.14046    -2.09011    -0.00234    -0.00140    -0.00061    -0.00135    -0.00232    -4.40506
    -1.22001     0.00000     0.00000     0.00000     0.00000     0.00000     0.00000     0.00000     0.00000     0.00000     0.00000
    -1.12301     0.00000     0.00000     0.00000     0.00000     0.00000     0.00000     0.00000     0.00000     0.00000     0.00000
    -1.02501     0.00000     0.00000     0.00000     0.00000     0.00000     0.00000     0.00000     0.00000     0.00000     0.00000
    -0.92801     0.00000     0.00000     0.00000     0.00000     0.00000     0.00000     0.00000     0.00000     0.00000     0.00000
    -0.83001     0.00000     0.00000     0.00000     0.00000     0.00000     0.00000     0.00000     0.00000     0.00000     0.00000
    -0.73201     0.00000     0.00000     0.00000     0.00000     0.00000     0.00000     0.00000     0.00000     0.00000     0.00000
    -0.63501     0.00000     0.00000     0.00000     0.00000     0.00000     0.00000     0.00000     0.00000     0.00000     0.00000
    -0.53701     0.00000     0.00000     0.00000     0.00000     0.00000     0.00000     0.00000     0.00000     0.00000     0.00000
    -0.43901     0.00000     0.00000     0.00000     0.00000     0.00000     0.00000     0.00000     0.00000     0.00000     0.00000
    -0.34201     0.00000     0.00000     0.00000     0.00000     0.00000     0.00000     0.00000     0.00000     0.00000     0.00000
    -0.24401     0.00000     0.00000     0.00000     0.00000     0.00000     0.00000     0.00000     0.00000     0.00000     0.00000
    -0.14601     0.00000     0.00000     0.00000     0.00000     0.00000     0.00000     0.00000     0.00000     0.00000     0.00000
    -0.04901     0.00000     0.00000     0.00000     0.00000     0.00000     0.00000     0.00000     0.00000     0.00000     0.00000
     0.04899     0.00000     0.00000     0.00000     0.00000     0.00000     0.00000     0.00000     0.00000     0.00000     0.00000
     0.14599     0.00000     0.00000     0.00000     0.00000     0.00000     0.00000     0.00000     0.00000     0.00000     0.00000
     0.24399     0.00000     0.00000     0.00000     0.00000     0.00000     0.00000     0.00000     0.00000     0.00000     0.00000
     0.34199     0.00000     0.00000     0.00000     0.00000     0.00000     0.00000     0.00000     0.00000     0.00000     0.00000
     0.43899     0.00000     0.00000     0.00000     0.00000     0.00000     0.00000     0.00000     0.00000     0.00000     0.00000
     0.53699     0.00000     0.00000     0.00000     0.00000     0.00000     0.00000     0.00000     0.00000     0.00000     0.00000
     0.63499     0.00000     0.00000     0.00000     0.00000     0.00000     0.00000     0.00000     0.00000     0.00000     0.00000
     0.73199     0.00000     0.00000     0.00000     0.00000     0.00000     0.00000     0.00000     0.00000     0.00000     0.00000
     0.82999     0.00000     0.00000     0.00000     0.00000     0.00000     0.00000     0.00000     0.00000     0.00000     0.00000
     0.92799     0.00000     0.00000     0.00000     0.00000     0.00000     0.00000     0.00000     0.00000     0.00000     0.00000
     1.02499     0.00000     0.00000     0.00000     0.00000     0.00000     0.00000     0.00000     0.00000     0.00000     0.00000
     1.12299     0.00000     0.00000     0.00000     0.00000     0.00000     0.00000     0.00000     0.00000     0.00000     0.00000
     1.21999     0.00000     0.00000     0.00000     0.00000     0.00000     0.00000     0.00000     0.00000     0.00000     0.00000
     1.31799     0.00000     0.00000     0.00000     0.00000     0.00000     0.00000     0.00000     0.00000     0.00000     0.00000
     1.41599     0.00000     0.00000     0.00000     0.00000     0.00000     0.00000     0.00000     0.00000     0.00000     0.00000
     1.51299     0.00000     0.00000     0.00000     0.00000     0.00000     0.00000     0.00000     0.00000     0.00000     0.00000
     1.61099     0.00000     0.00000     0.00000     0.00000     0.00000     0.00000     0.00000     0.00000     0.00000     0.00000
     1.70899     0.00000     0.00000     0.00000     0.00000     0.00000     0.00000     0.00000     0.00000     0.00000     0.00000
     1.80599     0.00000     0.00000     0.00000     0.00000     0.00000     0.00000     0.00000     0.00000     0.00000     0.00000
     1.90399     0.00000     0.00000     0.00000     0.00000     0.00000     0.00000     0.00000     0.00000     0.00000     0.00000
     2.00099     0.00000     0.00000     0.00000     0.00000     0.00000     0.00000     0.00000     0.00000     0.00000     0.00000
     2.09899     0.00000     0.00000     0.00000     0.00000     0.00000     0.00000     0.00000     0.00000     0.00000     0.00000
     2.19699     0.00000     0.00000     0.00000     0.00000     0.00000     0.00000     0.00000     0.00000     0.00000     0.00000
     2.29399    -0.07662    -0.26401    -0.16747    -0.26182    -0.11274    -0.04980    -0.12878    -0.04970    -0.11364    -1.22458
     2.39199    -0.07873    -0.58522    -0.50979    -0.58620    -0.26164    -0.08599    -0.29481    -0.08537    -0.25964    -2.74738
     2.48999    -0.19535    -1.44013    -0.33989    -1.41214    -0.42402    -0.11587    -0.28583    -0.12484    -0.48826    -4.82632
     2.58699    -0.31689    -1.49306    -0.73472    -1.47018    -0.20516    -0.24678    -0.14991    -0.23590    -0.19445    -5.04706
     2.68499    -0.54235    -1.86430    -2.94832    -1.95946    -0.29444    -0.37363    -0.05425    -0.38843    -0.30083    -8.72601
     2.78299    -0.26470    -0.38864    -0.93428    -0.37456    -0.05138    -0.11924    -0.02387    -0.11753    -0.05155    -2.32576
     2.87999    -0.09913    -0.42899    -0.62899    -0.41981    -0.04532    -0.07474    -0.02473    -0.07409    -0.04647    -1.84227
     2.97799    -0.25256    -2.88693    -0.93106    -3.06677    -0.14222    -0.27977    -0.19611    -0.29579    -0.14572    -8.19694
     3.07499    -0.25895    -1.55370    -1.40712    -1.32584    -0.07678    -0.07506    -0.19511    -0.08756    -0.09306    -5.07319
     3.17299     0.00000     0.00000     0.00000     0.00000     0.00000     0.00000     0.00000     0.00000     0.00000     0.00000
     3.27099     0.00000     0.00000     0.00000     0.00000     0.00000     0.00000     0.00000     0.00000     0.00000     0.00000
     3.36799     0.00000     0.00000     0.00000     0.00000     0.00000     0.00000     0.00000     0.00000     0.00000     0.00000
     3.46599     0.00000     0.00000     0.00000     0.00000     0.00000     0.00000     0.00000     0.00000     0.00000     0.00000
     3.56399     0.00000     0.00000     0.00000     0.00000     0.00000     0.00000     0.00000     0.00000     0.00000     0.00000
     3.66099     0.00000     0.00000     0.00000     0.00000     0.00000     0.00000     0.00000     0.00000     0.00000     0.00000
     3.75899     0.00000     0.00000     0.00000     0.00000     0.00000     0.00000     0.00000     0.00000     0.00000     0.00000
     3.85699     0.00000     0.00000     0.00000     0.00000     0.00000     0.00000     0.00000     0.00000     0.00000     0.00000
     3.95399     0.00000     0.00000     0.00000     0.00000     0.00000     0.00000     0.00000     0.00000     0.00000     0.00000
     4.05199     0.00000     0.00000     0.00000     0.00000     0.00000     0.00000     0.00000     0.00000     0.00000     0.00000
     4.14899     0.00000     0.00000     0.00000     0.00000     0.00000     0.00000     0.00000     0.00000     0.00000     0.00000
     4.24699     0.00000     0.00000     0.00000     0.00000     0.00000     0.00000     0.00000     0.00000     0.00000     0.00000
     4.34499     0.00000     0.00000     0.00000     0.00000     0.00000     0.00000     0.00000     0.00000     0.00000     0.00000
     4.44199     0.00000     0.00000     0.00000     0.00000     0.00000     0.00000     0.00000     0.00000     0.00000     0.00000
     4.53999    -0.18405    -0.00937    -0.00805    -0.00918    -0.00026    -0.00051    -0.00057    -0.00035    -0.00022    -0.21256
     4.63799    -0.11120    -0.01299    -0.00729    -0.01298    -0.00022    -0.00041    -0.00067    -0.00030    -0.00020    -0.14626
     4.73499    -0.11751    -0.01948    -0.01215    -0.02009    -0.00059    -0.00083    -0.00137    -0.00064    -0.00044    -0.17310
     4.83299    -0.05600    -0.01106    -0.00967    -0.01163    -0.00075    -0.00088    -0.00128    -0.00069    -0.00049    -0.09246
     4.92999     0.00000     0.00000     0.00000     0.00000     0.00000     0.00000     0.00000     0.00000     0.00000     0.00000
     5.02799    -0.07958    -0.02651    -0.02343    -0.02287    -0.00063    -0.00108    -0.00239    -0.00081    -0.00059    -0.15789
     5.12599    -0.18561    -0.03664    -0.10436    -0.04099    -0.00120    -0.00173    -0.00400    -0.00159    -0.00103    -0.37716
     5.22299    -0.03314    -0.00930    -0.01901    -0.00813    -0.00035    -0.00055    -0.00107    -0.00050    -0.00038    -0.07242
     5.32099    -0.05464    -0.01836    -0.03791    -0.01734    -0.00069    -0.00137    -0.00276    -0.00118    -0.00066    -0.13493
     5.41899    -0.20695    -0.07340    -0.13041    -0.07057    -0.00544    -0.00914    -0.01219    -0.00697    -0.00479    -0.51987
     5.51599    -0.12737    -0.04273    -0.09666    -0.04516    -0.00262    -0.00482    -0.00733    -0.00438    -0.00292    -0.33399
     5.61399    -0.08703    -0.03092    -0.06796    -0.03025    -0.00202    -0.00388    -0.00542    -0.00334    -0.00224    -0.23306
     5.71199    -0.24463    -0.08929    -0.16708    -0.08921    -0.01140    -0.01716    -0.01616    -0.01747    -0.01228    -0.66467
     5.80899    -0.21825    -0.06036    -0.16909    -0.06246    -0.03092    -0.04861    -0.01686    -0.05235    -0.03679    -0.69568
     5.90699    -0.21849    -0.06211    -0.14915    -0.08793    -0.06189    -0.09926    -0.02361    -0.14124    -0.08254    -0.92621
     6.00399    -0.49737    -0.20510    -0.24048    -0.19225    -0.25084    -0.42738    -0.03981    -0.41973    -0.24994    -2.52289
     6.10199    -0.51064    -0.21529    -0.28164    -0.20125    -0.14238    -0.28057    -0.11551    -0.26198    -0.13149    -2.14073
     6.19999    -0.34763    -0.18054    -0.18981    -0.17203    -0.13149    -0.25556    -0.02784    -0.22928    -0.11492    -1.64909
     6.29699    -0.18527    -0.09099    -0.08651    -0.08608    -0.06029    -0.11078    -0.05395    -0.12026    -0.06336    -0.85749
     6.39499    -0.54510    -0.27495    -0.28154    -0.29473    -0.23916    -0.41418    -0.07074    -0.37721    -0.21590    -2.71352
     6.49299    -0.47686    -0.22918    -0.20606    -0.24851    -0.15846    -0.27588    -0.07594    -0.26928    -0.14789    -2.08805
     6.58999    -0.79933    -0.32586    -0.32470    -0.34814    -0.25594    -0.29362    -0.12737    -0.28673    -0.27573    -3.03743
     6.68799    -0.61326    -0.26100    -0.30109    -0.24488    -0.20861    -0.21207    -0.10153    -0.20694    -0.17243    -2.32181
     6.78599    -0.67530    -0.28616    -0.44263    -0.27076    -0.23295    -0.19842    -0.09014    -0.20393    -0.22793    -2.62822
     6.88299    -0.83868    -0.38113    -0.49483    -0.37851    -0.28930    -0.32015    -0.20404    -0.33378    -0.32058    -3.56100
     6.98099    -0.49495    -0.22811    -0.35785    -0.23222    -0.17364    -0.17985    -0.15751    -0.20600    -0.17511    -2.20524
     7.07799    -0.50654    -0.24235    -0.43557    -0.27554    -0.17760    -0.28035    -0.15229    -0.28262    -0.17188    -2.52475
     7.17599    -0.45441    -0.26998    -0.33344    -0.25050    -0.19051    -0.21655    -0.18604    -0.22071    -0.19987    -2.32201
     7.27399    -0.44924    -0.27534    -0.38308    -0.29973    -0.22621    -0.27792    -0.13901    -0.27031    -0.24042    -2.56126
     7.37099    -0.49325    -0.26366    -0.31482    -0.23366    -0.23154    -0.21302    -0.26124    -0.24716    -0.24448    -2.50283
     7.46899    -0.53630    -0.32630    -0.37065    -0.31753    -0.28114    -0.34677    -0.24149    -0.36460    -0.26578    -3.05056
     7.56699    -0.42967    -0.24984    -0.30620    -0.25137    -0.22865    -0.21430    -0.16820    -0.19599    -0.22122    -2.26544
     7.66399    -0.51613    -0.31155    -0.34125    -0.30371    -0.27682    -0.26109    -0.25940    -0.27729    -0.26767    -2.81492
     7.76199    -0.41330    -0.24359    -0.34663    -0.25619    -0.21642    -0.32811    -0.23681    -0.28700    -0.23157    -2.55962
     7.85999    -0.36525    -0.21240    -0.48163    -0.22395    -0.25034    -0.26594    -0.26383    -0.35796    -0.26258    -2.68389
     7.95699    -0.30332    -0.22358    -0.33028    -0.21428    -0.23696    -0.21035    -0.24114    -0.24262    -0.21926    -2.22177
     8.05499    -0.42220    -0.32494    -0.47908    -0.32390    -0.43833    -0.33966    -0.41248    -0.34310    -0.50870    -3.59238
     8.15199    -0.17425    -0.17773    -0.24847    -0.17769    -0.25598    -0.24013    -0.26994    -0.22513    -0.25218    -2.02150
     8.24999    -0.23501    -0.26607    -0.36608    -0.28812    -0.37349    -0.40650    -0.34245    -0.32270    -0.31185    -2.91228
     8.34799    -0.16788    -0.26332    -0.45925    -0.29163    -0.34064    -0.37561    -0.27709    -0.38832    -0.32905    -2.89278
     8.44499    -0.14510    -0.20745    -0.29994    -0.29378    -0.21998    -0.26229    -0.34393    -0.31457    -0.23463    -2.32166
     8.54299    -0.15971    -0.35798    -0.38015    -0.36398    -0.39543    -0.39780    -0.43310    -0.38711    -0.37907    -3.25434
     8.64099    -0.12515    -0.40989    -0.34650    -0.38788    -0.45400    -0.42867    -0.43491    -0.39857    -0.46284    -3.44839
     8.73799    -0.05776    -0.24393    -0.20581    -0.26139    -0.38148    -0.24011    -0.26125    -0.23481    -0.38352    -2.27006
     8.83599    -0.06461    -0.25145    -0.18218    -0.22683    -0.34136    -0.19429    -0.21393    -0.18652    -0.34883    -2.01000
     8.93299    -0.14159    -0.53215    -0.45745    -0.52279    -0.77664    -0.46771    -0.47728    -0.51959    -0.87847    -4.77368
     9.03099    -0.13156    -0.58383    -0.40102    -0.55989    -0.84031    -0.52703    -0.44339    -0.48624    -0.90205    -4.87532
     9.12899    -0.13231    -0.51865    -0.41609    -0.56457    -0.71732    -0.50338    -0.37940    -0.46342    -0.67772    -4.37286
     9.22599    -0.11954    -0.38546    -0.28629    -0.43500    -0.53560    -0.37694    -0.34131    -0.38082    -0.50187    -3.36283
     9.32399    -0.12884    -0.40181    -0.29837    -0.40856    -0.52411    -0.40832    -0.40453    -0.40664    -0.51527    -3.49645
     9.42199    -0.16561    -0.47386    -0.41125    -0.50072    -0.62443    -0.49172    -0.58475    -0.52163    -0.59227    -4.36624
     9.51899    -0.10621    -0.39848    -0.29249    -0.36131    -0.40927    -0.33865    -0.42889    -0.40623    -0.44053    -3.18206
     9.61699    -0.23728    -0.93195    -0.66358    -0.88202    -0.86191    -0.92218    -1.00313    -0.91595    -0.90618    -7.32418
     9.71499    -0.03020    -0.15407    -0.09823    -0.15922    -0.19690    -0.15723    -0.17327    -0.14989    -0.15113    -1.27013
     9.81199    -0.15369    -0.81775    -0.56229    -0.83230    -0.79545    -1.04821    -0.87493    -0.98978    -0.63268    -6.70708
     9.90999    -0.24892    -1.31822    -0.87140    -1.01590    -0.91918    -0.95533    -1.38878    -0.86992    -0.99423    -8.58188
    10.00699    -0.11596    -0.70412    -0.48981    -0.69441    -0.53608    -0.68549    -0.92226    -0.84840    -0.57302    -5.56955
    10.10499    -0.13195    -0.79631    -0.47341    -0.89052    -0.69829    -0.77955    -0.93053    -0.85811    -0.62907    -6.18774
    10.20299    -0.10110    -0.68564    -0.40682    -0.75364    -0.64303    -0.74172    -0.83880    -0.80614    -0.68444    -5.66133
    10.29999    -0.02381    -0.16753    -0.08657    -0.20028    -0.12308    -0.16129    -0.21417    -0.16424    -0.13462    -1.27560
    10.39799     0.00000     0.00000     0.00000     0.00000     0.00000     0.00000     0.00000     0.00000     0.00000     0.00000
    10.49599     0.00000     0.00000     0.00000     0.00000     0.00000     0.00000     0.00000     0.00000     0.00000     0.00000
    10.59299     0.00000     0.00000     0.00000     0.00000     0.00000     0.00000     0.00000     0.00000     0.00000     0.00000
    10.69099     0.00000     0.00000     0.00000     0.00000     0.00000     0.00000     0.00000     0.00000     0.00000     0.00000
    10.78899     0.00000     0.00000     0.00000     0.00000     0.00000     0.00000     0.00000     0.00000     0.00000     0.00000
    10.88599     0.00000     0.00000     0.00000     0.00000     0.00000     0.00000     0.00000     0.00000     0.00000     0.00000
    10.98399     0.00000     0.00000     0.00000     0.00000     0.00000     0.00000     0.00000     0.00000     0.00000     0.00000
    11.08099     0.00000     0.00000     0.00000     0.00000     0.00000     0.00000     0.00000     0.00000     0.00000     0.00000
    11.17899     0.00000     0.00000     0.00000     0.00000     0.00000     0.00000     0.00000     0.00000     0.00000     0.00000
    11.27699     0.00000     0.00000     0.00000     0.00000     0.00000     0.00000     0.00000     0.00000     0.00000     0.00000
    11.37399     0.00000     0.00000     0.00000     0.00000     0.00000     0.00000     0.00000     0.00000     0.00000     0.00000
    11.47199     0.00000     0.00000     0.00000     0.00000     0.00000     0.00000     0.00000     0.00000     0.00000     0.00000
    11.56999     0.00000     0.00000     0.00000     0.00000     0.00000     0.00000     0.00000     0.00000     0.00000     0.00000
    11.66699     0.00000     0.00000     0.00000     0.00000     0.00000     0.00000     0.00000     0.00000     0.00000     0.00000
