     #Energy           s          py          pz          px         dxy         dyz         dz2         dxz         dx2       tot  
   -17.62301     0.00000     0.00000     0.00000     0.00000     0.00000     0.00000     0.00000     0.00000     0.00000     0.00000
   -17.52501     0.00000     0.00000     0.00000     0.00000     0.00000     0.00000     0.00000     0.00000     0.00000     0.00000
   -17.42801     0.00000     0.00000     0.00000     0.00000     0.00000     0.00000     0.00000     0.00000     0.00000     0.00000
   -17.33001     0.00000     0.00000     0.00000     0.00000     0.00000     0.00000     0.00000     0.00000     0.00000     0.00000
   -17.23201     0.00000     0.00000     0.00000     0.00000     0.00000     0.00000     0.00000     0.00000     0.00000     0.00000
   -17.13501     0.00000     0.00000     0.00000     0.00000     0.00000     0.00000     0.00000     0.00000     0.00000     0.00000
   -17.03701     0.00000     0.00000     0.00000     0.00000     0.00000     0.00000     0.00000     0.00000     0.00000     0.00000
   -16.93901     0.00000     0.00000     0.00000     0.00000     0.00000     0.00000     0.00000     0.00000     0.00000     0.00000
   -16.84201     0.00000     0.00000     0.00000     0.00000     0.00000     0.00000     0.00000     0.00000     0.00000     0.00000
   -16.74401     0.00000     0.00000     0.00000     0.00000     0.00000     0.00000     0.00000     0.00000     0.00000     0.00000
   -16.64601     0.00000     0.00000     0.00000     0.00000     0.00000     0.00000     0.00000     0.00000     0.00000     0.00000
   -16.54901     0.00000     0.00000     0.00000     0.00000     0.00000     0.00000     0.00000     0.00000     0.00000     0.00000
   -16.45101     0.00000     0.00000     0.00000     0.00000     0.00000     0.00000     0.00000     0.00000     0.00000     0.00000
   -16.35401     0.00000     0.00000     0.00000     0.00000     0.00000     0.00000     0.00000     0.00000     0.00000     0.00000
   -16.25601     0.00000     0.00000     0.00000     0.00000     0.00000     0.00000     0.00000     0.00000     0.00000     0.00000
   -16.15801     0.00000     0.00000     0.00000     0.00000     0.00000     0.00000     0.00000     0.00000     0.00000     0.00000
   -16.06101     0.00000     0.00000     0.00000     0.00000     0.00000     0.00000     0.00000     0.00000     0.00000     0.00000
   -15.96301     0.00000     0.00000     0.00000     0.00000     0.00000     0.00000     0.00000     0.00000     0.00000     0.00000
   -15.86501     0.00000     0.00000     0.00000     0.00000     0.00000     0.00000     0.00000     0.00000     0.00000     0.00000
   -15.76801     0.00000     0.00000     0.00000     0.00000     0.00000     0.00000     0.00000     0.00000     0.00000     0.00000
   -15.67001     0.00000     0.00000     0.00000     0.00000     0.00000     0.00000     0.00000     0.00000     0.00000     0.00000
   -15.57301     0.00000     0.00000     0.00000     0.00000     0.00000     0.00000     0.00000     0.00000     0.00000     0.00000
   -15.47501     0.00000     0.00000     0.00000     0.00000     0.00000     0.00000     0.00000     0.00000     0.00000     0.00000
   -15.37701     0.00000     0.00000     0.00000     0.00000     0.00000     0.00000     0.00000     0.00000     0.00000     0.00000
   -15.28001     6.68420     0.00558     0.02576     0.00562     0.00038     0.00052     0.00001     0.00052     0.00038     6.72297
   -15.18201    11.77830     0.01246     0.04251     0.01273     0.00064     0.00098     0.00000     0.00099     0.00064    11.84927
   -15.08401     9.27530     0.01082     0.03092     0.01241     0.00052     0.00079     0.00001     0.00088     0.00050     9.33215
   -14.98701     5.24830     0.00710     0.01631     0.00676     0.00029     0.00050     0.00001     0.00048     0.00030     5.28005
   -14.88901     0.00000     0.00000     0.00000     0.00000     0.00000     0.00000     0.00000     0.00000     0.00000     0.00000
   -14.79101    10.58220     0.01157     0.02744     0.01158     0.00049     0.00096     0.00009     0.00095     0.00049    10.63577
   -14.69401    28.40770     0.01829     0.03216     0.01865     0.00131     0.00147     0.00211     0.00153     0.00136    28.48458
   -14.59601    43.97300     0.01915     0.05366     0.01934     0.00211     0.00223     0.00170     0.00218     0.00204    44.07542
   -14.49901   136.30800     0.04397     0.09284     0.04245     0.00683     0.00494     0.00179     0.00504     0.00695   136.51283
   -14.40101     0.00000     0.00000     0.00000     0.00000     0.00000     0.00000     0.00000     0.00000     0.00000     0.00000
   -14.30301     0.00000     0.00000     0.00000     0.00000     0.00000     0.00000     0.00000     0.00000     0.00000     0.00000
   -14.20601     0.00000     0.00000     0.00000     0.00000     0.00000     0.00000     0.00000     0.00000     0.00000     0.00000
   -14.10801     0.00000     0.00000     0.00000     0.00000     0.00000     0.00000     0.00000     0.00000     0.00000     0.00000
   -14.01001     0.00000     0.00000     0.00000     0.00000     0.00000     0.00000     0.00000     0.00000     0.00000     0.00000
   -13.91301     0.00000     0.00000     0.00000     0.00000     0.00000     0.00000     0.00000     0.00000     0.00000     0.00000
   -13.81501     0.00000     0.00000     0.00000     0.00000     0.00000     0.00000     0.00000     0.00000     0.00000     0.00000
   -13.71701     0.00000     0.00000     0.00000     0.00000     0.00000     0.00000     0.00000     0.00000     0.00000     0.00000
   -13.62001     0.00000     0.00000     0.00000     0.00000     0.00000     0.00000     0.00000     0.00000     0.00000     0.00000
   -13.52201     0.00000     0.00000     0.00000     0.00000     0.00000     0.00000     0.00000     0.00000     0.00000     0.00000
   -13.42501     0.00000     0.00000     0.00000     0.00000     0.00000     0.00000     0.00000     0.00000     0.00000     0.00000
   -13.32701     0.00000     0.00000     0.00000     0.00000     0.00000     0.00000     0.00000     0.00000     0.00000     0.00000
   -13.22901     0.00000     0.00000     0.00000     0.00000     0.00000     0.00000     0.00000     0.00000     0.00000     0.00000
   -13.13201     0.00000     0.00000     0.00000     0.00000     0.00000     0.00000     0.00000     0.00000     0.00000     0.00000
   -13.03401     0.00000     0.00000     0.00000     0.00000     0.00000     0.00000     0.00000     0.00000     0.00000     0.00000
   -12.93601     0.00000     0.00000     0.00000     0.00000     0.00000     0.00000     0.00000     0.00000     0.00000     0.00000
   -12.83901     0.00000     0.00000     0.00000     0.00000     0.00000     0.00000     0.00000     0.00000     0.00000     0.00000
   -12.74101     0.00000     0.00000     0.00000     0.00000     0.00000     0.00000     0.00000     0.00000     0.00000     0.00000
   -12.64401     0.00000     0.00000     0.00000     0.00000     0.00000     0.00000     0.00000     0.00000     0.00000     0.00000
   -12.54601     0.00000     0.00000     0.00000     0.00000     0.00000     0.00000     0.00000     0.00000     0.00000     0.00000
   -12.44801     0.00000     0.00000     0.00000     0.00000     0.00000     0.00000     0.00000     0.00000     0.00000     0.00000
   -12.35101     0.00000     0.00000     0.00000     0.00000     0.00000     0.00000     0.00000     0.00000     0.00000     0.00000
   -12.25301     0.00000     0.00000     0.00000     0.00000     0.00000     0.00000     0.00000     0.00000     0.00000     0.00000
   -12.15501     0.00000     0.00000     0.00000     0.00000     0.00000     0.00000     0.00000     0.00000     0.00000     0.00000
   -12.05801     0.00000     0.00000     0.00000     0.00000     0.00000     0.00000     0.00000     0.00000     0.00000     0.00000
   -11.96001     0.00000     0.00000     0.00000     0.00000     0.00000     0.00000     0.00000     0.00000     0.00000     0.00000
   -11.86201     0.00000     0.00000     0.00000     0.00000     0.00000     0.00000     0.00000     0.00000     0.00000     0.00000
   -11.76501     0.00000     0.00000     0.00000     0.00000     0.00000     0.00000     0.00000     0.00000     0.00000     0.00000
   -11.66701     0.00000     0.00000     0.00000     0.00000     0.00000     0.00000     0.00000     0.00000     0.00000     0.00000
   -11.57001     0.00000     0.00000     0.00000     0.00000     0.00000     0.00000     0.00000     0.00000     0.00000     0.00000
   -11.47201     0.00000     0.00000     0.00000     0.00000     0.00000     0.00000     0.00000     0.00000     0.00000     0.00000
   -11.37401     0.00000     0.00000     0.00000     0.00000     0.00000     0.00000     0.00000     0.00000     0.00000     0.00000
   -11.27701     0.00000     0.00000     0.00000     0.00000     0.00000     0.00000     0.00000     0.00000     0.00000     0.00000
   -11.17901     0.00000     0.00000     0.00000     0.00000     0.00000     0.00000     0.00000     0.00000     0.00000     0.00000
   -11.08101     0.00000     0.00000     0.00000     0.00000     0.00000     0.00000     0.00000     0.00000     0.00000     0.00000
   -10.98401     0.00000     0.00000     0.00000     0.00000     0.00000     0.00000     0.00000     0.00000     0.00000     0.00000
   -10.88601     0.00000     0.00000     0.00000     0.00000     0.00000     0.00000     0.00000     0.00000     0.00000     0.00000
   -10.78801     0.00000     0.00000     0.00000     0.00000     0.00000     0.00000     0.00000     0.00000     0.00000     0.00000
   -10.69101     0.00000     0.00000     0.00000     0.00000     0.00000     0.00000     0.00000     0.00000     0.00000     0.00000
   -10.59301     0.00000     0.00000     0.00000     0.00000     0.00000     0.00000     0.00000     0.00000     0.00000     0.00000
   -10.49601     0.00000     0.00000     0.00000     0.00000     0.00000     0.00000     0.00000     0.00000     0.00000     0.00000
   -10.39801     0.00000     0.00000     0.00000     0.00000     0.00000     0.00000     0.00000     0.00000     0.00000     0.00000
   -10.30001     0.00000     0.00000     0.00000     0.00000     0.00000     0.00000     0.00000     0.00000     0.00000     0.00000
   -10.20301     0.00000     0.00000     0.00000     0.00000     0.00000     0.00000     0.00000     0.00000     0.00000     0.00000
   -10.10501     0.00000     0.00000     0.00000     0.00000     0.00000     0.00000     0.00000     0.00000     0.00000     0.00000
   -10.00701     0.00000     0.00000     0.00000     0.00000     0.00000     0.00000     0.00000     0.00000     0.00000     0.00000
    -9.91001     0.00000     0.00000     0.00000     0.00000     0.00000     0.00000     0.00000     0.00000     0.00000     0.00000
    -9.81201     0.00000     0.00000     0.00000     0.00000     0.00000     0.00000     0.00000     0.00000     0.00000     0.00000
    -9.71501     0.00000     0.00000     0.00000     0.00000     0.00000     0.00000     0.00000     0.00000     0.00000     0.00000
    -9.61701     0.00000     0.00000     0.00000     0.00000     0.00000     0.00000     0.00000     0.00000     0.00000     0.00000
    -9.51901     0.00000     0.00000     0.00000     0.00000     0.00000     0.00000     0.00000     0.00000     0.00000     0.00000
    -9.42201     0.00000     0.00000     0.00000     0.00000     0.00000     0.00000     0.00000     0.00000     0.00000     0.00000
    -9.32401     0.00000     0.00000     0.00000     0.00000     0.00000     0.00000     0.00000     0.00000     0.00000     0.00000
    -9.22601     0.00000     0.00000     0.00000     0.00000     0.00000     0.00000     0.00000     0.00000     0.00000     0.00000
    -9.12901     0.00000     0.00000     0.00000     0.00000     0.00000     0.00000     0.00000     0.00000     0.00000     0.00000
    -9.03101     0.00000     0.00000     0.00000     0.00000     0.00000     0.00000     0.00000     0.00000     0.00000     0.00000
    -8.93301     0.00000     0.00000     0.00000     0.00000     0.00000     0.00000     0.00000     0.00000     0.00000     0.00000
    -8.83601     0.00000     0.00000     0.00000     0.00000     0.00000     0.00000     0.00000     0.00000     0.00000     0.00000
    -8.73801     0.00000     0.00000     0.00000     0.00000     0.00000     0.00000     0.00000     0.00000     0.00000     0.00000
    -8.64101     0.00000     0.00000     0.00000     0.00000     0.00000     0.00000     0.00000     0.00000     0.00000     0.00000
    -8.54301     0.00000     0.00000     0.00000     0.00000     0.00000     0.00000     0.00000     0.00000     0.00000     0.00000
    -8.44501     0.00000     0.00000     0.00000     0.00000     0.00000     0.00000     0.00000     0.00000     0.00000     0.00000
    -8.34801     0.00000     0.00000     0.00000     0.00000     0.00000     0.00000     0.00000     0.00000     0.00000     0.00000
    -8.25001     0.00000     0.00000     0.00000     0.00000     0.00000     0.00000     0.00000     0.00000     0.00000     0.00000
    -8.15201     0.00000     0.00000     0.00000     0.00000     0.00000     0.00000     0.00000     0.00000     0.00000     0.00000
    -8.05501     0.00000     0.00000     0.00000     0.00000     0.00000     0.00000     0.00000     0.00000     0.00000     0.00000
    -7.95701     0.00000     0.00000     0.00000     0.00000     0.00000     0.00000     0.00000     0.00000     0.00000     0.00000
    -7.85901     0.00000     0.00000     0.00000     0.00000     0.00000     0.00000     0.00000     0.00000     0.00000     0.00000
    -7.76201     0.00000     0.00000     0.00000     0.00000     0.00000     0.00000     0.00000     0.00000     0.00000     0.00000
    -7.66401     0.00000     0.00000     0.00000     0.00000     0.00000     0.00000     0.00000     0.00000     0.00000     0.00000
    -7.56701     0.00000     0.00000     0.00000     0.00000     0.00000     0.00000     0.00000     0.00000     0.00000     0.00000
    -7.46901     0.00000     0.00000     0.00000     0.00000     0.00000     0.00000     0.00000     0.00000     0.00000     0.00000
    -7.37101     0.00000     0.00000     0.00000     0.00000     0.00000     0.00000     0.00000     0.00000     0.00000     0.00000
    -7.27401     0.00000     0.00000     0.00000     0.00000     0.00000     0.00000     0.00000     0.00000     0.00000     0.00000
    -7.17601     0.00000     0.00000     0.00000     0.00000     0.00000     0.00000     0.00000     0.00000     0.00000     0.00000
    -7.07801     0.00000     0.00000     0.00000     0.00000     0.00000     0.00000     0.00000     0.00000     0.00000     0.00000
    -6.98101     0.00000     0.00000     0.00000     0.00000     0.00000     0.00000     0.00000     0.00000     0.00000     0.00000
    -6.88301     0.00000     0.00000     0.00000     0.00000     0.00000     0.00000     0.00000     0.00000     0.00000     0.00000
    -6.78601     0.00000     0.00000     0.00000     0.00000     0.00000     0.00000     0.00000     0.00000     0.00000     0.00000
    -6.68801     0.00000     0.00000     0.00000     0.00000     0.00000     0.00000     0.00000     0.00000     0.00000     0.00000
    -6.59001     0.00000     0.00000     0.00000     0.00000     0.00000     0.00000     0.00000     0.00000     0.00000     0.00000
    -6.49301     0.00000     0.00000     0.00000     0.00000     0.00000     0.00000     0.00000     0.00000     0.00000     0.00000
    -6.39501     0.00000     0.00000     0.00000     0.00000     0.00000     0.00000     0.00000     0.00000     0.00000     0.00000
    -6.29701     0.00000     0.00000     0.00000     0.00000     0.00000     0.00000     0.00000     0.00000     0.00000     0.00000
    -6.20001     0.00000     0.00000     0.00000     0.00000     0.00000     0.00000     0.00000     0.00000     0.00000     0.00000
    -6.10201     0.00000     0.00000     0.00000     0.00000     0.00000     0.00000     0.00000     0.00000     0.00000     0.00000
    -6.00401     0.00000     0.00000     0.00000     0.00000     0.00000     0.00000     0.00000     0.00000     0.00000     0.00000
    -5.90701     0.00000     0.00000     0.00000     0.00000     0.00000     0.00000     0.00000     0.00000     0.00000     0.00000
    -5.80901     0.00000     0.00000     0.00000     0.00000     0.00000     0.00000     0.00000     0.00000     0.00000     0.00000
    -5.71201     0.00000     0.00000     0.00000     0.00000     0.00000     0.00000     0.00000     0.00000     0.00000     0.00000
    -5.61401     0.00000     0.00000     0.00000     0.00000     0.00000     0.00000     0.00000     0.00000     0.00000     0.00000
    -5.51601     0.00000     0.00000     0.00000     0.00000     0.00000     0.00000     0.00000     0.00000     0.00000     0.00000
    -5.41901     0.00000     0.00000     0.00000     0.00000     0.00000     0.00000     0.00000     0.00000     0.00000     0.00000
    -5.32101     0.00000     0.00000     0.00000     0.00000     0.00000     0.00000     0.00000     0.00000     0.00000     0.00000
    -5.22301     0.06357     0.89329     0.17987     0.89713     0.00380     0.00621     0.00154     0.00623     0.00379     2.05544
    -5.12601     0.09969     0.76266     0.30683     0.78004     0.00164     0.00632     0.00224     0.00645     0.00164     1.96751
    -5.02801     0.05122     0.33917     0.16444     0.34329     0.00066     0.00300     0.00102     0.00303     0.00066     0.90648
    -4.93001     0.41533     1.11656     3.78860     1.10558     0.00282     0.02102     0.02078     0.02083     0.00281     6.49433
    -4.83301     0.41852     1.03808     3.00830     1.00561     0.00195     0.02075     0.01161     0.01947     0.00202     5.52630
    -4.73501     0.04414     0.60001     0.74842     0.60919     0.00419     0.00796     0.01098     0.00818     0.00415     2.03722
    -4.63801     0.21264     3.54244     4.65710     3.59356     0.02475     0.03874     0.06952     0.03945     0.02622    12.20443
    -4.54001     0.02914     2.37247     0.92143     2.43066     0.01485     0.01423     0.02534     0.01457     0.01516     5.83784
    -4.44201     0.21672     5.27010     2.76745     5.08780     0.02340     0.03001     0.03323     0.03239     0.03070    13.49180
    -4.34501     0.12165     4.55970     2.24500     4.12885     0.01899     0.01796     0.03393     0.01705     0.01905    11.16217
    -4.24701     0.03289     0.76732     1.11319     0.78923     0.00840     0.00529     0.01507     0.00540     0.00823     2.74502
    -4.14901     0.00000     0.00000     0.00000     0.00000     0.00000     0.00000     0.00000     0.00000     0.00000     0.00000
    -4.05201     0.01761     1.82412     0.51851     2.02660     0.00250     0.01073     0.01112     0.01169     0.00257     4.42543
    -3.95401     0.01401     1.75235     0.45054     1.58615     0.00185     0.01186     0.01019     0.01168     0.00175     3.84038
    -3.85701     0.04585     1.57921     0.63555     1.46893     0.00428     0.01338     0.00702     0.01246     0.00405     3.77074
    -3.75901     0.10298     7.84700     1.55194     7.94086     0.04595     0.04695     0.00872     0.04744     0.04659    17.63842
    -3.66101     0.09287     2.29909     1.15369     2.40256     0.01008     0.02638     0.00543     0.02741     0.01025     6.02776
    -3.56401     0.03512     1.00144     0.35638     1.00838     0.00622     0.00965     0.00295     0.00975     0.00614     2.43603
    -3.46601     0.06838     2.44756     0.45037     2.32543     0.01214     0.02680     0.00767     0.02573     0.01198     5.37606
    -3.36801     0.04847     0.78707     0.57373     0.81999     0.01428     0.00535     0.00397     0.00549     0.01439     2.27275
    -3.27101     0.10408     1.89315     2.24988     1.84221     0.02931     0.01314     0.00651     0.01352     0.02993     6.18173
    -3.17301     0.20449     1.75035     5.19250     1.68432     0.02968     0.02028     0.00815     0.01918     0.03101     8.93996
    -3.07501     0.32831     2.56658     8.16800     2.59056     0.02982     0.01825     0.01651     0.01925     0.02915    13.76643
    -2.97801     0.01362     0.20228     0.43168     0.11549     0.00251     0.00037     0.00043     0.00048     0.00129     0.76815
    -2.88001     0.09900     1.27653     3.00800     1.36562     0.01055     0.00680     0.00419     0.00752     0.01051     5.78871
    -2.78301     0.08666     1.65916     2.64922     1.29042     0.00852     0.01186     0.00565     0.00951     0.00696     5.72796
    -2.68501     0.09212     1.96946     3.50863     1.85818     0.01236     0.01448     0.00361     0.01447     0.01139     7.48470
    -2.58701     0.04366     1.59189     2.02640     1.97303     0.00586     0.00870     0.00189     0.00996     0.00580     5.66720
    -2.49001     0.05490     3.34252     4.92247     3.00296     0.00789     0.01563     0.00255     0.01392     0.00802    11.37085
    -2.39201     0.04194     2.21783     3.58043     2.19036     0.00685     0.00726     0.00206     0.00751     0.00688     8.06112
    -2.29401     0.05108     3.41610     6.03990     3.48039     0.01125     0.00969     0.00252     0.00977     0.01145    13.03215
    -2.19701     0.03327     2.97486     4.67160     2.85536     0.01019     0.00704     0.00200     0.00698     0.01015    10.57144
    -2.09901     0.05352     4.71510     6.48346     4.33220     0.01055     0.00811     0.01098     0.00799     0.01062    15.63254
    -2.00101     0.11744     9.35230     5.84200     9.40790     0.02067     0.00802     0.01340     0.00819     0.02143    24.79135
    -1.90401     0.00000     0.00000     0.00000     0.00000     0.00000     0.00000     0.00000     0.00000     0.00000     0.00000
    -1.80601     0.03153     1.15530     2.59167     1.22356     0.00278     0.00166     0.00277     0.00154     0.00260     5.01341
    -1.70901     0.03272     1.73798     2.49851     1.61865     0.00292     0.00306     0.00262     0.00237     0.00274     5.90156
    -1.61101     0.05678     5.39282     4.75475     5.16569     0.00505     0.00374     0.00308     0.00378     0.00519    15.39088
    -1.51301     0.07970    17.52216    12.92710    16.88749     0.02820     0.01931     0.00618     0.01905     0.02714    47.51634
    -1.41601     0.03003     3.57678     3.08364     3.30980     0.00328     0.00381     0.00093     0.00394     0.00331    10.01552
    -1.31801     0.02317     3.43086     3.53968     3.89225     0.00252     0.00321     0.00086     0.00355     0.00271    10.89880
    -1.22001     0.01243     3.44211     1.90862     4.04039     0.00236     0.00185     0.00041     0.00217     0.00281     9.41315
    -1.12301     0.00181     5.60970     0.07511    10.48140     0.00353     0.00381     0.00011     0.00548     0.00450    16.18544
    -1.02501     0.00000     0.00000     0.00000     0.00000     0.00000     0.00000     0.00000     0.00000     0.00000     0.00000
    -0.92801     0.00000     0.00000     0.00000     0.00000     0.00000     0.00000     0.00000     0.00000     0.00000     0.00000
    -0.83001     0.00000     0.00000     0.00000     0.00000     0.00000     0.00000     0.00000     0.00000     0.00000     0.00000
    -0.73201     0.00000     0.00000     0.00000     0.00000     0.00000     0.00000     0.00000     0.00000     0.00000     0.00000
    -0.63501     0.00000     0.00000     0.00000     0.00000     0.00000     0.00000     0.00000     0.00000     0.00000     0.00000
    -0.53701     0.00000     0.00000     0.00000     0.00000     0.00000     0.00000     0.00000     0.00000     0.00000     0.00000
    -0.43901     0.00000     0.00000     0.00000     0.00000     0.00000     0.00000     0.00000     0.00000     0.00000     0.00000
    -0.34201     0.00000     0.00000     0.00000     0.00000     0.00000     0.00000     0.00000     0.00000     0.00000     0.00000
    -0.24401     0.00000     0.00000     0.00000     0.00000     0.00000     0.00000     0.00000     0.00000     0.00000     0.00000
    -0.14601     0.00000     0.00000     0.00000     0.00000     0.00000     0.00000     0.00000     0.00000     0.00000     0.00000
    -0.04901     0.00000     0.00000     0.00000     0.00000     0.00000     0.00000     0.00000     0.00000     0.00000     0.00000
     0.04899     0.00000     0.00000     0.00000     0.00000     0.00000     0.00000     0.00000     0.00000     0.00000     0.00000
     0.14599     0.00000     0.00000     0.00000     0.00000     0.00000     0.00000     0.00000     0.00000     0.00000     0.00000
     0.24399     0.00000     0.00000     0.00000     0.00000     0.00000     0.00000     0.00000     0.00000     0.00000     0.00000
     0.34199     0.00000     0.00000     0.00000     0.00000     0.00000     0.00000     0.00000     0.00000     0.00000     0.00000
     0.43899     0.00000     0.00000     0.00000     0.00000     0.00000     0.00000     0.00000     0.00000     0.00000     0.00000
     0.53699     0.00000     0.00000     0.00000     0.00000     0.00000     0.00000     0.00000     0.00000     0.00000     0.00000
     0.63499     0.00000     0.00000     0.00000     0.00000     0.00000     0.00000     0.00000     0.00000     0.00000     0.00000
     0.73199     0.47121     1.14657     5.05583     1.31618     0.03480     0.04636     0.00155     0.05179     0.03895     8.16323
     0.82999     0.60219     5.10539     5.47337     5.07090     0.07839     0.13619     0.00411     0.13705     0.07956    16.68716
     0.92799     0.03924     1.03085     0.18048     1.20619     0.01065     0.02325     0.00057     0.02701     0.01208     2.53032
     1.02499     0.07006     3.97249     0.61123     3.83662     0.04385     0.07243     0.00059     0.07087     0.04353     8.72166
     1.12299     0.00000     0.00000     0.00000     0.00000     0.00000     0.00000     0.00000     0.00000     0.00000     0.00000
     1.21999     0.00000     0.00000     0.00000     0.00000     0.00000     0.00000     0.00000     0.00000     0.00000     0.00000
     1.31799     0.00000     0.00000     0.00000     0.00000     0.00000     0.00000     0.00000     0.00000     0.00000     0.00000
     1.41599     0.00000     0.00000     0.00000     0.00000     0.00000     0.00000     0.00000     0.00000     0.00000     0.00000
     1.51299     0.00000     0.00000     0.00000     0.00000     0.00000     0.00000     0.00000     0.00000     0.00000     0.00000
     1.61099     0.00000     0.00000     0.00000     0.00000     0.00000     0.00000     0.00000     0.00000     0.00000     0.00000
     1.70899     0.00000     0.00000     0.00000     0.00000     0.00000     0.00000     0.00000     0.00000     0.00000     0.00000
     1.80599     0.00000     0.00000     0.00000     0.00000     0.00000     0.00000     0.00000     0.00000     0.00000     0.00000
     1.90399     0.00000     0.00000     0.00000     0.00000     0.00000     0.00000     0.00000     0.00000     0.00000     0.00000
     2.00099     0.00000     0.00000     0.00000     0.00000     0.00000     0.00000     0.00000     0.00000     0.00000     0.00000
     2.09899     0.00000     0.00000     0.00000     0.00000     0.00000     0.00000     0.00000     0.00000     0.00000     0.00000
     2.19699     0.00000     0.00000     0.00000     0.00000     0.00000     0.00000     0.00000     0.00000     0.00000     0.00000
     2.29399     0.00000     0.00000     0.00000     0.00000     0.00000     0.00000     0.00000     0.00000     0.00000     0.00000
     2.39199     0.00000     0.00000     0.00000     0.00000     0.00000     0.00000     0.00000     0.00000     0.00000     0.00000
     2.48999     0.00000     0.00000     0.00000     0.00000     0.00000     0.00000     0.00000     0.00000     0.00000     0.00000
     2.58699     0.00000     0.00000     0.00000     0.00000     0.00000     0.00000     0.00000     0.00000     0.00000     0.00000
     2.68499     0.00000     0.00000     0.00000     0.00000     0.00000     0.00000     0.00000     0.00000     0.00000     0.00000
     2.78299     0.00000     0.00000     0.00000     0.00000     0.00000     0.00000     0.00000     0.00000     0.00000     0.00000
     2.87999     0.00000     0.00000     0.00000     0.00000     0.00000     0.00000     0.00000     0.00000     0.00000     0.00000
     2.97799     0.00000     0.00000     0.00000     0.00000     0.00000     0.00000     0.00000     0.00000     0.00000     0.00000
     3.07499     0.00000     0.00000     0.00000     0.00000     0.00000     0.00000     0.00000     0.00000     0.00000     0.00000
     3.17299     0.00000     0.00000     0.00000     0.00000     0.00000     0.00000     0.00000     0.00000     0.00000     0.00000
     3.27099     0.00000     0.00000     0.00000     0.00000     0.00000     0.00000     0.00000     0.00000     0.00000     0.00000
     3.36799     0.00000     0.00000     0.00000     0.00000     0.00000     0.00000     0.00000     0.00000     0.00000     0.00000
     3.46599     0.00000     0.00000     0.00000     0.00000     0.00000     0.00000     0.00000     0.00000     0.00000     0.00000
     3.56399     0.00000     0.00000     0.00000     0.00000     0.00000     0.00000     0.00000     0.00000     0.00000     0.00000
     3.66099     0.00000     0.00000     0.00000     0.00000     0.00000     0.00000     0.00000     0.00000     0.00000     0.00000
     3.75899     0.00000     0.00000     0.00000     0.00000     0.00000     0.00000     0.00000     0.00000     0.00000     0.00000
     3.85699     0.00000     0.00000     0.00000     0.00000     0.00000     0.00000     0.00000     0.00000     0.00000     0.00000
     3.95399     0.00000     0.00000     0.00000     0.00000     0.00000     0.00000     0.00000     0.00000     0.00000     0.00000
     4.05199     0.00000     0.00000     0.00000     0.00000     0.00000     0.00000     0.00000     0.00000     0.00000     0.00000
     4.14899     0.00000     0.00000     0.00000     0.00000     0.00000     0.00000     0.00000     0.00000     0.00000     0.00000
     4.24699     0.00000     0.00000     0.00000     0.00000     0.00000     0.00000     0.00000     0.00000     0.00000     0.00000
     4.34499     0.07381     0.00465     0.00468     0.00455     0.00021     0.00040     0.00012     0.00033     0.00020     0.08895
     4.44199     0.12108     0.01399     0.00734     0.01386     0.00042     0.00080     0.00040     0.00066     0.00040     0.15895
     4.53999     0.13580     0.01970     0.00822     0.01959     0.00053     0.00101     0.00064     0.00083     0.00051     0.18683
     4.63799     0.14624     0.02979     0.00957     0.03013     0.00079     0.00139     0.00131     0.00118     0.00078     0.22119
     4.73499     0.14485     0.03496     0.01036     0.03459     0.00096     0.00160     0.00179     0.00138     0.00097     0.23145
     4.83299     0.12420     0.03954     0.07004     0.05405     0.01593     0.02183     0.01532     0.01258     0.00885     0.36234
     4.92999     0.09658     0.03191     0.01543     0.02858     0.00118     0.00188     0.00229     0.00155     0.00112     0.18053
     5.02799     0.31970     0.06334     0.21237     0.06390     0.00485     0.00621     0.00616     0.00558     0.00357     0.68568
     5.12599     0.00507     0.00140     0.00335     0.00081     0.00007     0.00010     0.00009     0.00009     0.00006     0.01103
     5.22299     0.07510     0.03158     0.03741     0.03068     0.00398     0.00693     0.00350     0.00677     0.00416     0.20010
     5.32099     0.26218     0.11711     0.12431     0.11938     0.02264     0.03674     0.01216     0.03870     0.02502     0.75824
     5.41899     0.26653     0.25177     0.22048     0.24371     0.14818     0.22254     0.01111     0.18821     0.12645     1.67898
     5.51599     0.13232     0.18963     0.12908     0.19207     0.09736     0.17161     0.00808     0.18911     0.10377     1.21304
     5.61399     0.00713     0.00618     0.00547     0.00490     0.00193     0.00376     0.00121     0.00324     0.00172     0.03553
     5.71199     0.10098     0.06634     0.04887     0.06119     0.01532     0.03326     0.01048     0.03163     0.01361     0.38169
     5.80899     0.59816     1.09702     0.36069     1.01189     0.19504     0.98951     0.14420     0.97196     0.17180     5.54028
     5.90699     0.44651     0.18076     0.20258     0.17629     0.06515     0.10227     0.13255     0.09956     0.06107     1.46675
     6.00399     0.38919     0.16353     0.25187     0.15203     0.09395     0.10930     0.05313     0.10515     0.09194     1.41009
     6.10199     0.71886     0.31007     0.38687     0.27197     0.19172     0.16245     0.27662     0.12952     0.16314     2.61123
     6.19999     0.68149     0.30822     0.45955     0.30763     0.27772     0.18490     0.08980     0.19936     0.27350     2.78217
     6.29699     0.74429     0.30437     0.52906     0.28181     0.22881     0.14784     0.17460     0.16724     0.29370     2.87172
     6.39499     0.28039     0.11281     0.15085     0.12804     0.08967     0.07169     0.13167     0.06836     0.08449     1.11797
     6.49299     0.70601     0.29971     0.52341     0.26039     0.27779     0.22116     0.22985     0.20599     0.30093     3.02524
     6.58999     0.52581     0.22658     0.30496     0.19478     0.20667     0.18681     0.18974     0.17644     0.22171     2.23351
     6.68799     0.09932     0.05063     0.09563     0.05015     0.04379     0.03269     0.02621     0.03535     0.04019     0.47396
     6.78599     0.11647     0.04903     0.05536     0.05702     0.03701     0.04291     0.07650     0.04320     0.03133     0.50883
     6.88299     0.73800     0.37425     0.45183     0.32465     0.31155     0.35534     0.37733     0.24146     0.30927     3.48369
     6.98099     0.25271     0.12626     0.13831     0.11719     0.11126     0.13038     0.12323     0.12043     0.11203     1.23179
     7.07799     0.54045     0.26219     0.29668     0.25589     0.23934     0.24007     0.29675     0.27745     0.29034     2.69915
     7.17599     0.69018     0.35245     0.41013     0.34213     0.28183     0.40077     0.37551     0.41387     0.29403     3.56090
     7.27399     0.65061     0.37950     0.45585     0.34016     0.39942     0.35256     0.42921     0.35953     0.41506     3.78190
     7.37099     0.48480     0.28799     0.44105     0.26600     0.41895     0.29660     0.40939     0.29537     0.37854     3.27869
     7.46899     0.51255     0.29854     0.43064     0.28867     0.42302     0.31683     0.38419     0.33251     0.44611     3.43306
     7.56699     0.45057     0.24032     0.44802     0.25120     0.24547     0.33152     0.30524     0.31338     0.25179     2.83751
     7.66399     0.38614     0.31127     0.44341     0.29758     0.34013     0.33097     0.38495     0.34109     0.36298     3.19853
     7.76199     0.28868     0.24798     0.49739     0.26764     0.29882     0.31921     0.36403     0.36610     0.28735     2.93721
     7.85999     0.37453     0.37516     0.62931     0.41201     0.43208     0.50427     0.52845     0.51453     0.39676     4.16709
     7.95699     0.21395     0.27754     0.38761     0.28852     0.34478     0.38906     0.42083     0.37035     0.32601     3.01864
     8.05499     0.17605     0.35821     0.44297     0.32317     0.38756     0.44476     0.49503     0.39682     0.34576     3.37033
     8.15199     0.15543     0.41314     0.43240     0.48300     0.45588     0.45844     0.46358     0.47844     0.45337     3.79369
     8.24999     0.16351     0.42180     0.40797     0.42252     0.43637     0.36691     0.41505     0.37633     0.41906     3.42952
     8.34799     0.13366     0.44415     0.41315     0.39725     0.51848     0.48557     0.42763     0.43757     0.53355     3.79100
     8.44499     0.12025     0.44296     0.38534     0.43539     0.52721     0.43254     0.43385     0.46798     0.57591     3.82143
     8.54299     0.08654     0.26285     0.32649     0.26697     0.42270     0.34768     0.32692     0.34145     0.41501     2.79661
     8.64099     0.11530     0.35971     0.38426     0.35562     0.57128     0.46651     0.35794     0.43581     0.56344     3.60987
     8.73799     0.18125     0.62370     0.56696     0.74135     0.98242     0.57971     0.54407     0.49135     0.89115     5.60196
     8.83599     0.17653     0.54845     0.56554     0.56703     0.70006     0.51751     0.43862     0.57127     0.78080     4.86581
     8.93299     0.25723     0.92075     0.93349     0.86176     1.10459     0.98495     0.66838     0.99686     1.20882     7.93683
     9.03099     0.14707     0.59963     0.48317     0.57891     0.61510     0.50493     0.42555     0.49643     0.55974     4.41053
     9.12899     0.10309     0.45284     0.37821     0.50045     0.46762     0.41790     0.34228     0.41195     0.45302     3.52736
     9.22599     0.13713     0.67229     0.46200     0.63594     0.53990     0.53287     0.48875     0.53231     0.51496     4.51615
     9.32399     0.12915     0.58802     0.47398     0.58161     0.47479     0.46443     0.45185     0.46816     0.50160     4.13359
     9.42199     0.30757     1.60827     0.89003     1.41923     1.28227     1.10361     1.25147     1.23989     1.80170    10.90404
     9.51899     0.14187     0.66423     0.48240     0.71506     0.66396     0.60320     0.66903     0.63491     0.68586     5.26052
     9.61699     0.11033     0.72714     0.43051     0.61054     0.63622     0.57542     0.80684     0.57606     0.55540     5.02846
     9.71499     0.13568     0.75081     0.49277     0.85782     0.70648     0.55006     0.88100     0.56782     0.59767     5.54010
     9.81199     0.14648     0.86987     0.58859     0.87446     0.59040     0.65033     0.93234     0.75655     0.58480     5.99382
     9.90999     0.08328     0.47830     0.32427     0.48545     0.31452     0.29411     0.53897     0.30484     0.30167     3.12541
    10.00699     0.14106     1.08100     0.55782     0.95711     0.69432     0.70490     1.08943     0.78375     0.70741     6.71680
    10.10499     0.10818     0.76758     0.47181     0.72435     0.83413     0.75530     0.88049     0.80777     0.85405     6.20366
    10.20299     0.00000     0.00000     0.00000     0.00000     0.00000     0.00000     0.00000     0.00000     0.00000     0.00000
    10.29999     0.00000     0.00000     0.00000     0.00000     0.00000     0.00000     0.00000     0.00000     0.00000     0.00000
    10.39799     0.00000     0.00000     0.00000     0.00000     0.00000     0.00000     0.00000     0.00000     0.00000     0.00000
    10.49599     0.00000     0.00000     0.00000     0.00000     0.00000     0.00000     0.00000     0.00000     0.00000     0.00000
    10.59299     0.00000     0.00000     0.00000     0.00000     0.00000     0.00000     0.00000     0.00000     0.00000     0.00000
    10.69099     0.00000     0.00000     0.00000     0.00000     0.00000     0.00000     0.00000     0.00000     0.00000     0.00000
    10.78899     0.00000     0.00000     0.00000     0.00000     0.00000     0.00000     0.00000     0.00000     0.00000     0.00000
    10.88599     0.00000     0.00000     0.00000     0.00000     0.00000     0.00000     0.00000     0.00000     0.00000     0.00000
    10.98399     0.00000     0.00000     0.00000     0.00000     0.00000     0.00000     0.00000     0.00000     0.00000     0.00000
    11.08099     0.00000     0.00000     0.00000     0.00000     0.00000     0.00000     0.00000     0.00000     0.00000     0.00000
    11.17899     0.00000     0.00000     0.00000     0.00000     0.00000     0.00000     0.00000     0.00000     0.00000     0.00000
    11.27699     0.00000     0.00000     0.00000     0.00000     0.00000     0.00000     0.00000     0.00000     0.00000     0.00000
    11.37399     0.00000     0.00000     0.00000     0.00000     0.00000     0.00000     0.00000     0.00000     0.00000     0.00000
    11.47199     0.00000     0.00000     0.00000     0.00000     0.00000     0.00000     0.00000     0.00000     0.00000     0.00000
    11.56999     0.00000     0.00000     0.00000     0.00000     0.00000     0.00000     0.00000     0.00000     0.00000     0.00000
    11.66699     0.00000     0.00000     0.00000     0.00000     0.00000     0.00000     0.00000     0.00000     0.00000     0.00000
