     #Energy           s          py          pz          px         dxy         dyz         dz2         dxz         dx2       tot  
   -17.62301     0.00000     0.00000     0.00000     0.00000     0.00000     0.00000     0.00000     0.00000     0.00000     0.00000
   -17.52501     0.00000     0.00000     0.00000     0.00000     0.00000     0.00000     0.00000     0.00000     0.00000     0.00000
   -17.42801     0.00000     0.00000     0.00000     0.00000     0.00000     0.00000     0.00000     0.00000     0.00000     0.00000
   -17.33001     0.00000     0.00000     0.00000     0.00000     0.00000     0.00000     0.00000     0.00000     0.00000     0.00000
   -17.23201     0.00000     0.00000     0.00000     0.00000     0.00000     0.00000     0.00000     0.00000     0.00000     0.00000
   -17.13501     0.00000     0.00000     0.00000     0.00000     0.00000     0.00000     0.00000     0.00000     0.00000     0.00000
   -17.03701     0.00000     0.00000     0.00000     0.00000     0.00000     0.00000     0.00000     0.00000     0.00000     0.00000
   -16.93901     0.00000     0.00000     0.00000     0.00000     0.00000     0.00000     0.00000     0.00000     0.00000     0.00000
   -16.84201     0.00000     0.00000     0.00000     0.00000     0.00000     0.00000     0.00000     0.00000     0.00000     0.00000
   -16.74401     0.00000     0.00000     0.00000     0.00000     0.00000     0.00000     0.00000     0.00000     0.00000     0.00000
   -16.64601     0.00000     0.00000     0.00000     0.00000     0.00000     0.00000     0.00000     0.00000     0.00000     0.00000
   -16.54901     0.00000     0.00000     0.00000     0.00000     0.00000     0.00000     0.00000     0.00000     0.00000     0.00000
   -16.45101     0.00000     0.00000     0.00000     0.00000     0.00000     0.00000     0.00000     0.00000     0.00000     0.00000
   -16.35401     0.00000     0.00000     0.00000     0.00000     0.00000     0.00000     0.00000     0.00000     0.00000     0.00000
   -16.25601     0.00000     0.00000     0.00000     0.00000     0.00000     0.00000     0.00000     0.00000     0.00000     0.00000
   -16.15801     0.00000     0.00000     0.00000     0.00000     0.00000     0.00000     0.00000     0.00000     0.00000     0.00000
   -16.06101     0.00000     0.00000     0.00000     0.00000     0.00000     0.00000     0.00000     0.00000     0.00000     0.00000
   -15.96301     0.00000     0.00000     0.00000     0.00000     0.00000     0.00000     0.00000     0.00000     0.00000     0.00000
   -15.86501     0.00000     0.00000     0.00000     0.00000     0.00000     0.00000     0.00000     0.00000     0.00000     0.00000
   -15.76801     0.00000     0.00000     0.00000     0.00000     0.00000     0.00000     0.00000     0.00000     0.00000     0.00000
   -15.67001     0.00000     0.00000     0.00000     0.00000     0.00000     0.00000     0.00000     0.00000     0.00000     0.00000
   -15.57301     0.00000     0.00000     0.00000     0.00000     0.00000     0.00000     0.00000     0.00000     0.00000     0.00000
   -15.47501     0.00000     0.00000     0.00000     0.00000     0.00000     0.00000     0.00000     0.00000     0.00000     0.00000
   -15.37701    -0.31792    -0.00097    -0.00002    -0.00095    -0.00007    -0.00004    -0.00020    -0.00004    -0.00007    -0.32029
   -15.28001    -0.33052    -0.01081    -0.00003    -0.00898    -0.00073    -0.00046    -0.00017    -0.00054    -0.00086    -0.35311
   -15.18201    -0.30621    -0.01901    -0.00008    -0.01944    -0.00205    -0.00150    -0.00013    -0.00142    -0.00197    -0.35183
   -15.08401    -0.31625    -0.03312    -0.00024    -0.02736    -0.00360    -0.00281    -0.00012    -0.00362    -0.00458    -0.39169
   -14.98701     0.00000     0.00000     0.00000     0.00000     0.00000     0.00000     0.00000     0.00000     0.00000     0.00000
   -14.88901    -0.26838    -0.09853    -0.00139    -0.10075    -0.00665    -0.00453    -0.00005    -0.00432    -0.00643    -0.49104
   -14.79101    -0.11355    -0.06274    -0.23000    -0.06247    -0.00705    -0.00762    -0.00003    -0.00753    -0.00701    -0.49801
   -14.69401    -0.06780    -0.34248    -0.29799    -0.33929    -0.03314    -0.05310    -0.00005    -0.05146    -0.03163    -1.21694
   -14.59601    -0.00069    -0.11154    -0.01662    -0.09338    -0.01717    -0.02201    -0.00001    -0.02742    -0.02145    -0.31028
   -14.49901    -0.03464    -0.21015    -0.06806    -0.17388    -0.29321    -0.62612    -0.00073    -0.88010    -0.42407    -2.71096
   -14.40101     0.00000     0.00000     0.00000     0.00000     0.00000     0.00000     0.00000     0.00000     0.00000     0.00000
   -14.30301     0.00000     0.00000     0.00000     0.00000     0.00000     0.00000     0.00000     0.00000     0.00000     0.00000
   -14.20601     0.00000     0.00000     0.00000     0.00000     0.00000     0.00000     0.00000     0.00000     0.00000     0.00000
   -14.10801     0.00000     0.00000     0.00000     0.00000     0.00000     0.00000     0.00000     0.00000     0.00000     0.00000
   -14.01001     0.00000     0.00000     0.00000     0.00000     0.00000     0.00000     0.00000     0.00000     0.00000     0.00000
   -13.91301     0.00000     0.00000     0.00000     0.00000     0.00000     0.00000     0.00000     0.00000     0.00000     0.00000
   -13.81501     0.00000     0.00000     0.00000     0.00000     0.00000     0.00000     0.00000     0.00000     0.00000     0.00000
   -13.71701     0.00000     0.00000     0.00000     0.00000     0.00000     0.00000     0.00000     0.00000     0.00000     0.00000
   -13.62001     0.00000     0.00000     0.00000     0.00000     0.00000     0.00000     0.00000     0.00000     0.00000     0.00000
   -13.52201     0.00000     0.00000     0.00000     0.00000     0.00000     0.00000     0.00000     0.00000     0.00000     0.00000
   -13.42501     0.00000     0.00000     0.00000     0.00000     0.00000     0.00000     0.00000     0.00000     0.00000     0.00000
   -13.32701     0.00000     0.00000     0.00000     0.00000     0.00000     0.00000     0.00000     0.00000     0.00000     0.00000
   -13.22901     0.00000     0.00000     0.00000     0.00000     0.00000     0.00000     0.00000     0.00000     0.00000     0.00000
   -13.13201     0.00000     0.00000     0.00000     0.00000     0.00000     0.00000     0.00000     0.00000     0.00000     0.00000
   -13.03401     0.00000     0.00000     0.00000     0.00000     0.00000     0.00000     0.00000     0.00000     0.00000     0.00000
   -12.93601     0.00000     0.00000     0.00000     0.00000     0.00000     0.00000     0.00000     0.00000     0.00000     0.00000
   -12.83901     0.00000     0.00000     0.00000     0.00000     0.00000     0.00000     0.00000     0.00000     0.00000     0.00000
   -12.74101     0.00000     0.00000     0.00000     0.00000     0.00000     0.00000     0.00000     0.00000     0.00000     0.00000
   -12.64401     0.00000     0.00000     0.00000     0.00000     0.00000     0.00000     0.00000     0.00000     0.00000     0.00000
   -12.54601     0.00000     0.00000     0.00000     0.00000     0.00000     0.00000     0.00000     0.00000     0.00000     0.00000
   -12.44801     0.00000     0.00000     0.00000     0.00000     0.00000     0.00000     0.00000     0.00000     0.00000     0.00000
   -12.35101     0.00000     0.00000     0.00000     0.00000     0.00000     0.00000     0.00000     0.00000     0.00000     0.00000
   -12.25301     0.00000     0.00000     0.00000     0.00000     0.00000     0.00000     0.00000     0.00000     0.00000     0.00000
   -12.15501     0.00000     0.00000     0.00000     0.00000     0.00000     0.00000     0.00000     0.00000     0.00000     0.00000
   -12.05801     0.00000     0.00000     0.00000     0.00000     0.00000     0.00000     0.00000     0.00000     0.00000     0.00000
   -11.96001     0.00000     0.00000     0.00000     0.00000     0.00000     0.00000     0.00000     0.00000     0.00000     0.00000
   -11.86201     0.00000     0.00000     0.00000     0.00000     0.00000     0.00000     0.00000     0.00000     0.00000     0.00000
   -11.76501     0.00000     0.00000     0.00000     0.00000     0.00000     0.00000     0.00000     0.00000     0.00000     0.00000
   -11.66701     0.00000     0.00000     0.00000     0.00000     0.00000     0.00000     0.00000     0.00000     0.00000     0.00000
   -11.57001     0.00000     0.00000     0.00000     0.00000     0.00000     0.00000     0.00000     0.00000     0.00000     0.00000
   -11.47201     0.00000     0.00000     0.00000     0.00000     0.00000     0.00000     0.00000     0.00000     0.00000     0.00000
   -11.37401     0.00000     0.00000     0.00000     0.00000     0.00000     0.00000     0.00000     0.00000     0.00000     0.00000
   -11.27701     0.00000     0.00000     0.00000     0.00000     0.00000     0.00000     0.00000     0.00000     0.00000     0.00000
   -11.17901     0.00000     0.00000     0.00000     0.00000     0.00000     0.00000     0.00000     0.00000     0.00000     0.00000
   -11.08101     0.00000     0.00000     0.00000     0.00000     0.00000     0.00000     0.00000     0.00000     0.00000     0.00000
   -10.98401     0.00000     0.00000     0.00000     0.00000     0.00000     0.00000     0.00000     0.00000     0.00000     0.00000
   -10.88601     0.00000     0.00000     0.00000     0.00000     0.00000     0.00000     0.00000     0.00000     0.00000     0.00000
   -10.78801     0.00000     0.00000     0.00000     0.00000     0.00000     0.00000     0.00000     0.00000     0.00000     0.00000
   -10.69101     0.00000     0.00000     0.00000     0.00000     0.00000     0.00000     0.00000     0.00000     0.00000     0.00000
   -10.59301     0.00000     0.00000     0.00000     0.00000     0.00000     0.00000     0.00000     0.00000     0.00000     0.00000
   -10.49601     0.00000     0.00000     0.00000     0.00000     0.00000     0.00000     0.00000     0.00000     0.00000     0.00000
   -10.39801     0.00000     0.00000     0.00000     0.00000     0.00000     0.00000     0.00000     0.00000     0.00000     0.00000
   -10.30001     0.00000     0.00000     0.00000     0.00000     0.00000     0.00000     0.00000     0.00000     0.00000     0.00000
   -10.20301     0.00000     0.00000     0.00000     0.00000     0.00000     0.00000     0.00000     0.00000     0.00000     0.00000
   -10.10501     0.00000     0.00000     0.00000     0.00000     0.00000     0.00000     0.00000     0.00000     0.00000     0.00000
   -10.00701     0.00000     0.00000     0.00000     0.00000     0.00000     0.00000     0.00000     0.00000     0.00000     0.00000
    -9.91001     0.00000     0.00000     0.00000     0.00000     0.00000     0.00000     0.00000     0.00000     0.00000     0.00000
    -9.81201     0.00000     0.00000     0.00000     0.00000     0.00000     0.00000     0.00000     0.00000     0.00000     0.00000
    -9.71501     0.00000     0.00000     0.00000     0.00000     0.00000     0.00000     0.00000     0.00000     0.00000     0.00000
    -9.61701     0.00000     0.00000     0.00000     0.00000     0.00000     0.00000     0.00000     0.00000     0.00000     0.00000
    -9.51901     0.00000     0.00000     0.00000     0.00000     0.00000     0.00000     0.00000     0.00000     0.00000     0.00000
    -9.42201     0.00000     0.00000     0.00000     0.00000     0.00000     0.00000     0.00000     0.00000     0.00000     0.00000
    -9.32401     0.00000     0.00000     0.00000     0.00000     0.00000     0.00000     0.00000     0.00000     0.00000     0.00000
    -9.22601     0.00000     0.00000     0.00000     0.00000     0.00000     0.00000     0.00000     0.00000     0.00000     0.00000
    -9.12901     0.00000     0.00000     0.00000     0.00000     0.00000     0.00000     0.00000     0.00000     0.00000     0.00000
    -9.03101     0.00000     0.00000     0.00000     0.00000     0.00000     0.00000     0.00000     0.00000     0.00000     0.00000
    -8.93301     0.00000     0.00000     0.00000     0.00000     0.00000     0.00000     0.00000     0.00000     0.00000     0.00000
    -8.83601     0.00000     0.00000     0.00000     0.00000     0.00000     0.00000     0.00000     0.00000     0.00000     0.00000
    -8.73801     0.00000     0.00000     0.00000     0.00000     0.00000     0.00000     0.00000     0.00000     0.00000     0.00000
    -8.64101     0.00000     0.00000     0.00000     0.00000     0.00000     0.00000     0.00000     0.00000     0.00000     0.00000
    -8.54301     0.00000     0.00000     0.00000     0.00000     0.00000     0.00000     0.00000     0.00000     0.00000     0.00000
    -8.44501     0.00000     0.00000     0.00000     0.00000     0.00000     0.00000     0.00000     0.00000     0.00000     0.00000
    -8.34801     0.00000     0.00000     0.00000     0.00000     0.00000     0.00000     0.00000     0.00000     0.00000     0.00000
    -8.25001     0.00000     0.00000     0.00000     0.00000     0.00000     0.00000     0.00000     0.00000     0.00000     0.00000
    -8.15201     0.00000     0.00000     0.00000     0.00000     0.00000     0.00000     0.00000     0.00000     0.00000     0.00000
    -8.05501     0.00000     0.00000     0.00000     0.00000     0.00000     0.00000     0.00000     0.00000     0.00000     0.00000
    -7.95701     0.00000     0.00000     0.00000     0.00000     0.00000     0.00000     0.00000     0.00000     0.00000     0.00000
    -7.85901     0.00000     0.00000     0.00000     0.00000     0.00000     0.00000     0.00000     0.00000     0.00000     0.00000
    -7.76201     0.00000     0.00000     0.00000     0.00000     0.00000     0.00000     0.00000     0.00000     0.00000     0.00000
    -7.66401     0.00000     0.00000     0.00000     0.00000     0.00000     0.00000     0.00000     0.00000     0.00000     0.00000
    -7.56701     0.00000     0.00000     0.00000     0.00000     0.00000     0.00000     0.00000     0.00000     0.00000     0.00000
    -7.46901     0.00000     0.00000     0.00000     0.00000     0.00000     0.00000     0.00000     0.00000     0.00000     0.00000
    -7.37101     0.00000     0.00000     0.00000     0.00000     0.00000     0.00000     0.00000     0.00000     0.00000     0.00000
    -7.27401     0.00000     0.00000     0.00000     0.00000     0.00000     0.00000     0.00000     0.00000     0.00000     0.00000
    -7.17601     0.00000     0.00000     0.00000     0.00000     0.00000     0.00000     0.00000     0.00000     0.00000     0.00000
    -7.07801     0.00000     0.00000     0.00000     0.00000     0.00000     0.00000     0.00000     0.00000     0.00000     0.00000
    -6.98101     0.00000     0.00000     0.00000     0.00000     0.00000     0.00000     0.00000     0.00000     0.00000     0.00000
    -6.88301     0.00000     0.00000     0.00000     0.00000     0.00000     0.00000     0.00000     0.00000     0.00000     0.00000
    -6.78601     0.00000     0.00000     0.00000     0.00000     0.00000     0.00000     0.00000     0.00000     0.00000     0.00000
    -6.68801     0.00000     0.00000     0.00000     0.00000     0.00000     0.00000     0.00000     0.00000     0.00000     0.00000
    -6.59001     0.00000     0.00000     0.00000     0.00000     0.00000     0.00000     0.00000     0.00000     0.00000     0.00000
    -6.49301     0.00000     0.00000     0.00000     0.00000     0.00000     0.00000     0.00000     0.00000     0.00000     0.00000
    -6.39501     0.00000     0.00000     0.00000     0.00000     0.00000     0.00000     0.00000     0.00000     0.00000     0.00000
    -6.29701     0.00000     0.00000     0.00000     0.00000     0.00000     0.00000     0.00000     0.00000     0.00000     0.00000
    -6.20001     0.00000     0.00000     0.00000     0.00000     0.00000     0.00000     0.00000     0.00000     0.00000     0.00000
    -6.10201     0.00000     0.00000     0.00000     0.00000     0.00000     0.00000     0.00000     0.00000     0.00000     0.00000
    -6.00401     0.00000     0.00000     0.00000     0.00000     0.00000     0.00000     0.00000     0.00000     0.00000     0.00000
    -5.90701     0.00000     0.00000     0.00000     0.00000     0.00000     0.00000     0.00000     0.00000     0.00000     0.00000
    -5.80901     0.00000     0.00000     0.00000     0.00000     0.00000     0.00000     0.00000     0.00000     0.00000     0.00000
    -5.71201     0.00000     0.00000     0.00000     0.00000     0.00000     0.00000     0.00000     0.00000     0.00000     0.00000
    -5.61401     0.00000     0.00000     0.00000     0.00000     0.00000     0.00000     0.00000     0.00000     0.00000     0.00000
    -5.51601     0.00000     0.00000     0.00000     0.00000     0.00000     0.00000     0.00000     0.00000     0.00000     0.00000
    -5.41901     0.00000     0.00000     0.00000     0.00000     0.00000     0.00000     0.00000     0.00000     0.00000     0.00000
    -5.32101     0.00000     0.00000     0.00000     0.00000     0.00000     0.00000     0.00000     0.00000     0.00000     0.00000
    -5.22301     0.00000     0.00000     0.00000     0.00000     0.00000     0.00000     0.00000     0.00000     0.00000     0.00000
    -5.12601     0.00000     0.00000     0.00000     0.00000     0.00000     0.00000     0.00000     0.00000     0.00000     0.00000
    -5.02801     0.00000     0.00000     0.00000     0.00000     0.00000     0.00000     0.00000     0.00000     0.00000     0.00000
    -4.93001     0.00000     0.00000     0.00000     0.00000     0.00000     0.00000     0.00000     0.00000     0.00000     0.00000
    -4.83301    -1.35480    -0.00236    -0.00046    -0.00227    -0.01969    -0.03667    -0.01468    -0.03951    -0.02071    -1.49115
    -4.73501    -0.49915    -0.00050    -0.00021    -0.00047    -0.00808    -0.01320    -0.00244    -0.01356    -0.00868    -0.54628
    -4.63801     0.00000     0.00000     0.00000     0.00000     0.00000     0.00000     0.00000     0.00000     0.00000     0.00000
    -4.54001     0.00000     0.00000     0.00000     0.00000     0.00000     0.00000     0.00000     0.00000     0.00000     0.00000
    -4.44201    -2.63050    -0.01263    -0.00126    -0.01201    -0.02452    -0.08205    -0.11334    -0.07906    -0.02443    -2.97979
    -4.34501     0.00000     0.00000     0.00000     0.00000     0.00000     0.00000     0.00000     0.00000     0.00000     0.00000
    -4.24701    -0.01194    -0.18256    -0.33026    -0.13924    -0.00477    -0.02128    -0.00126    -0.02185    -0.00436    -0.71752
    -4.14901    -0.03148    -0.38236    -0.96493    -0.38101    -0.09040    -0.08561    -0.01062    -0.08701    -0.09066    -2.12408
    -4.05201    -0.00438    -0.55003    -0.60055    -0.47191    -0.14141    -0.09899    -0.00497    -0.10574    -0.15324    -2.13122
    -3.95401    -0.01340    -0.24715    -0.16263    -0.26283    -0.17798    -0.05948    -0.01059    -0.05776    -0.17617    -1.16800
    -3.85701    -0.01483    -0.44499    -0.42766    -0.61177    -0.50817    -0.58750    -0.17457    -0.45665    -0.47825    -3.70439
    -3.75901    -0.04814    -0.28636    -0.01878    -0.30347    -0.04612    -0.25078    -0.24236    -0.24017    -0.04754    -1.48372
    -3.66101    -0.02847    -0.25533    -0.07939    -0.22336    -0.12779    -0.12876    -0.11293    -0.10521    -0.09757    -1.15882
    -3.56401    -0.04236    -0.27289    -0.17880    -0.28119    -0.20437    -0.23542    -0.15607    -0.22819    -0.21509    -1.81438
    -3.46601    -0.00197    -0.05601    -0.05578    -0.05191    -0.15917    -0.11715    -0.03306    -0.10939    -0.15114    -0.73557
    -3.36801    -0.01527    -0.19098    -0.12216    -0.15048    -0.19881    -0.45186    -0.26366    -0.52025    -0.23381    -2.14728
    -3.27101    -0.00087    -0.01740    -0.04448    -0.01717    -0.15041    -0.15886    -0.00092    -0.15642    -0.14870    -0.69523
    -3.17301    -0.00594    -0.01832    -0.01733    -0.01944    -0.15323    -0.14446    -0.01037    -0.14387    -0.15375    -0.66670
    -3.07501    -0.03422    -0.08439    -0.09963    -0.08692    -0.33194    -0.80490    -0.01867    -0.78619    -0.30053    -2.54739
    -2.97801    -0.07548    -0.08735    -0.01002    -0.08271    -0.80004    -1.26590    -0.05659    -1.31190    -0.84139    -4.53138
    -2.88001    -0.11507    -0.09608    -0.01826    -0.10398    -0.09229    -0.40089    -0.16338    -0.39434    -0.08953    -1.47382
    -2.78301    -0.01818    -0.08338    -0.01084    -0.09437    -0.22058    -0.45437    -0.01304    -0.46702    -0.21875    -1.58054
    -2.68501    -0.04594    -0.17663    -0.02338    -0.18524    -0.43746    -0.80872    -0.05633    -0.69976    -0.35463    -2.78809
    -2.58701    -0.07128    -0.14989    -0.05070    -0.12991    -0.19504    -0.40140    -0.06644    -0.51514    -0.29160    -1.87140
    -2.49001    -0.02522    -0.21672    -0.24435    -0.20245    -0.31822    -0.41418    -0.04348    -0.37748    -0.29273    -2.13483
    -2.39201    -0.00920    -0.06182    -0.35168    -0.06073    -0.19072    -0.19274    -0.02273    -0.18868    -0.20175    -1.28005
    -2.29401     0.00000     0.00000     0.00000     0.00000     0.00000     0.00000     0.00000     0.00000     0.00000     0.00000
    -2.19701    -0.03217    -0.03617    -0.31653    -0.04156    -0.11412    -0.23822    -0.07023    -0.24329    -0.10497    -1.19726
    -2.09901    -0.02609    -0.08264    -0.11410    -0.08365    -0.05230    -0.25077    -0.07327    -0.21654    -0.05132    -0.95068
    -2.00101    -0.02570    -0.07679    -0.06200    -0.07927    -0.03316    -0.21555    -0.04676    -0.21440    -0.03297    -0.78661
    -1.90401    -0.03940    -0.12749    -0.04972    -0.12554    -0.05762    -0.30926    -0.05718    -0.29604    -0.05792    -1.12017
    -1.80601    -0.00043    -0.00062    -0.00031    -0.00059    -0.00141    -0.00300    -0.00044    -0.00269    -0.00130    -0.01080
    -1.70901    -0.00980    -0.00830    -0.00843    -0.00794    -0.01768    -0.01126    -0.01865    -0.01534    -0.02250    -0.11991
    -1.61101    -0.04998    -0.05835    -0.16649    -0.06585    -0.31969    -0.09344    -0.08597    -0.08485    -0.30031    -1.22493
    -1.51301    -0.00315    -0.01045    -0.00997    -0.01037    -0.00956    -0.01208    -0.00964    -0.01384    -0.00848    -0.08755
    -1.41601    -0.01038    -0.13971    -0.04940    -0.16861    -0.11599    -0.15648    -0.03683    -0.16389    -0.09564    -0.93694
    -1.31801    -0.00021    -0.04505    -0.00136    -0.04304    -0.02431    -0.01566    -0.00098    -0.01569    -0.02496    -0.17127
    -1.22001     0.00000     0.00000     0.00000     0.00000     0.00000     0.00000     0.00000     0.00000     0.00000     0.00000
    -1.12301     0.00000     0.00000     0.00000     0.00000     0.00000     0.00000     0.00000     0.00000     0.00000     0.00000
    -1.02501     0.00000     0.00000     0.00000     0.00000     0.00000     0.00000     0.00000     0.00000     0.00000     0.00000
    -0.92801     0.00000     0.00000     0.00000     0.00000     0.00000     0.00000     0.00000     0.00000     0.00000     0.00000
    -0.83001     0.00000     0.00000     0.00000     0.00000     0.00000     0.00000     0.00000     0.00000     0.00000     0.00000
    -0.73201     0.00000     0.00000     0.00000     0.00000     0.00000     0.00000     0.00000     0.00000     0.00000     0.00000
    -0.63501     0.00000     0.00000     0.00000     0.00000     0.00000     0.00000     0.00000     0.00000     0.00000     0.00000
    -0.53701     0.00000     0.00000     0.00000     0.00000     0.00000     0.00000     0.00000     0.00000     0.00000     0.00000
    -0.43901     0.00000     0.00000     0.00000     0.00000     0.00000     0.00000     0.00000     0.00000     0.00000     0.00000
    -0.34201     0.00000     0.00000     0.00000     0.00000     0.00000     0.00000     0.00000     0.00000     0.00000     0.00000
    -0.24401     0.00000     0.00000     0.00000     0.00000     0.00000     0.00000     0.00000     0.00000     0.00000     0.00000
    -0.14601     0.00000     0.00000     0.00000     0.00000     0.00000     0.00000     0.00000     0.00000     0.00000     0.00000
    -0.04901     0.00000     0.00000     0.00000     0.00000     0.00000     0.00000     0.00000     0.00000     0.00000     0.00000
     0.04899     0.00000     0.00000     0.00000     0.00000     0.00000     0.00000     0.00000     0.00000     0.00000     0.00000
     0.14599     0.00000     0.00000     0.00000     0.00000     0.00000     0.00000     0.00000     0.00000     0.00000     0.00000
     0.24399     0.00000     0.00000     0.00000     0.00000     0.00000     0.00000     0.00000     0.00000     0.00000     0.00000
     0.34199     0.00000     0.00000     0.00000     0.00000     0.00000     0.00000     0.00000     0.00000     0.00000     0.00000
     0.43899     0.00000     0.00000     0.00000     0.00000     0.00000     0.00000     0.00000     0.00000     0.00000     0.00000
     0.53699     0.00000     0.00000     0.00000     0.00000     0.00000     0.00000     0.00000     0.00000     0.00000     0.00000
     0.63499     0.00000     0.00000     0.00000     0.00000     0.00000     0.00000     0.00000     0.00000     0.00000     0.00000
     0.73199     0.00000     0.00000     0.00000     0.00000     0.00000     0.00000     0.00000     0.00000     0.00000     0.00000
     0.82999     0.00000     0.00000     0.00000     0.00000     0.00000     0.00000     0.00000     0.00000     0.00000     0.00000
     0.92799     0.00000     0.00000     0.00000     0.00000     0.00000     0.00000     0.00000     0.00000     0.00000     0.00000
     1.02499     0.00000     0.00000     0.00000     0.00000     0.00000     0.00000     0.00000     0.00000     0.00000     0.00000
     1.12299     0.00000     0.00000     0.00000     0.00000     0.00000     0.00000     0.00000     0.00000     0.00000     0.00000
     1.21999     0.00000     0.00000     0.00000     0.00000     0.00000     0.00000     0.00000     0.00000     0.00000     0.00000
     1.31799     0.00000     0.00000     0.00000     0.00000     0.00000     0.00000     0.00000     0.00000     0.00000     0.00000
     1.41599     0.00000     0.00000     0.00000     0.00000     0.00000     0.00000     0.00000     0.00000     0.00000     0.00000
     1.51299     0.00000     0.00000     0.00000     0.00000     0.00000     0.00000     0.00000     0.00000     0.00000     0.00000
     1.61099     0.00000     0.00000     0.00000     0.00000     0.00000     0.00000     0.00000     0.00000     0.00000     0.00000
     1.70899     0.00000     0.00000     0.00000     0.00000     0.00000     0.00000     0.00000     0.00000     0.00000     0.00000
     1.80599     0.00000     0.00000     0.00000     0.00000     0.00000     0.00000     0.00000     0.00000     0.00000     0.00000
     1.90399     0.00000     0.00000     0.00000     0.00000     0.00000     0.00000     0.00000     0.00000     0.00000     0.00000
     2.00099     0.00000     0.00000     0.00000     0.00000     0.00000     0.00000     0.00000     0.00000     0.00000     0.00000
     2.09899     0.00000     0.00000     0.00000     0.00000     0.00000     0.00000     0.00000     0.00000     0.00000     0.00000
     2.19699     0.00000     0.00000     0.00000     0.00000     0.00000     0.00000     0.00000     0.00000     0.00000     0.00000
     2.29399    -0.02971    -0.00635    -0.00017    -0.00637    -0.63297    -3.38160    -5.22850    -3.42200    -0.61702   -13.32469
     2.39199    -0.16980    -0.02704    -0.00048    -0.02695    -2.52920    -6.49100   -14.20900    -6.45220    -2.47800   -32.38366
     2.48999    -0.12559    -0.01626    -0.00117    -0.01474    -2.31070   -17.82800    -8.78700   -21.21000    -2.38880   -52.68226
     2.58699    -0.04085    -0.00529    -0.01163    -0.00560   -14.25590    -7.01040    -4.40400    -6.45070   -13.00820   -45.19256
     2.68499    -0.08425    -0.02272    -0.00630    -0.02393   -25.52200    -7.92260    -1.26890    -6.92920   -24.07200   -65.85191
     2.78299    -0.04866    -0.01268    -0.00775    -0.01206    -6.79230    -1.24966    -2.15300    -1.21760    -6.70700   -18.20071
     2.87999    -0.07335    -0.00615    -0.00432    -0.00594    -5.75060    -0.68806    -2.05920    -0.76469    -5.50630   -14.85861
     2.97799    -0.05994    -0.02417    -0.01058    -0.02387   -11.77800   -22.60200    -7.69390   -16.74200   -10.91600   -69.85047
     3.07499    -0.09884    -0.02635    -0.00308    -0.01781    -2.12200   -11.44120   -25.25270   -16.07500    -2.38820   -57.42518
     3.17299     0.00000     0.00000     0.00000     0.00000     0.00000     0.00000     0.00000     0.00000     0.00000     0.00000
     3.27099     0.00000     0.00000     0.00000     0.00000     0.00000     0.00000     0.00000     0.00000     0.00000     0.00000
     3.36799     0.00000     0.00000     0.00000     0.00000     0.00000     0.00000     0.00000     0.00000     0.00000     0.00000
     3.46599     0.00000     0.00000     0.00000     0.00000     0.00000     0.00000     0.00000     0.00000     0.00000     0.00000
     3.56399     0.00000     0.00000     0.00000     0.00000     0.00000     0.00000     0.00000     0.00000     0.00000     0.00000
     3.66099     0.00000     0.00000     0.00000     0.00000     0.00000     0.00000     0.00000     0.00000     0.00000     0.00000
     3.75899     0.00000     0.00000     0.00000     0.00000     0.00000     0.00000     0.00000     0.00000     0.00000     0.00000
     3.85699     0.00000     0.00000     0.00000     0.00000     0.00000     0.00000     0.00000     0.00000     0.00000     0.00000
     3.95399     0.00000     0.00000     0.00000     0.00000     0.00000     0.00000     0.00000     0.00000     0.00000     0.00000
     4.05199     0.00000     0.00000     0.00000     0.00000     0.00000     0.00000     0.00000     0.00000     0.00000     0.00000
     4.14899     0.00000     0.00000     0.00000     0.00000     0.00000     0.00000     0.00000     0.00000     0.00000     0.00000
     4.24699     0.00000     0.00000     0.00000     0.00000     0.00000     0.00000     0.00000     0.00000     0.00000     0.00000
     4.34499     0.00000     0.00000     0.00000     0.00000     0.00000     0.00000     0.00000     0.00000     0.00000     0.00000
     4.44199     0.00000     0.00000     0.00000     0.00000     0.00000     0.00000     0.00000     0.00000     0.00000     0.00000
     4.53999    -0.11031    -0.00110    -0.00026    -0.00108    -0.00275    -0.00083    -0.00161    -0.00100    -0.00278    -0.12172
     4.63799    -0.06585    -0.00159    -0.00021    -0.00161    -0.00223    -0.00120    -0.00308    -0.00132    -0.00235    -0.07944
     4.73499    -0.06874    -0.00263    -0.00038    -0.00273    -0.00373    -0.00217    -0.00536    -0.00253    -0.00383    -0.09212
     4.83299    -0.03241    -0.00178    -0.00036    -0.00186    -0.00324    -0.00154    -0.00332    -0.00208    -0.00311    -0.04971
     4.92999     0.00000     0.00000     0.00000     0.00000     0.00000     0.00000     0.00000     0.00000     0.00000     0.00000
     5.02799    -0.04232    -0.00455    -0.00077    -0.00426    -0.00496    -0.00387    -0.00909    -0.00453    -0.00512    -0.07947
     5.12599    -0.09710    -0.00593    -0.00658    -0.00695    -0.01059    -0.00632    -0.01205    -0.00648    -0.01155    -0.16356
     5.22299    -0.01669    -0.00175    -0.00091    -0.00195    -0.00341    -0.00116    -0.00235    -0.00178    -0.00255    -0.03256
     5.32099    -0.02687    -0.00385    -0.00136    -0.00378    -0.00645    -0.00348    -0.00551    -0.00351    -0.00623    -0.06104
     5.41899    -0.10198    -0.02043    -0.00546    -0.02027    -0.02898    -0.01432    -0.02031    -0.01335    -0.02636    -0.25145
     5.51599    -0.06389    -0.01030    -0.00334    -0.01206    -0.01887    -0.00705    -0.00859    -0.00840    -0.02073    -0.15323
     5.61399    -0.04362    -0.00775    -0.00266    -0.00893    -0.01406    -0.00479    -0.00526    -0.00582    -0.01447    -0.10736
     5.71199    -0.12698    -0.03452    -0.00953    -0.03231    -0.03805    -0.01740    -0.02062    -0.01662    -0.03715    -0.33317
     5.80899    -0.15897    -0.06301    -0.01973    -0.06964    -0.03599    -0.01125    -0.01987    -0.01343    -0.04014    -0.43202
     5.90699    -0.46548    -0.09591    -0.03224    -0.07997    -0.02979    -0.01432    -0.01775    -0.01538    -0.03488    -0.78571
     6.00399    -2.02580    -0.19946    -0.05338    -0.19755    -0.04977    -0.02116    -0.02776    -0.02046    -0.04314    -2.63848
     6.10199    -1.37960    -0.11042    -0.11578    -0.11927    -0.05880    -0.02586    -0.04585    -0.02429    -0.05172    -1.93158
     6.19999    -1.21850    -0.11242    -0.02583    -0.09414    -0.03767    -0.02090    -0.04088    -0.02029    -0.03551    -1.60615
     6.29699    -0.54509    -0.05266    -0.06230    -0.05675    -0.01650    -0.00875    -0.02471    -0.00865    -0.01354    -0.78894
     6.39499    -1.60590    -0.25704    -0.08875    -0.23065    -0.05492    -0.03455    -0.09319    -0.02753    -0.05282    -2.44535
     6.49299    -1.29620    -0.13992    -0.10027    -0.13153    -0.03210    -0.02203    -0.10738    -0.02630    -0.03791    -1.89363
     6.58999    -1.55570    -0.17665    -0.18242    -0.18629    -0.10498    -0.04243    -0.09142    -0.04444    -0.09157    -2.47590
     6.68799    -1.12330    -0.16946    -0.13449    -0.13819    -0.07392    -0.04342    -0.05796    -0.03676    -0.07653    -1.85403
     6.78599    -1.26560    -0.13901    -0.12659    -0.13426    -0.13572    -0.04554    -0.05087    -0.03909    -0.13989    -2.07659
     6.88299    -1.57090    -0.27593    -0.25643    -0.26183    -0.13909    -0.05121    -0.05181    -0.04991    -0.13475    -2.79186
     6.98099    -1.05700    -0.14841    -0.14298    -0.12945    -0.07839    -0.03149    -0.03678    -0.02964    -0.08392    -1.73805
     7.07799    -1.20160    -0.21586    -0.11234    -0.18009    -0.07701    -0.02625    -0.03890    -0.02859    -0.08474    -1.96539
     7.17599    -0.93120    -0.14887    -0.26555    -0.16567    -0.06185    -0.03433    -0.04482    -0.03158    -0.06633    -1.75020
     7.27399    -1.21936    -0.19207    -0.25111    -0.16568    -0.05988    -0.02274    -0.04004    -0.02796    -0.06191    -2.04075
     7.37099    -0.37143    -0.18013    -0.41162    -0.22495    -0.05303    -0.03351    -0.02947    -0.02956    -0.05232    -1.38602
     7.46899    -0.52289    -0.24197    -0.34939    -0.25175    -0.05048    -0.04722    -0.04203    -0.04667    -0.05654    -1.60894
     7.56699    -0.29230    -0.14104    -0.23981    -0.15616    -0.04404    -0.03589    -0.02675    -0.03528    -0.03942    -1.01069
     7.66399    -0.24854    -0.21516    -0.42878    -0.24928    -0.05957    -0.04795    -0.04069    -0.04818    -0.05796    -1.39611
     7.76199    -0.23629    -0.23962    -0.30316    -0.29053    -0.05474    -0.04450    -0.04330    -0.04125    -0.06291    -1.31629
     7.85999    -0.22542    -0.20581    -0.24801    -0.30693    -0.08994    -0.06154    -0.08971    -0.07407    -0.09930    -1.40073
     7.95699    -0.15043    -0.25249    -0.22900    -0.17563    -0.08066    -0.07038    -0.08461    -0.06837    -0.07299    -1.18456
     8.05499    -0.22863    -0.32523    -0.48081    -0.35353    -0.17007    -0.12228    -0.20475    -0.14240    -0.21648    -2.24418
     8.15199    -0.12563    -0.18896    -0.23879    -0.17562    -0.12850    -0.08317    -0.14456    -0.07417    -0.12314    -1.28253
     8.24999    -0.22272    -0.30647    -0.31888    -0.26723    -0.15954    -0.11436    -0.18155    -0.09301    -0.12991    -1.79367
     8.34799    -0.34872    -0.30888    -0.25766    -0.25016    -0.11358    -0.07282    -0.16169    -0.08767    -0.13405    -1.73523
     8.44499    -0.20417    -0.21812    -0.26828    -0.25207    -0.13041    -0.08075    -0.10525    -0.04291    -0.08979    -1.39175
     8.54299    -0.23704    -0.32941    -0.24415    -0.28515    -0.20773    -0.12487    -0.18990    -0.10502    -0.21420    -1.93746
     8.64099    -0.25915    -0.27834    -0.18932    -0.30794    -0.23356    -0.15816    -0.26792    -0.14355    -0.22763    -2.06557
     8.73799    -0.14512    -0.16364    -0.16064    -0.15662    -0.15712    -0.10522    -0.16953    -0.09247    -0.14994    -1.30030
     8.83599    -0.11916    -0.17632    -0.14180    -0.11728    -0.09167    -0.06837    -0.13441    -0.07641    -0.09751    -1.02293
     8.93299    -0.26885    -0.34569    -0.33015    -0.33675    -0.23815    -0.16075    -0.40019    -0.14885    -0.22436    -2.45374
     9.03099    -0.21089    -0.40025    -0.44816    -0.41748    -0.22409    -0.13211    -0.41033    -0.13791    -0.21728    -2.59850
     9.12899    -0.19939    -0.36121    -0.38084    -0.35686    -0.16759    -0.11075    -0.29802    -0.10498    -0.17259    -2.15223
     9.22599    -0.14926    -0.31569    -0.33152    -0.32950    -0.13371    -0.07775    -0.18832    -0.08365    -0.14471    -1.75411
     9.32399    -0.15003    -0.36032    -0.32889    -0.39671    -0.13636    -0.07261    -0.17827    -0.08210    -0.14688    -1.85216
     9.42199    -0.24198    -0.40929    -0.36301    -0.40310    -0.17049    -0.12284    -0.22844    -0.12415    -0.17186    -2.23516
     9.51899    -0.14549    -0.36180    -0.28145    -0.36481    -0.11058    -0.06545    -0.14366    -0.07882    -0.13005    -1.68211
     9.61699    -0.27422    -0.86743    -0.52000    -0.88563    -0.25236    -0.15916    -0.30144    -0.17780    -0.28004    -3.71808
     9.71499    -0.04903    -0.11591    -0.08372    -0.09721    -0.05218    -0.02581    -0.06773    -0.03239    -0.04323    -0.56721
     9.81199    -0.29428    -1.04479    -0.28264    -0.92077    -0.16715    -0.13365    -0.26968    -0.12773    -0.17104    -3.41173
     9.90999    -0.34759    -0.92080    -0.50158    -0.81614    -0.23581    -0.14675    -0.32861    -0.15329    -0.27319    -3.72376
    10.00699    -0.14145    -0.41805    -0.25196    -0.49023    -0.15050    -0.11943    -0.32092    -0.12450    -0.18198    -2.19902
    10.10499    -0.19928    -0.55424    -0.27667    -0.53518    -0.16579    -0.13042    -0.23830    -0.12099    -0.16412    -2.38499
    10.20299    -0.16685    -0.49336    -0.23901    -0.48960    -0.16415    -0.12449    -0.17498    -0.13778    -0.18632    -2.17654
    10.29999    -0.04673    -0.09284    -0.04843    -0.11433    -0.04270    -0.02593    -0.03683    -0.02652    -0.03415    -0.46846
    10.39799     0.00000     0.00000     0.00000     0.00000     0.00000     0.00000     0.00000     0.00000     0.00000     0.00000
    10.49599     0.00000     0.00000     0.00000     0.00000     0.00000     0.00000     0.00000     0.00000     0.00000     0.00000
    10.59299     0.00000     0.00000     0.00000     0.00000     0.00000     0.00000     0.00000     0.00000     0.00000     0.00000
    10.69099     0.00000     0.00000     0.00000     0.00000     0.00000     0.00000     0.00000     0.00000     0.00000     0.00000
    10.78899     0.00000     0.00000     0.00000     0.00000     0.00000     0.00000     0.00000     0.00000     0.00000     0.00000
    10.88599     0.00000     0.00000     0.00000     0.00000     0.00000     0.00000     0.00000     0.00000     0.00000     0.00000
    10.98399     0.00000     0.00000     0.00000     0.00000     0.00000     0.00000     0.00000     0.00000     0.00000     0.00000
    11.08099     0.00000     0.00000     0.00000     0.00000     0.00000     0.00000     0.00000     0.00000     0.00000     0.00000
    11.17899     0.00000     0.00000     0.00000     0.00000     0.00000     0.00000     0.00000     0.00000     0.00000     0.00000
    11.27699     0.00000     0.00000     0.00000     0.00000     0.00000     0.00000     0.00000     0.00000     0.00000     0.00000
    11.37399     0.00000     0.00000     0.00000     0.00000     0.00000     0.00000     0.00000     0.00000     0.00000     0.00000
    11.47199     0.00000     0.00000     0.00000     0.00000     0.00000     0.00000     0.00000     0.00000     0.00000     0.00000
    11.56999     0.00000     0.00000     0.00000     0.00000     0.00000     0.00000     0.00000     0.00000     0.00000     0.00000
    11.66699     0.00000     0.00000     0.00000     0.00000     0.00000     0.00000     0.00000     0.00000     0.00000     0.00000
