      #Energy        TDOS-UP        TDOS-DOWN
     -17.62301       0.00000       0.00000
     -17.52501       0.00000       0.00000
     -17.42801       0.00000       0.00000
     -17.33001       0.00000       0.00000
     -17.23201       0.00000       0.00000
     -17.13501       0.00000       0.00000
     -17.03701       0.00000       0.00000
     -16.93901       0.00000       0.00000
     -16.84201       0.00000       0.00000
     -16.74401       0.00000       0.00000
     -16.64601       0.00000       0.00000
     -16.54901       0.00000       0.00000
     -16.45101       0.00000       0.00000
     -16.35401       0.00000       0.00000
     -16.25601       0.00000       0.00000
     -16.15801       0.00000       0.00000
     -16.06101       0.00000       0.00000
     -15.96301       0.00000       0.00000
     -15.86501       0.00000       0.00000
     -15.76801       0.00000       0.00000
     -15.67001       0.00000       0.00000
     -15.57301       0.00000       0.00000
     -15.47501       0.00000       0.00000
     -15.37701       0.00000      -9.54100
     -15.28001       9.13600     -11.05000
     -15.18201      15.97000     -11.61000
     -15.08401      12.70000     -13.66000
     -14.98701       7.62500       0.00000
     -14.88901       0.00000     -23.71000
     -14.79101      13.86000     -28.95000
     -14.69401      36.30000     -75.56000
     -14.59601      55.50000     -18.46000
     -14.49901     170.20000    -162.40000
     -14.40101       0.00000       0.00000
     -14.30301       0.00000       0.00000
     -14.20601       0.00000       0.00000
     -14.10801       0.00000       0.00000
     -14.01001       0.00000       0.00000
     -13.91301       0.00000       0.00000
     -13.81501       0.00000       0.00000
     -13.71701       0.00000       0.00000
     -13.62001       0.00000       0.00000
     -13.52201       0.00000       0.00000
     -13.42501       0.00000       0.00000
     -13.32701       0.00000       0.00000
     -13.22901       0.00000       0.00000
     -13.13201       0.00000       0.00000
     -13.03401       0.00000       0.00000
     -12.93601       0.00000       0.00000
     -12.83901       0.00000       0.00000
     -12.74101       0.00000       0.00000
     -12.64401       0.00000       0.00000
     -12.54601       0.00000       0.00000
     -12.44801       0.00000       0.00000
     -12.35101       0.00000       0.00000
     -12.25301       0.00000       0.00000
     -12.15501       0.00000       0.00000
     -12.05801       0.00000       0.00000
     -11.96001       0.00000       0.00000
     -11.86201       0.00000       0.00000
     -11.76501       0.00000       0.00000
     -11.66701       0.00000       0.00000
     -11.57001       0.00000       0.00000
     -11.47201       0.00000       0.00000
     -11.37401       0.00000       0.00000
     -11.27701       0.00000       0.00000
     -11.17901       0.00000       0.00000
     -11.08101       0.00000       0.00000
     -10.98401       0.00000       0.00000
     -10.88601       0.00000       0.00000
     -10.78801       0.00000       0.00000
     -10.69101       0.00000       0.00000
     -10.59301       0.00000       0.00000
     -10.49601       0.00000       0.00000
     -10.39801       0.00000       0.00000
     -10.30001       0.00000       0.00000
     -10.20301       0.00000       0.00000
     -10.10501       0.00000       0.00000
     -10.00701       0.00000       0.00000
      -9.91001       0.00000       0.00000
      -9.81201       0.00000       0.00000
      -9.71501       0.00000       0.00000
      -9.61701       0.00000       0.00000
      -9.51901       0.00000       0.00000
      -9.42201       0.00000       0.00000
      -9.32401       0.00000       0.00000
      -9.22601       0.00000       0.00000
      -9.12901       0.00000       0.00000
      -9.03101       0.00000       0.00000
      -8.93301       0.00000       0.00000
      -8.83601       0.00000       0.00000
      -8.73801       0.00000       0.00000
      -8.64101       0.00000       0.00000
      -8.54301       0.00000       0.00000
      -8.44501       0.00000       0.00000
      -8.34801       0.00000       0.00000
      -8.25001       0.00000       0.00000
      -8.15201       0.00000       0.00000
      -8.05501       0.00000       0.00000
      -7.95701       0.00000       0.00000
      -7.85901       0.00000       0.00000
      -7.76201       0.00000       0.00000
      -7.66401       0.00000       0.00000
      -7.56701       0.00000       0.00000
      -7.46901       0.00000       0.00000
      -7.37101       0.00000       0.00000
      -7.27401       0.00000       0.00000
      -7.17601       0.00000       0.00000
      -7.07801       0.00000       0.00000
      -6.98101       0.00000       0.00000
      -6.88301       0.00000       0.00000
      -6.78601       0.00000       0.00000
      -6.68801       0.00000       0.00000
      -6.59001       0.00000       0.00000
      -6.49301       0.00000       0.00000
      -6.39501       0.00000       0.00000
      -6.29701       0.00000       0.00000
      -6.20001       0.00000       0.00000
      -6.10201       0.00000       0.00000
      -6.00401       0.00000       0.00000
      -5.90701       0.00000       0.00000
      -5.80901       0.00000       0.00000
      -5.71201       0.00000       0.00000
      -5.61401       0.00000       0.00000
      -5.51601       0.00000       0.00000
      -5.41901       0.00000       0.00000
      -5.32101       0.00000       0.00000
      -5.22301       5.32900       0.00000
      -5.12601       5.07500       0.00000
      -5.02801       2.31900       0.00000
      -4.93001      18.11000       0.00000
      -4.83301      14.72000     -11.18000
      -4.73501       7.47200      -4.79400
      -4.63801      91.84000       0.00000
      -4.54001      20.33000       0.00000
      -4.44201      42.40000     -24.02000
      -4.34501      32.56000       0.00000
      -4.24701       9.99100     -10.60000
      -4.14901       0.00000     -33.36000
      -4.05201      10.89000     -27.65000
      -3.95401       9.74500     -13.57000
      -3.85701       9.95800     -42.31000
      -3.75901      50.29000     -19.44000
      -3.66101      17.09000     -13.22000
      -3.56401       6.91500     -18.85000
      -3.46601      18.62000      -6.38600
      -3.36801      10.93000     -19.26000
      -3.27101      26.07000      -4.69900
      -3.17301      39.48000      -5.05800
      -3.07501      46.17000     -18.58000
      -2.97801       2.36500     -27.80000
      -2.88001      19.24000     -18.38000
      -2.78301      20.72000     -16.62000
      -2.68501      24.76000     -28.47000
      -2.58701      16.83000     -26.30000
      -2.49001      30.29000     -32.23000
      -2.39201      21.13000     -27.21000
      -2.29401      26.92000       0.00000
      -2.19701      21.89000     -20.53000
      -2.09901      34.58000     -19.05000
      -2.00101      62.13000     -16.82000
      -1.90401       0.00000     -30.88000
      -1.80601       8.99400      -0.35020
      -1.70901      14.25000      -4.47400
      -1.61101      30.18000     -50.45000
      -1.51301      85.85000      -3.83800
      -1.41601      18.48000     -39.25000
      -1.31801      19.64000      -6.43700
      -1.22001      15.57000       0.00000
      -1.12301      24.44000       0.00000
      -1.02501       0.00000       0.00000
      -0.92801       0.00000       0.00000
      -0.83001       0.00000       0.00000
      -0.73201       0.00000       0.00000
      -0.63501       0.00000       0.00000
      -0.53701       0.00000       0.00000
      -0.43901       0.00000       0.00000
      -0.34201       0.00000       0.00000
      -0.24401       0.00000       0.00000
      -0.14601       0.00000       0.00000
      -0.04901       0.00000       0.00000
       0.04899       0.00000       0.00000
       0.14599       0.00000       0.00000
       0.24399       0.00000       0.00000
       0.34199       0.00000       0.00000
       0.43899       0.00000       0.00000
       0.53699       0.00000       0.00000
       0.63499       0.00000       0.00000
       0.73199      32.13000       0.00000
       0.82999      61.12000       0.00000
       0.92799       8.42700       0.00000
       1.02499      26.90000       0.00000
       1.12299       0.00000       0.00000
       1.21999       0.00000       0.00000
       1.31799       0.00000       0.00000
       1.41599       0.00000       0.00000
       1.51299       0.00000       0.00000
       1.61099       0.00000       0.00000
       1.70899       0.00000       0.00000
       1.80599       0.00000       0.00000
       1.90399       0.00000       0.00000
       2.00099       0.00000       0.00000
       2.09899       0.00000       0.00000
       2.19699       0.00000       0.00000
       2.29399       0.00000     -17.93000
       2.39199       0.00000     -42.11000
       2.48999       0.00000     -67.16000
       2.58699       0.00000     -57.73000
       2.68499       0.00000     -84.28000
       2.78299       0.00000     -23.88000
       2.87999       0.00000     -18.97000
       2.97799       0.00000     -88.12000
       3.07499       0.00000     -69.51000
       3.17299       0.00000       0.00000
       3.27099       0.00000       0.00000
       3.36799       0.00000       0.00000
       3.46599       0.00000       0.00000
       3.56399       0.00000       0.00000
       3.66099       0.00000       0.00000
       3.75899       0.00000       0.00000
       3.85699       0.00000       0.00000
       3.95399       0.00000       0.00000
       4.05199       0.00000       0.00000
       4.14899       0.00000       0.00000
       4.24699       0.00000       0.00000
       4.34499       0.80240       0.00000
       4.44199       1.48400       0.00000
       4.53999       1.79400      -2.70700
       4.63799       2.30100      -1.99000
       4.73499       2.54600      -3.07500
       4.83299      24.71000      -2.55300
       4.92999       2.30700       0.00000
       5.02799      10.09000      -2.76800
       5.12599       0.15650      -6.20000
       5.22299       2.67600      -1.22300
       5.32099       9.41700      -2.43200
       5.41899      11.68000      -9.87600
       5.51599       7.29100      -5.76900
       5.61399       0.50580      -4.26800
       5.71199       4.58700     -11.09000
       5.80899      36.18000     -16.08000
       5.90699      15.83000     -15.00000
       6.00399      16.24000     -33.37000
       6.10199      26.37000     -23.91000
       6.19999      22.30000     -18.90000
       6.29699      33.88000      -9.84400
       6.39499       9.81400     -28.27000
       6.49299      41.42000     -24.63000
       6.58999      28.53000     -33.97000
       6.68799       9.11500     -23.81000
       6.78599       6.66500     -31.00000
       6.88299      42.22000     -50.99000
       6.98099      14.39000     -24.98000
       7.07799      30.27000     -25.52000
       7.17599      42.50000     -25.25000
       7.27399      38.29000     -25.91000
       7.37099      34.41000     -25.73000
       7.46899      31.24000     -28.33000
       7.56699      27.17000     -22.87000
       7.66399      34.19000     -29.80000
       7.76199      31.25000     -27.05000
       7.85999      44.93000     -33.01000
       7.95699      31.85000     -27.43000
       8.05499      35.38000     -41.82000
       8.15199      43.60000     -30.19000
       8.24999      34.94000     -33.62000
       8.34799      37.39000     -33.38000
       8.44499      39.43000     -24.28000
       8.54299      30.12000     -38.87000
       8.64099      36.44000     -37.64000
       8.73799      54.88000     -23.90000
       8.83599      48.21000     -18.88000
       8.93299      84.51000     -48.24000
       9.03099      41.57000     -43.97000
       9.12899      33.73000     -42.13000
       9.22599      43.13000     -33.34000
       9.32399      43.59000     -40.61000
       9.42199     116.00000     -48.36000
       9.51899      52.43000     -35.40000
       9.61699      45.02000     -71.63000
       9.71499      52.21000     -12.38000
       9.81199      53.37000     -61.01000
       9.90999      26.72000     -72.85000
      10.00699      57.46000     -44.95000
      10.10499      52.41000     -53.01000
      10.20299       0.00000     -50.09000
      10.29999       0.00000      -9.81800
      10.39799       0.00000       0.00000
      10.49599       0.00000       0.00000
      10.59299       0.00000       0.00000
      10.69099       0.00000       0.00000
      10.78899       0.00000       0.00000
      10.88599       0.00000       0.00000
      10.98399       0.00000       0.00000
      11.08099       0.00000       0.00000
      11.17899       0.00000       0.00000
      11.27699       0.00000       0.00000
      11.37399       0.00000       0.00000
      11.47199       0.00000       0.00000
      11.56999       0.00000       0.00000
      11.66699       0.00000       0.00000
