     #Energy           s          py          pz          px         dxy         dyz         dz2         dxz         dx2       tot  
   -16.64228     0.00000     0.00000     0.00000     0.00000     0.00000     0.00000     0.00000     0.00000     0.00000     0.00000
   -16.55528     0.00000     0.00000     0.00000     0.00000     0.00000     0.00000     0.00000     0.00000     0.00000     0.00000
   -16.46828     0.00000     0.00000     0.00000     0.00000     0.00000     0.00000     0.00000     0.00000     0.00000     0.00000
   -16.38128     0.00000     0.00000     0.00000     0.00000     0.00000     0.00000     0.00000     0.00000     0.00000     0.00000
   -16.29428     0.00000     0.00000     0.00000     0.00000     0.00000     0.00000     0.00000     0.00000     0.00000     0.00000
   -16.20728     0.00000     0.00000     0.00000     0.00000     0.00000     0.00000     0.00000     0.00000     0.00000     0.00000
   -16.12028     0.00000     0.00000     0.00000     0.00000     0.00000     0.00000     0.00000     0.00000     0.00000     0.00000
   -16.03328     0.00000     0.00000     0.00000     0.00000     0.00000     0.00000     0.00000     0.00000     0.00000     0.00000
   -15.94628     0.00000     0.00000     0.00000     0.00000     0.00000     0.00000     0.00000     0.00000     0.00000     0.00000
   -15.85928     0.00000     0.00000     0.00000     0.00000     0.00000     0.00000     0.00000     0.00000     0.00000     0.00000
   -15.77328     0.00000     0.00000     0.00000     0.00000     0.00000     0.00000     0.00000     0.00000     0.00000     0.00000
   -15.68628     0.00000     0.00000     0.00000     0.00000     0.00000     0.00000     0.00000     0.00000     0.00000     0.00000
   -15.59928     0.00000     0.00000     0.00000     0.00000     0.00000     0.00000     0.00000     0.00000     0.00000     0.00000
   -15.51228     0.00000     0.00000     0.00000     0.00000     0.00000     0.00000     0.00000     0.00000     0.00000     0.00000
   -15.42528     0.00000     0.00000     0.00000     0.00000     0.00000     0.00000     0.00000     0.00000     0.00000     0.00000
   -15.33828     0.00000     0.00000     0.00000     0.00000     0.00000     0.00000     0.00000     0.00000     0.00000     0.00000
   -15.25128     0.00000     0.00000     0.00000     0.00000     0.00000     0.00000     0.00000     0.00000     0.00000     0.00000
   -15.16428     0.00000     0.00000     0.00000     0.00000     0.00000     0.00000     0.00000     0.00000     0.00000     0.00000
   -15.07728     0.00000     0.00000     0.00000     0.00000     0.00000     0.00000     0.00000     0.00000     0.00000     0.00000
   -14.99028     0.00000     0.00000     0.00000     0.00000     0.00000     0.00000     0.00000     0.00000     0.00000     0.00000
   -14.90428     0.00000     0.00000     0.00000     0.00000     0.00000     0.00000     0.00000     0.00000     0.00000     0.00000
   -14.81728     0.00000     0.00000     0.00000     0.00000     0.00000     0.00000     0.00000     0.00000     0.00000     0.00000
   -14.73028     0.00000     0.00000     0.00000     0.00000     0.00000     0.00000     0.00000     0.00000     0.00000     0.00000
   -14.64328     0.00000     0.00000     0.00000     0.00000     0.00000     0.00000     0.00000     0.00000     0.00000     0.00000
   -14.55628     0.00000     0.00000     0.00000     0.00000     0.00000     0.00000     0.00000     0.00000     0.00000     0.00000
   -14.46928     0.00000     0.00000     0.00000     0.00000     0.00000     0.00000     0.00000     0.00000     0.00000     0.00000
   -14.38228     0.00000     0.00000     0.00000     0.00000     0.00000     0.00000     0.00000     0.00000     0.00000     0.00000
   -14.29528     0.00000     0.00000     0.00000     0.00000     0.00000     0.00000     0.00000     0.00000     0.00000     0.00000
   -14.20828     0.00000     0.00000     0.00000     0.00000     0.00000     0.00000     0.00000     0.00000     0.00000     0.00000
   -14.12128     0.00000     0.00000     0.00000     0.00000     0.00000     0.00000     0.00000     0.00000     0.00000     0.00000
   -14.03528     0.00000     0.00000     0.00000     0.00000     0.00000     0.00000     0.00000     0.00000     0.00000     0.00000
   -13.94828     0.00000     0.00000     0.00000     0.00000     0.00000     0.00000     0.00000     0.00000     0.00000     0.00000
   -13.86128     0.00000     0.00000     0.00000     0.00000     0.00000     0.00000     0.00000     0.00000     0.00000     0.00000
   -13.77428     0.00000     0.00000     0.00000     0.00000     0.00000     0.00000     0.00000     0.00000     0.00000     0.00000
   -13.68728     0.00000     0.00000     0.00000     0.00000     0.00000     0.00000     0.00000     0.00000     0.00000     0.00000
   -13.60028     0.00000     0.00000     0.00000     0.00000     0.00000     0.00000     0.00000     0.00000     0.00000     0.00000
   -13.51328     0.00000     0.00000     0.00000     0.00000     0.00000     0.00000     0.00000     0.00000     0.00000     0.00000
   -13.42628     0.00000     0.00000     0.00000     0.00000     0.00000     0.00000     0.00000     0.00000     0.00000     0.00000
   -13.33928     0.00000     0.00000     0.00000     0.00000     0.00000     0.00000     0.00000     0.00000     0.00000     0.00000
   -13.25228     0.00000     0.00000     0.00000     0.00000     0.00000     0.00000     0.00000     0.00000     0.00000     0.00000
   -13.16528     0.00000     0.00000     0.00000     0.00000     0.00000     0.00000     0.00000     0.00000     0.00000     0.00000
   -13.07928     0.00000     0.00000     0.00000     0.00000     0.00000     0.00000     0.00000     0.00000     0.00000     0.00000
   -12.99228     0.00000     0.00000     0.00000     0.00000     0.00000     0.00000     0.00000     0.00000     0.00000     0.00000
   -12.90528     0.00000     0.00000     0.00000     0.00000     0.00000     0.00000     0.00000     0.00000     0.00000     0.00000
   -12.81828     0.00000     0.00000     0.00000     0.00000     0.00000     0.00000     0.00000     0.00000     0.00000     0.00000
   -12.73128     0.00000     0.00000     0.00000     0.00000     0.00000     0.00000     0.00000     0.00000     0.00000     0.00000
   -12.64428     0.00000     0.00000     0.00000     0.00000     0.00000     0.00000     0.00000     0.00000     0.00000     0.00000
   -12.55728     0.00000     0.00000     0.00000     0.00000     0.00000     0.00000     0.00000     0.00000     0.00000     0.00000
   -12.47028     0.00000     0.00000     0.00000     0.00000     0.00000     0.00000     0.00000     0.00000     0.00000     0.00000
   -12.38328    -0.00021    -0.00001    -0.00001    -0.00001     0.00000     0.00000     0.00000     0.00000     0.00000    -0.00024
   -12.29628    -0.00019    -0.00001    -0.00001    -0.00001     0.00000     0.00000     0.00000     0.00000     0.00000    -0.00022
   -12.21028    -0.00021    -0.00001    -0.00001    -0.00001     0.00000     0.00000     0.00000     0.00000     0.00000    -0.00025
   -12.12328    -0.00012    -0.00001    -0.00000    -0.00001     0.00000     0.00000     0.00000     0.00000     0.00000    -0.00014
   -12.03628     0.00000     0.00000     0.00000     0.00000     0.00000     0.00000     0.00000     0.00000     0.00000     0.00000
   -11.94928    -0.00016    -0.00001    -0.00001    -0.00001     0.00000     0.00000     0.00000     0.00000     0.00000    -0.00018
   -11.86228    -0.00007    -0.00000    -0.00000    -0.00000     0.00000     0.00000     0.00000     0.00000     0.00000    -0.00008
   -11.77528    -0.00012    -0.00001    -0.00001    -0.00001     0.00000     0.00000     0.00000     0.00000     0.00000    -0.00014
   -11.68828    -0.00050    -0.00002    -0.00003    -0.00002     0.00000     0.00000     0.00000     0.00000     0.00000    -0.00056
   -11.60128    -0.00009    -0.00000    -0.00000    -0.00000     0.00000     0.00000     0.00000     0.00000     0.00000    -0.00011
   -11.51428    -0.00065    -0.00002    -0.00001    -0.00001     0.00000     0.00000     0.00000     0.00000     0.00000    -0.00069
   -11.42728     0.00000     0.00000     0.00000     0.00000     0.00000     0.00000     0.00000     0.00000     0.00000     0.00000
   -11.34128     0.00000     0.00000     0.00000     0.00000     0.00000     0.00000     0.00000     0.00000     0.00000     0.00000
   -11.25428     0.00000     0.00000     0.00000     0.00000     0.00000     0.00000     0.00000     0.00000     0.00000     0.00000
   -11.16728     0.00000     0.00000     0.00000     0.00000     0.00000     0.00000     0.00000     0.00000     0.00000     0.00000
   -11.08028     0.00000     0.00000     0.00000     0.00000     0.00000     0.00000     0.00000     0.00000     0.00000     0.00000
   -10.99328     0.00000     0.00000     0.00000     0.00000     0.00000     0.00000     0.00000     0.00000     0.00000     0.00000
   -10.90628     0.00000     0.00000     0.00000     0.00000     0.00000     0.00000     0.00000     0.00000     0.00000     0.00000
   -10.81928     0.00000     0.00000     0.00000     0.00000     0.00000     0.00000     0.00000     0.00000     0.00000     0.00000
   -10.73228     0.00000     0.00000     0.00000     0.00000     0.00000     0.00000     0.00000     0.00000     0.00000     0.00000
   -10.64528     0.00000     0.00000     0.00000     0.00000     0.00000     0.00000     0.00000     0.00000     0.00000     0.00000
   -10.55828     0.00000     0.00000     0.00000     0.00000     0.00000     0.00000     0.00000     0.00000     0.00000     0.00000
   -10.47228     0.00000     0.00000     0.00000     0.00000     0.00000     0.00000     0.00000     0.00000     0.00000     0.00000
   -10.38528     0.00000     0.00000     0.00000     0.00000     0.00000     0.00000     0.00000     0.00000     0.00000     0.00000
   -10.29828     0.00000     0.00000     0.00000     0.00000     0.00000     0.00000     0.00000     0.00000     0.00000     0.00000
   -10.21128     0.00000     0.00000     0.00000     0.00000     0.00000     0.00000     0.00000     0.00000     0.00000     0.00000
   -10.12428     0.00000     0.00000     0.00000     0.00000     0.00000     0.00000     0.00000     0.00000     0.00000     0.00000
   -10.03728     0.00000     0.00000     0.00000     0.00000     0.00000     0.00000     0.00000     0.00000     0.00000     0.00000
    -9.95028     0.00000     0.00000     0.00000     0.00000     0.00000     0.00000     0.00000     0.00000     0.00000     0.00000
    -9.86328     0.00000     0.00000     0.00000     0.00000     0.00000     0.00000     0.00000     0.00000     0.00000     0.00000
    -9.77628     0.00000     0.00000     0.00000     0.00000     0.00000     0.00000     0.00000     0.00000     0.00000     0.00000
    -9.68928     0.00000     0.00000     0.00000     0.00000     0.00000     0.00000     0.00000     0.00000     0.00000     0.00000
    -9.60228     0.00000     0.00000     0.00000     0.00000     0.00000     0.00000     0.00000     0.00000     0.00000     0.00000
    -9.51628     0.00000     0.00000     0.00000     0.00000     0.00000     0.00000     0.00000     0.00000     0.00000     0.00000
    -9.42928     0.00000     0.00000     0.00000     0.00000     0.00000     0.00000     0.00000     0.00000     0.00000     0.00000
    -9.34228     0.00000     0.00000     0.00000     0.00000     0.00000     0.00000     0.00000     0.00000     0.00000     0.00000
    -9.25528     0.00000     0.00000     0.00000     0.00000     0.00000     0.00000     0.00000     0.00000     0.00000     0.00000
    -9.16828     0.00000     0.00000     0.00000     0.00000     0.00000     0.00000     0.00000     0.00000     0.00000     0.00000
    -9.08128     0.00000     0.00000     0.00000     0.00000     0.00000     0.00000     0.00000     0.00000     0.00000     0.00000
    -8.99428     0.00000     0.00000     0.00000     0.00000     0.00000     0.00000     0.00000     0.00000     0.00000     0.00000
    -8.90728     0.00000     0.00000     0.00000     0.00000     0.00000     0.00000     0.00000     0.00000     0.00000     0.00000
    -8.82028     0.00000     0.00000     0.00000     0.00000     0.00000     0.00000     0.00000     0.00000     0.00000     0.00000
    -8.73328     0.00000     0.00000     0.00000     0.00000     0.00000     0.00000     0.00000     0.00000     0.00000     0.00000
    -8.64728     0.00000     0.00000     0.00000     0.00000     0.00000     0.00000     0.00000     0.00000     0.00000     0.00000
    -8.56028     0.00000     0.00000     0.00000     0.00000     0.00000     0.00000     0.00000     0.00000     0.00000     0.00000
    -8.47328     0.00000     0.00000     0.00000     0.00000     0.00000     0.00000     0.00000     0.00000     0.00000     0.00000
    -8.38628     0.00000     0.00000     0.00000     0.00000     0.00000     0.00000     0.00000     0.00000     0.00000     0.00000
    -8.29928     0.00000     0.00000     0.00000     0.00000     0.00000     0.00000     0.00000     0.00000     0.00000     0.00000
    -8.21228     0.00000     0.00000     0.00000     0.00000     0.00000     0.00000     0.00000     0.00000     0.00000     0.00000
    -8.12528     0.00000     0.00000     0.00000     0.00000     0.00000     0.00000     0.00000     0.00000     0.00000     0.00000
    -8.03828     0.00000     0.00000     0.00000     0.00000     0.00000     0.00000     0.00000     0.00000     0.00000     0.00000
    -7.95128     0.00000     0.00000     0.00000     0.00000     0.00000     0.00000     0.00000     0.00000     0.00000     0.00000
    -7.86428     0.00000     0.00000     0.00000     0.00000     0.00000     0.00000     0.00000     0.00000     0.00000     0.00000
    -7.77828     0.00000     0.00000     0.00000     0.00000     0.00000     0.00000     0.00000     0.00000     0.00000     0.00000
    -7.69128     0.00000     0.00000     0.00000     0.00000     0.00000     0.00000     0.00000     0.00000     0.00000     0.00000
    -7.60428     0.00000     0.00000     0.00000     0.00000     0.00000     0.00000     0.00000     0.00000     0.00000     0.00000
    -7.51728     0.00000     0.00000     0.00000     0.00000     0.00000     0.00000     0.00000     0.00000     0.00000     0.00000
    -7.43028     0.00000     0.00000     0.00000     0.00000     0.00000     0.00000     0.00000     0.00000     0.00000     0.00000
    -7.34328     0.00000     0.00000     0.00000     0.00000     0.00000     0.00000     0.00000     0.00000     0.00000     0.00000
    -7.25628     0.00000     0.00000     0.00000     0.00000     0.00000     0.00000     0.00000     0.00000     0.00000     0.00000
    -7.16928     0.00000     0.00000     0.00000     0.00000     0.00000     0.00000     0.00000     0.00000     0.00000     0.00000
    -7.08228     0.00000     0.00000     0.00000     0.00000     0.00000     0.00000     0.00000     0.00000     0.00000     0.00000
    -6.99528     0.00000     0.00000     0.00000     0.00000     0.00000     0.00000     0.00000     0.00000     0.00000     0.00000
    -6.90828     0.00000     0.00000     0.00000     0.00000     0.00000     0.00000     0.00000     0.00000     0.00000     0.00000
    -6.82228     0.00000     0.00000     0.00000     0.00000     0.00000     0.00000     0.00000     0.00000     0.00000     0.00000
    -6.73528     0.00000     0.00000     0.00000     0.00000     0.00000     0.00000     0.00000     0.00000     0.00000     0.00000
    -6.64828     0.00000     0.00000     0.00000     0.00000     0.00000     0.00000     0.00000     0.00000     0.00000     0.00000
    -6.56128     0.00000     0.00000     0.00000     0.00000     0.00000     0.00000     0.00000     0.00000     0.00000     0.00000
    -6.47428     0.00000     0.00000     0.00000     0.00000     0.00000     0.00000     0.00000     0.00000     0.00000     0.00000
    -6.38728     0.00000     0.00000     0.00000     0.00000     0.00000     0.00000     0.00000     0.00000     0.00000     0.00000
    -6.30028     0.00000     0.00000     0.00000     0.00000     0.00000     0.00000     0.00000     0.00000     0.00000     0.00000
    -6.21328     0.00000     0.00000     0.00000     0.00000     0.00000     0.00000     0.00000     0.00000     0.00000     0.00000
    -6.12628     0.00000     0.00000     0.00000     0.00000     0.00000     0.00000     0.00000     0.00000     0.00000     0.00000
    -6.03928     0.00000     0.00000     0.00000     0.00000     0.00000     0.00000     0.00000     0.00000     0.00000     0.00000
    -5.95328     0.00000     0.00000     0.00000     0.00000     0.00000     0.00000     0.00000     0.00000     0.00000     0.00000
    -5.86628     0.00000     0.00000     0.00000     0.00000     0.00000     0.00000     0.00000     0.00000     0.00000     0.00000
    -5.77928     0.00000     0.00000     0.00000     0.00000     0.00000     0.00000     0.00000     0.00000     0.00000     0.00000
    -5.69228     0.00000     0.00000     0.00000     0.00000     0.00000     0.00000     0.00000     0.00000     0.00000     0.00000
    -5.60528     0.00000     0.00000     0.00000     0.00000     0.00000     0.00000     0.00000     0.00000     0.00000     0.00000
    -5.51828     0.00000     0.00000     0.00000     0.00000     0.00000     0.00000     0.00000     0.00000     0.00000     0.00000
    -5.43128     0.00000     0.00000     0.00000     0.00000     0.00000     0.00000     0.00000     0.00000     0.00000     0.00000
    -5.34428     0.00000     0.00000     0.00000     0.00000     0.00000     0.00000     0.00000     0.00000     0.00000     0.00000
    -5.25728     0.00000     0.00000     0.00000     0.00000     0.00000     0.00000     0.00000     0.00000     0.00000     0.00000
    -5.17028     0.00000     0.00000     0.00000     0.00000     0.00000     0.00000     0.00000     0.00000     0.00000     0.00000
    -5.08428     0.00000     0.00000     0.00000     0.00000     0.00000     0.00000     0.00000     0.00000     0.00000     0.00000
    -4.99728     0.00000     0.00000     0.00000     0.00000     0.00000     0.00000     0.00000     0.00000     0.00000     0.00000
    -4.91028     0.00000     0.00000     0.00000     0.00000     0.00000     0.00000     0.00000     0.00000     0.00000     0.00000
    -4.82328     0.00000     0.00000     0.00000     0.00000     0.00000     0.00000     0.00000     0.00000     0.00000     0.00000
    -4.73628     0.00000     0.00000     0.00000     0.00000     0.00000     0.00000     0.00000     0.00000     0.00000     0.00000
    -4.64928     0.00000     0.00000     0.00000     0.00000     0.00000     0.00000     0.00000     0.00000     0.00000     0.00000
    -4.56228     0.00000     0.00000     0.00000     0.00000     0.00000     0.00000     0.00000     0.00000     0.00000     0.00000
    -4.47528     0.00000     0.00000     0.00000     0.00000     0.00000     0.00000     0.00000     0.00000     0.00000     0.00000
    -4.38828     0.00000     0.00000     0.00000     0.00000     0.00000     0.00000     0.00000     0.00000     0.00000     0.00000
    -4.30128     0.00000     0.00000     0.00000     0.00000     0.00000     0.00000     0.00000     0.00000     0.00000     0.00000
    -4.21528     0.00000     0.00000     0.00000     0.00000     0.00000     0.00000     0.00000     0.00000     0.00000     0.00000
    -4.12828     0.00000     0.00000     0.00000     0.00000     0.00000     0.00000     0.00000     0.00000     0.00000     0.00000
    -4.04128     0.00000     0.00000     0.00000     0.00000     0.00000     0.00000     0.00000     0.00000     0.00000     0.00000
    -3.95428     0.00000     0.00000     0.00000     0.00000     0.00000     0.00000     0.00000     0.00000     0.00000     0.00000
    -3.86728     0.00000     0.00000     0.00000     0.00000     0.00000     0.00000     0.00000     0.00000     0.00000     0.00000
    -3.78028    -0.00369    -0.00020    -0.00041    -0.00023     0.00000     0.00000     0.00000     0.00000     0.00000    -0.00453
    -3.69328    -0.00091    -0.00034    -0.00039    -0.00039     0.00000     0.00000     0.00000     0.00000     0.00000    -0.00203
    -3.60628    -0.00059    -0.00322    -0.00335    -0.00378     0.00000     0.00000     0.00000     0.00000     0.00000    -0.01093
    -3.51928    -0.00024    -0.00021    -0.00023    -0.00024     0.00000     0.00000     0.00000     0.00000     0.00000    -0.00092
    -3.43228    -0.00035    -0.00002    -0.00003    -0.00003     0.00000     0.00000     0.00000     0.00000     0.00000    -0.00043
    -3.34528    -0.01786    -0.00126    -0.00097    -0.00133     0.00000     0.00000     0.00000     0.00000     0.00000    -0.02141
    -3.25928     0.00000     0.00000     0.00000     0.00000     0.00000     0.00000     0.00000     0.00000     0.00000     0.00000
    -3.17228     0.00000     0.00000     0.00000     0.00000     0.00000     0.00000     0.00000     0.00000     0.00000     0.00000
    -3.08528    -0.00453    -0.00044    -0.00043    -0.00048     0.00000     0.00000     0.00000     0.00000     0.00000    -0.00589
    -2.99828    -0.00274    -0.00014    -0.00016    -0.00014     0.00000     0.00000     0.00000     0.00000     0.00000    -0.00319
    -2.91128    -0.01221    -0.00080    -0.00069    -0.00089     0.00000     0.00000     0.00000     0.00000     0.00000    -0.01459
    -2.82428    -0.00511    -0.00023    -0.00016    -0.00023     0.00000     0.00000     0.00000     0.00000     0.00000    -0.00573
    -2.73728    -0.00864    -0.00023    -0.00018    -0.00023     0.00000     0.00000     0.00000     0.00000     0.00000    -0.00928
    -2.65028    -0.03184    -0.00066    -0.00059    -0.00061     0.00000     0.00000     0.00000     0.00000     0.00000    -0.03370
    -2.56328    -0.10527    -0.00165    -0.00168    -0.00153     0.00000     0.00000     0.00000     0.00000     0.00000    -0.11013
    -2.47628    -2.83810    -0.03741    -0.03573    -0.03491     0.00000     0.00000     0.00000     0.00000     0.00000    -2.94615
    -2.39028    -0.27217    -0.00384    -0.00371    -0.00363     0.00000     0.00000     0.00000     0.00000     0.00000    -0.28335
    -2.30328    -0.06223    -0.00105    -0.00106    -0.00106     0.00000     0.00000     0.00000     0.00000     0.00000    -0.06540
    -2.21628    -0.02268    -0.00052    -0.00061    -0.00056     0.00000     0.00000     0.00000     0.00000     0.00000    -0.02437
    -2.12928    -0.00400    -0.00010    -0.00010    -0.00012     0.00000     0.00000     0.00000     0.00000     0.00000    -0.00433
    -2.04228    -0.00357    -0.00010    -0.00010    -0.00012     0.00000     0.00000     0.00000     0.00000     0.00000    -0.00390
    -1.95528    -0.00341    -0.00012    -0.00010    -0.00014     0.00000     0.00000     0.00000     0.00000     0.00000    -0.00377
    -1.86828    -0.00367    -0.00013    -0.00011    -0.00015     0.00000     0.00000     0.00000     0.00000     0.00000    -0.00406
    -1.78128    -0.00542    -0.00024    -0.00024    -0.00029     0.00000     0.00000     0.00000     0.00000     0.00000    -0.00618
    -1.69428    -0.00361    -0.00018    -0.00019    -0.00022     0.00000     0.00000     0.00000     0.00000     0.00000    -0.00419
    -1.60728    -0.00548    -0.00035    -0.00038    -0.00040     0.00000     0.00000     0.00000     0.00000     0.00000    -0.00662
    -1.52128    -0.00590    -0.00032    -0.00043    -0.00037     0.00000     0.00000     0.00000     0.00000     0.00000    -0.00702
    -1.43428    -0.00723    -0.00045    -0.00041    -0.00055     0.00000     0.00000     0.00000     0.00000     0.00000    -0.00864
    -1.34728    -0.00975    -0.00065    -0.00076    -0.00078     0.00000     0.00000     0.00000     0.00000     0.00000    -0.01194
    -1.26028    -0.00631    -0.00045    -0.00059    -0.00055     0.00000     0.00000     0.00000     0.00000     0.00000    -0.00789
    -1.17328    -0.00272    -0.00025    -0.00040    -0.00031     0.00000     0.00000     0.00000     0.00000     0.00000    -0.00368
    -1.08628    -0.00479    -0.00060    -0.00097    -0.00070     0.00000     0.00000     0.00000     0.00000     0.00000    -0.00704
    -0.99928    -0.00210    -0.00037    -0.00046    -0.00044     0.00000     0.00000     0.00000     0.00000     0.00000    -0.00338
    -0.91228    -0.00199    -0.00042    -0.00051    -0.00054     0.00000     0.00000     0.00000     0.00000     0.00000    -0.00346
    -0.82528    -0.00071    -0.00025    -0.00028    -0.00031     0.00000     0.00000     0.00000     0.00000     0.00000    -0.00155
    -0.73828    -0.00478    -0.00279    -0.00269    -0.00354     0.00000     0.00000     0.00000     0.00000     0.00000    -0.01379
    -0.65128    -0.00117    -0.00603    -0.00606    -0.00644     0.00000     0.00000     0.00000     0.00000     0.00000    -0.01971
    -0.56528    -0.00193    -0.03488    -0.03287    -0.03976     0.00000     0.00000     0.00000     0.00000     0.00000    -0.10944
    -0.47828    -0.00554    -0.01759    -0.02034    -0.01938     0.00000     0.00000     0.00000     0.00000     0.00000    -0.06285
    -0.39128    -0.00089    -0.00135    -0.00163    -0.00155     0.00000     0.00000     0.00000     0.00000     0.00000    -0.00542
    -0.30428    -0.00028    -0.00106    -0.00119    -0.00122     0.00000     0.00000     0.00000     0.00000     0.00000    -0.00376
    -0.21728    -0.00004    -0.00011    -0.00013    -0.00013     0.00000     0.00000     0.00000     0.00000     0.00000    -0.00041
    -0.13028     0.00000     0.00000     0.00000     0.00000     0.00000     0.00000     0.00000     0.00000     0.00000     0.00000
    -0.04328     0.00000     0.00000     0.00000     0.00000     0.00000     0.00000     0.00000     0.00000     0.00000     0.00000
     0.04372     0.00000     0.00000     0.00000     0.00000     0.00000     0.00000     0.00000     0.00000     0.00000     0.00000
     0.13072     0.00000     0.00000     0.00000     0.00000     0.00000     0.00000     0.00000     0.00000     0.00000     0.00000
     0.21772     0.00000     0.00000     0.00000     0.00000     0.00000     0.00000     0.00000     0.00000     0.00000     0.00000
     0.30372     0.00000     0.00000     0.00000     0.00000     0.00000     0.00000     0.00000     0.00000     0.00000     0.00000
     0.39072     0.00000     0.00000     0.00000     0.00000     0.00000     0.00000     0.00000     0.00000     0.00000     0.00000
     0.47772     0.00000     0.00000     0.00000     0.00000     0.00000     0.00000     0.00000     0.00000     0.00000     0.00000
     0.56472     0.00000     0.00000     0.00000     0.00000     0.00000     0.00000     0.00000     0.00000     0.00000     0.00000
     0.65172     0.00000     0.00000     0.00000     0.00000     0.00000     0.00000     0.00000     0.00000     0.00000     0.00000
     0.73872     0.00000     0.00000     0.00000     0.00000     0.00000     0.00000     0.00000     0.00000     0.00000     0.00000
     0.82572     0.00000     0.00000     0.00000     0.00000     0.00000     0.00000     0.00000     0.00000     0.00000     0.00000
     0.91272     0.00000     0.00000     0.00000     0.00000     0.00000     0.00000     0.00000     0.00000     0.00000     0.00000
     0.99972     0.00000     0.00000     0.00000     0.00000     0.00000     0.00000     0.00000     0.00000     0.00000     0.00000
     1.08672     0.00000     0.00000     0.00000     0.00000     0.00000     0.00000     0.00000     0.00000     0.00000     0.00000
     1.17272     0.00000     0.00000     0.00000     0.00000     0.00000     0.00000     0.00000     0.00000     0.00000     0.00000
     1.25972     0.00000     0.00000     0.00000     0.00000     0.00000     0.00000     0.00000     0.00000     0.00000     0.00000
     1.34672     0.00000     0.00000     0.00000     0.00000     0.00000     0.00000     0.00000     0.00000     0.00000     0.00000
     1.43372     0.00000     0.00000     0.00000     0.00000     0.00000     0.00000     0.00000     0.00000     0.00000     0.00000
     1.52072     0.00000     0.00000     0.00000     0.00000     0.00000     0.00000     0.00000     0.00000     0.00000     0.00000
     1.60772     0.00000     0.00000     0.00000     0.00000     0.00000     0.00000     0.00000     0.00000     0.00000     0.00000
     1.69472     0.00000     0.00000     0.00000     0.00000     0.00000     0.00000     0.00000     0.00000     0.00000     0.00000
     1.78172     0.00000     0.00000     0.00000     0.00000     0.00000     0.00000     0.00000     0.00000     0.00000     0.00000
     1.86872     0.00000     0.00000     0.00000     0.00000     0.00000     0.00000     0.00000     0.00000     0.00000     0.00000
     1.95572     0.00000     0.00000     0.00000     0.00000     0.00000     0.00000     0.00000     0.00000     0.00000     0.00000
     2.04172     0.00000     0.00000     0.00000     0.00000     0.00000     0.00000     0.00000     0.00000     0.00000     0.00000
     2.12872     0.00000     0.00000     0.00000     0.00000     0.00000     0.00000     0.00000     0.00000     0.00000     0.00000
     2.21572     0.00000     0.00000     0.00000     0.00000     0.00000     0.00000     0.00000     0.00000     0.00000     0.00000
     2.30272     0.00000     0.00000     0.00000     0.00000     0.00000     0.00000     0.00000     0.00000     0.00000     0.00000
     2.38972     0.00000     0.00000     0.00000     0.00000     0.00000     0.00000     0.00000     0.00000     0.00000     0.00000
     2.47672     0.00000     0.00000     0.00000     0.00000     0.00000     0.00000     0.00000     0.00000     0.00000     0.00000
     2.56372     0.00000     0.00000     0.00000     0.00000     0.00000     0.00000     0.00000     0.00000     0.00000     0.00000
     2.65072     0.00000     0.00000     0.00000     0.00000     0.00000     0.00000     0.00000     0.00000     0.00000     0.00000
     2.73772     0.00000     0.00000     0.00000     0.00000     0.00000     0.00000     0.00000     0.00000     0.00000     0.00000
     2.82472     0.00000     0.00000     0.00000     0.00000     0.00000     0.00000     0.00000     0.00000     0.00000     0.00000
     2.91172     0.00000     0.00000     0.00000     0.00000     0.00000     0.00000     0.00000     0.00000     0.00000     0.00000
     2.99772    -0.00032    -0.00013    -0.00016    -0.00014     0.00000     0.00000     0.00000     0.00000     0.00000    -0.00075
     3.08472    -0.00018    -0.00013    -0.00019    -0.00014     0.00000     0.00000     0.00000     0.00000     0.00000    -0.00065
     3.17172    -0.00019    -0.00012    -0.00015    -0.00013     0.00000     0.00000     0.00000     0.00000     0.00000    -0.00059
     3.25872    -0.00062    -0.00039    -0.00045    -0.00040     0.00000     0.00000     0.00000     0.00000     0.00000    -0.00186
     3.34572    -0.00096    -0.00038    -0.00069    -0.00039     0.00000     0.00000     0.00000     0.00000     0.00000    -0.00242
     3.43272    -0.00058    -0.00032    -0.00037    -0.00031     0.00000     0.00000     0.00000     0.00000     0.00000    -0.00158
     3.51972    -0.00019    -0.00013    -0.00011    -0.00012     0.00000     0.00000     0.00000     0.00000     0.00000    -0.00054
     3.60672    -0.00065    -0.00059    -0.00057    -0.00064     0.00000     0.00000     0.00000     0.00000     0.00000    -0.00245
     3.69372    -0.00058    -0.00049    -0.00058    -0.00051     0.00000     0.00000     0.00000     0.00000     0.00000    -0.00216
     3.78072     0.00000     0.00000     0.00000     0.00000     0.00000     0.00000     0.00000     0.00000     0.00000     0.00000
     3.86672     0.00000     0.00000     0.00000     0.00000     0.00000     0.00000     0.00000     0.00000     0.00000     0.00000
     3.95372     0.00000     0.00000     0.00000     0.00000     0.00000     0.00000     0.00000     0.00000     0.00000     0.00000
     4.04072     0.00000     0.00000     0.00000     0.00000     0.00000     0.00000     0.00000     0.00000     0.00000     0.00000
     4.12772     0.00000     0.00000     0.00000     0.00000     0.00000     0.00000     0.00000     0.00000     0.00000     0.00000
     4.21472     0.00000     0.00000     0.00000     0.00000     0.00000     0.00000     0.00000     0.00000     0.00000     0.00000
     4.30172     0.00000     0.00000     0.00000     0.00000     0.00000     0.00000     0.00000     0.00000     0.00000     0.00000
     4.38872     0.00000     0.00000     0.00000     0.00000     0.00000     0.00000     0.00000     0.00000     0.00000     0.00000
     4.47572    -0.00024    -1.26380    -1.33860    -1.44560     0.00000     0.00000     0.00000     0.00000     0.00000    -4.04824
     4.56272     0.00000     0.00000     0.00000     0.00000     0.00000     0.00000     0.00000     0.00000     0.00000     0.00000
     4.64972     0.00000     0.00000     0.00000     0.00000     0.00000     0.00000     0.00000     0.00000     0.00000     0.00000
     4.73572     0.00000     0.00000     0.00000     0.00000     0.00000     0.00000     0.00000     0.00000     0.00000     0.00000
     4.82272    -0.00134    -0.00187    -0.00187    -0.00174     0.00000     0.00000     0.00000     0.00000     0.00000    -0.00683
     4.90972    -0.00163    -0.00210    -0.00212    -0.00197     0.00000     0.00000     0.00000     0.00000     0.00000    -0.00783
     4.99672    -0.00211    -0.00256    -0.00259    -0.00239     0.00000     0.00000     0.00000     0.00000     0.00000    -0.00965
     5.08372    -0.00286    -0.00321    -0.00324    -0.00300     0.00000     0.00000     0.00000     0.00000     0.00000    -0.01232
     5.17072    -0.00577    -0.00557    -0.00562    -0.00523     0.00000     0.00000     0.00000     0.00000     0.00000    -0.02219
     5.25772    -0.00267    -0.00301    -0.00314    -0.00290     0.00000     0.00000     0.00000     0.00000     0.00000    -0.01172
     5.34472    -0.01131    -0.01144    -0.01000    -0.01048     0.00000     0.00000     0.00000     0.00000     0.00000    -0.04322
     5.43172    -0.01102    -0.01020    -0.01060    -0.00939     0.00000     0.00000     0.00000     0.00000     0.00000    -0.04121
     5.51872    -0.00698    -0.01303    -0.01277    -0.01224     0.00000     0.00000     0.00000     0.00000     0.00000    -0.04501
     5.60572    -0.00747    -0.01321    -0.01158    -0.01231     0.00000     0.00000     0.00000     0.00000     0.00000    -0.04457
     5.69172    -0.00329    -0.01045    -0.00891    -0.00970     0.00000     0.00000     0.00000     0.00000     0.00000    -0.03235
     5.77872    -0.00202    -0.00694    -0.00609    -0.00638     0.00000     0.00000     0.00000     0.00000     0.00000    -0.02143
     5.86572    -0.00378    -0.00991    -0.01264    -0.00941     0.00000     0.00000     0.00000     0.00000     0.00000    -0.03574
     5.95272    -0.00260    -0.00341    -0.00406    -0.00332     0.00000     0.00000     0.00000     0.00000     0.00000    -0.01339
     6.03972    -0.00461    -0.00843    -0.00844    -0.00781     0.00000     0.00000     0.00000     0.00000     0.00000    -0.02929
     6.12672    -0.00450    -0.00481    -0.00421    -0.00447     0.00000     0.00000     0.00000     0.00000     0.00000    -0.01799
     6.21372    -0.00764    -0.01011    -0.00730    -0.00923     0.00000     0.00000     0.00000     0.00000     0.00000    -0.03428
     6.30072    -0.01313    -0.01428    -0.01244    -0.01317     0.00000     0.00000     0.00000     0.00000     0.00000    -0.05302
     6.38772    -0.01663    -0.01123    -0.01135    -0.01035     0.00000     0.00000     0.00000     0.00000     0.00000    -0.04956
     6.47472    -0.00709    -0.00712    -0.00759    -0.00671     0.00000     0.00000     0.00000     0.00000     0.00000    -0.02850
     6.56072    -0.01684    -0.01382    -0.01486    -0.01334     0.00000     0.00000     0.00000     0.00000     0.00000    -0.05885
     6.64772    -0.00972    -0.00709    -0.00642    -0.00661     0.00000     0.00000     0.00000     0.00000     0.00000    -0.02985
     6.73472    -0.01516    -0.01323    -0.01162    -0.01246     0.00000     0.00000     0.00000     0.00000     0.00000    -0.05247
     6.82172    -0.01344    -0.00843    -0.00931    -0.00780     0.00000     0.00000     0.00000     0.00000     0.00000    -0.03897
     6.90872    -0.01790    -0.00944    -0.00867    -0.00921     0.00000     0.00000     0.00000     0.00000     0.00000    -0.04521
     6.99572    -0.01993    -0.01097    -0.01257    -0.01053     0.00000     0.00000     0.00000     0.00000     0.00000    -0.05401
     7.08272    -0.04146    -0.01630    -0.01625    -0.01509     0.00000     0.00000     0.00000     0.00000     0.00000    -0.08909
     7.16972    -0.01569    -0.00809    -0.00907    -0.00767     0.00000     0.00000     0.00000     0.00000     0.00000    -0.04052
     7.25672    -0.01246    -0.00943    -0.01080    -0.00859     0.00000     0.00000     0.00000     0.00000     0.00000    -0.04129
     7.34372    -0.00970    -0.00978    -0.01008    -0.00961     0.00000     0.00000     0.00000     0.00000     0.00000    -0.03916
     7.42972    -0.01162    -0.01023    -0.01029    -0.00979     0.00000     0.00000     0.00000     0.00000     0.00000    -0.04194
     7.51672    -0.00920    -0.00745    -0.00808    -0.00736     0.00000     0.00000     0.00000     0.00000     0.00000    -0.03210
     7.60372    -0.01232    -0.01214    -0.01172    -0.01150     0.00000     0.00000     0.00000     0.00000     0.00000    -0.04769
     7.69072    -0.03356    -0.02181    -0.02203    -0.02065     0.00000     0.00000     0.00000     0.00000     0.00000    -0.09805
     7.77772    -0.01761    -0.02256    -0.01854    -0.02098     0.00000     0.00000     0.00000     0.00000     0.00000    -0.07970
     7.86472    -0.01467    -0.01498    -0.01249    -0.01434     0.00000     0.00000     0.00000     0.00000     0.00000    -0.05649
     7.95172    -0.01924    -0.01462    -0.01322    -0.01486     0.00000     0.00000     0.00000     0.00000     0.00000    -0.06195
     8.03872    -0.01565    -0.01449    -0.01223    -0.01483     0.00000     0.00000     0.00000     0.00000     0.00000    -0.05720
     8.12572    -0.02886    -0.02764    -0.02433    -0.02837     0.00000     0.00000     0.00000     0.00000     0.00000    -0.10920
     8.21272    -0.00297    -0.00512    -0.00482    -0.00573     0.00000     0.00000     0.00000     0.00000     0.00000    -0.01865
     8.29972     0.00000     0.00000     0.00000     0.00000     0.00000     0.00000     0.00000     0.00000     0.00000     0.00000
     8.38572     0.00000     0.00000     0.00000     0.00000     0.00000     0.00000     0.00000     0.00000     0.00000     0.00000
     8.47272     0.00000     0.00000     0.00000     0.00000     0.00000     0.00000     0.00000     0.00000     0.00000     0.00000
     8.55972     0.00000     0.00000     0.00000     0.00000     0.00000     0.00000     0.00000     0.00000     0.00000     0.00000
     8.64672     0.00000     0.00000     0.00000     0.00000     0.00000     0.00000     0.00000     0.00000     0.00000     0.00000
     8.73372     0.00000     0.00000     0.00000     0.00000     0.00000     0.00000     0.00000     0.00000     0.00000     0.00000
     8.82072     0.00000     0.00000     0.00000     0.00000     0.00000     0.00000     0.00000     0.00000     0.00000     0.00000
     8.90772     0.00000     0.00000     0.00000     0.00000     0.00000     0.00000     0.00000     0.00000     0.00000     0.00000
     8.99472     0.00000     0.00000     0.00000     0.00000     0.00000     0.00000     0.00000     0.00000     0.00000     0.00000
     9.08172     0.00000     0.00000     0.00000     0.00000     0.00000     0.00000     0.00000     0.00000     0.00000     0.00000
     9.16872     0.00000     0.00000     0.00000     0.00000     0.00000     0.00000     0.00000     0.00000     0.00000     0.00000
     9.25472     0.00000     0.00000     0.00000     0.00000     0.00000     0.00000     0.00000     0.00000     0.00000     0.00000
     9.34172     0.00000     0.00000     0.00000     0.00000     0.00000     0.00000     0.00000     0.00000     0.00000     0.00000
     9.42872     0.00000     0.00000     0.00000     0.00000     0.00000     0.00000     0.00000     0.00000     0.00000     0.00000
