     #Energy           s          py          pz          px         dxy         dyz         dz2         dxz         dx2       tot  
   -16.64228     0.00000     0.00000     0.00000     0.00000     0.00000     0.00000     0.00000     0.00000     0.00000     0.00000
   -16.55528     0.00000     0.00000     0.00000     0.00000     0.00000     0.00000     0.00000     0.00000     0.00000     0.00000
   -16.46828     0.00000     0.00000     0.00000     0.00000     0.00000     0.00000     0.00000     0.00000     0.00000     0.00000
   -16.38128     0.00000     0.00000     0.00000     0.00000     0.00000     0.00000     0.00000     0.00000     0.00000     0.00000
   -16.29428     0.00000     0.00000     0.00000     0.00000     0.00000     0.00000     0.00000     0.00000     0.00000     0.00000
   -16.20728     0.00000     0.00000     0.00000     0.00000     0.00000     0.00000     0.00000     0.00000     0.00000     0.00000
   -16.12028     0.00000     0.00000     0.00000     0.00000     0.00000     0.00000     0.00000     0.00000     0.00000     0.00000
   -16.03328     0.00000     0.00000     0.00000     0.00000     0.00000     0.00000     0.00000     0.00000     0.00000     0.00000
   -15.94628     0.00000     0.00000     0.00000     0.00000     0.00000     0.00000     0.00000     0.00000     0.00000     0.00000
   -15.85928     0.00000     0.00000     0.00000     0.00000     0.00000     0.00000     0.00000     0.00000     0.00000     0.00000
   -15.77328     0.00000     0.00000     0.00000     0.00000     0.00000     0.00000     0.00000     0.00000     0.00000     0.00000
   -15.68628     0.00000     0.00000     0.00000     0.00000     0.00000     0.00000     0.00000     0.00000     0.00000     0.00000
   -15.59928     0.00000     0.00000     0.00000     0.00000     0.00000     0.00000     0.00000     0.00000     0.00000     0.00000
   -15.51228     0.00000     0.00000     0.00000     0.00000     0.00000     0.00000     0.00000     0.00000     0.00000     0.00000
   -15.42528     0.00000     0.00000     0.00000     0.00000     0.00000     0.00000     0.00000     0.00000     0.00000     0.00000
   -15.33828     0.00000     0.00000     0.00000     0.00000     0.00000     0.00000     0.00000     0.00000     0.00000     0.00000
   -15.25128     0.00000     0.00000     0.00000     0.00000     0.00000     0.00000     0.00000     0.00000     0.00000     0.00000
   -15.16428     0.00000     0.00000     0.00000     0.00000     0.00000     0.00000     0.00000     0.00000     0.00000     0.00000
   -15.07728     0.00000     0.00000     0.00000     0.00000     0.00000     0.00000     0.00000     0.00000     0.00000     0.00000
   -14.99028     0.00000     0.00000     0.00000     0.00000     0.00000     0.00000     0.00000     0.00000     0.00000     0.00000
   -14.90428     0.00000     0.00000     0.00000     0.00000     0.00000     0.00000     0.00000     0.00000     0.00000     0.00000
   -14.81728     0.00000     0.00000     0.00000     0.00000     0.00000     0.00000     0.00000     0.00000     0.00000     0.00000
   -14.73028     0.00000     0.00000     0.00000     0.00000     0.00000     0.00000     0.00000     0.00000     0.00000     0.00000
   -14.64328     0.00000     0.00000     0.00000     0.00000     0.00000     0.00000     0.00000     0.00000     0.00000     0.00000
   -14.55628     0.00000     0.00000     0.00000     0.00000     0.00000     0.00000     0.00000     0.00000     0.00000     0.00000
   -14.46928     0.00000     0.00000     0.00000     0.00000     0.00000     0.00000     0.00000     0.00000     0.00000     0.00000
   -14.38228     0.00000     0.00000     0.00000     0.00000     0.00000     0.00000     0.00000     0.00000     0.00000     0.00000
   -14.29528     0.00000     0.00000     0.00000     0.00000     0.00000     0.00000     0.00000     0.00000     0.00000     0.00000
   -14.20828     0.00000     0.00000     0.00000     0.00000     0.00000     0.00000     0.00000     0.00000     0.00000     0.00000
   -14.12128     0.00000     0.00000     0.00000     0.00000     0.00000     0.00000     0.00000     0.00000     0.00000     0.00000
   -14.03528     0.00000     0.00000     0.00000     0.00000     0.00000     0.00000     0.00000     0.00000     0.00000     0.00000
   -13.94828     0.00000     0.00000     0.00000     0.00000     0.00000     0.00000     0.00000     0.00000     0.00000     0.00000
   -13.86128     0.00000     0.00000     0.00000     0.00000     0.00000     0.00000     0.00000     0.00000     0.00000     0.00000
   -13.77428     0.00000     0.00000     0.00000     0.00000     0.00000     0.00000     0.00000     0.00000     0.00000     0.00000
   -13.68728     0.00000     0.00000     0.00000     0.00000     0.00000     0.00000     0.00000     0.00000     0.00000     0.00000
   -13.60028     0.00000     0.00000     0.00000     0.00000     0.00000     0.00000     0.00000     0.00000     0.00000     0.00000
   -13.51328     0.00000     0.00000     0.00000     0.00000     0.00000     0.00000     0.00000     0.00000     0.00000     0.00000
   -13.42628     0.00000     0.00000     0.00000     0.00000     0.00000     0.00000     0.00000     0.00000     0.00000     0.00000
   -13.33928     0.00000     0.00000     0.00000     0.00000     0.00000     0.00000     0.00000     0.00000     0.00000     0.00000
   -13.25228     0.00000     0.00000     0.00000     0.00000     0.00000     0.00000     0.00000     0.00000     0.00000     0.00000
   -13.16528     0.00000     0.00000     0.00000     0.00000     0.00000     0.00000     0.00000     0.00000     0.00000     0.00000
   -13.07928     0.00000     0.00000     0.00000     0.00000     0.00000     0.00000     0.00000     0.00000     0.00000     0.00000
   -12.99228     0.00000     0.00000     0.00000     0.00000     0.00000     0.00000     0.00000     0.00000     0.00000     0.00000
   -12.90528     0.00000     0.00000     0.00000     0.00000     0.00000     0.00000     0.00000     0.00000     0.00000     0.00000
   -12.81828     0.00000     0.00000     0.00000     0.00000     0.00000     0.00000     0.00000     0.00000     0.00000     0.00000
   -12.73128     0.00000     0.00000     0.00000     0.00000     0.00000     0.00000     0.00000     0.00000     0.00000     0.00000
   -12.64428     0.00000     0.00000     0.00000     0.00000     0.00000     0.00000     0.00000     0.00000     0.00000     0.00000
   -12.55728     0.00000     0.00000     0.00000     0.00000     0.00000     0.00000     0.00000     0.00000     0.00000     0.00000
   -12.47028     0.00000     0.00000     0.00000     0.00000     0.00000     0.00000     0.00000     0.00000     0.00000     0.00000
   -12.38328     0.00000     0.00000     0.00000     0.00000     0.00000     0.00000     0.00000     0.00000     0.00000     0.00000
   -12.29628     0.29260     0.00291     0.00248     0.00266     0.00021     0.00021     0.00053     0.00023     0.00057     0.30240
   -12.21028     0.39336     0.00964     0.00800     0.00877     0.00043     0.00041     0.00216     0.00041     0.00227     0.42545
   -12.12328     0.32718     0.01298     0.01111     0.01187     0.00050     0.00048     0.00385     0.00045     0.00405     0.37246
   -12.03628     0.28134     0.01647     0.01370     0.01501     0.00060     0.00059     0.00619     0.00051     0.00618     0.34059
   -11.94928     0.00000     0.00000     0.00000     0.00000     0.00000     0.00000     0.00000     0.00000     0.00000     0.00000
   -11.86228     0.20719     0.03523     0.03115     0.03258     0.00086     0.00083     0.00725     0.00073     0.00750     0.32333
   -11.77528     0.14220     0.03740     0.03241     0.03424     0.00089     0.00086     0.00860     0.00073     0.00890     0.26622
   -11.68828     0.07179     0.03088     0.02591     0.02822     0.00076     0.00073     0.00925     0.00059     0.00915     0.17727
   -11.60128     0.03575     0.17621     0.17470     0.17479     0.00260     0.00268     0.03898     0.00212     0.04050     0.64833
   -11.51428     0.00927     0.18329     0.16793     0.18362     0.00436     0.00401     0.12138     0.00245     0.10328     0.77959
   -11.42728     0.00685     0.04677     0.05274     0.05275     0.00099     0.00305     0.24390     0.00039     0.24003     0.64748
   -11.34128     0.00000     0.00000     0.00000     0.00000     0.00000     0.00000     0.00000     0.00000     0.00000     0.00000
   -11.25428     0.00000     0.00000     0.00000     0.00000     0.00000     0.00000     0.00000     0.00000     0.00000     0.00000
   -11.16728     0.00000     0.00000     0.00000     0.00000     0.00000     0.00000     0.00000     0.00000     0.00000     0.00000
   -11.08028     0.00000     0.00000     0.00000     0.00000     0.00000     0.00000     0.00000     0.00000     0.00000     0.00000
   -10.99328     0.00000     0.00000     0.00000     0.00000     0.00000     0.00000     0.00000     0.00000     0.00000     0.00000
   -10.90628     0.00000     0.00000     0.00000     0.00000     0.00000     0.00000     0.00000     0.00000     0.00000     0.00000
   -10.81928     0.00000     0.00000     0.00000     0.00000     0.00000     0.00000     0.00000     0.00000     0.00000     0.00000
   -10.73228     0.00000     0.00000     0.00000     0.00000     0.00000     0.00000     0.00000     0.00000     0.00000     0.00000
   -10.64528     0.00000     0.00000     0.00000     0.00000     0.00000     0.00000     0.00000     0.00000     0.00000     0.00000
   -10.55828     0.00000     0.00000     0.00000     0.00000     0.00000     0.00000     0.00000     0.00000     0.00000     0.00000
   -10.47228     0.00000     0.00000     0.00000     0.00000     0.00000     0.00000     0.00000     0.00000     0.00000     0.00000
   -10.38528     0.00000     0.00000     0.00000     0.00000     0.00000     0.00000     0.00000     0.00000     0.00000     0.00000
   -10.29828     0.00000     0.00000     0.00000     0.00000     0.00000     0.00000     0.00000     0.00000     0.00000     0.00000
   -10.21128     0.00000     0.00000     0.00000     0.00000     0.00000     0.00000     0.00000     0.00000     0.00000     0.00000
   -10.12428     0.00000     0.00000     0.00000     0.00000     0.00000     0.00000     0.00000     0.00000     0.00000     0.00000
   -10.03728     0.00000     0.00000     0.00000     0.00000     0.00000     0.00000     0.00000     0.00000     0.00000     0.00000
    -9.95028     0.00000     0.00000     0.00000     0.00000     0.00000     0.00000     0.00000     0.00000     0.00000     0.00000
    -9.86328     0.00000     0.00000     0.00000     0.00000     0.00000     0.00000     0.00000     0.00000     0.00000     0.00000
    -9.77628     0.00000     0.00000     0.00000     0.00000     0.00000     0.00000     0.00000     0.00000     0.00000     0.00000
    -9.68928     0.00000     0.00000     0.00000     0.00000     0.00000     0.00000     0.00000     0.00000     0.00000     0.00000
    -9.60228     0.00000     0.00000     0.00000     0.00000     0.00000     0.00000     0.00000     0.00000     0.00000     0.00000
    -9.51628     0.00000     0.00000     0.00000     0.00000     0.00000     0.00000     0.00000     0.00000     0.00000     0.00000
    -9.42928     0.00000     0.00000     0.00000     0.00000     0.00000     0.00000     0.00000     0.00000     0.00000     0.00000
    -9.34228     0.00000     0.00000     0.00000     0.00000     0.00000     0.00000     0.00000     0.00000     0.00000     0.00000
    -9.25528     0.00000     0.00000     0.00000     0.00000     0.00000     0.00000     0.00000     0.00000     0.00000     0.00000
    -9.16828     0.00000     0.00000     0.00000     0.00000     0.00000     0.00000     0.00000     0.00000     0.00000     0.00000
    -9.08128     0.00000     0.00000     0.00000     0.00000     0.00000     0.00000     0.00000     0.00000     0.00000     0.00000
    -8.99428     0.00000     0.00000     0.00000     0.00000     0.00000     0.00000     0.00000     0.00000     0.00000     0.00000
    -8.90728     0.00000     0.00000     0.00000     0.00000     0.00000     0.00000     0.00000     0.00000     0.00000     0.00000
    -8.82028     0.00000     0.00000     0.00000     0.00000     0.00000     0.00000     0.00000     0.00000     0.00000     0.00000
    -8.73328     0.00000     0.00000     0.00000     0.00000     0.00000     0.00000     0.00000     0.00000     0.00000     0.00000
    -8.64728     0.00000     0.00000     0.00000     0.00000     0.00000     0.00000     0.00000     0.00000     0.00000     0.00000
    -8.56028     0.00000     0.00000     0.00000     0.00000     0.00000     0.00000     0.00000     0.00000     0.00000     0.00000
    -8.47328     0.00000     0.00000     0.00000     0.00000     0.00000     0.00000     0.00000     0.00000     0.00000     0.00000
    -8.38628     0.00000     0.00000     0.00000     0.00000     0.00000     0.00000     0.00000     0.00000     0.00000     0.00000
    -8.29928     0.00000     0.00000     0.00000     0.00000     0.00000     0.00000     0.00000     0.00000     0.00000     0.00000
    -8.21228     0.00000     0.00000     0.00000     0.00000     0.00000     0.00000     0.00000     0.00000     0.00000     0.00000
    -8.12528     0.00000     0.00000     0.00000     0.00000     0.00000     0.00000     0.00000     0.00000     0.00000     0.00000
    -8.03828     0.00000     0.00000     0.00000     0.00000     0.00000     0.00000     0.00000     0.00000     0.00000     0.00000
    -7.95128     0.00000     0.00000     0.00000     0.00000     0.00000     0.00000     0.00000     0.00000     0.00000     0.00000
    -7.86428     0.00000     0.00000     0.00000     0.00000     0.00000     0.00000     0.00000     0.00000     0.00000     0.00000
    -7.77828     0.00000     0.00000     0.00000     0.00000     0.00000     0.00000     0.00000     0.00000     0.00000     0.00000
    -7.69128     0.00000     0.00000     0.00000     0.00000     0.00000     0.00000     0.00000     0.00000     0.00000     0.00000
    -7.60428     0.00000     0.00000     0.00000     0.00000     0.00000     0.00000     0.00000     0.00000     0.00000     0.00000
    -7.51728     0.00000     0.00000     0.00000     0.00000     0.00000     0.00000     0.00000     0.00000     0.00000     0.00000
    -7.43028     0.00000     0.00000     0.00000     0.00000     0.00000     0.00000     0.00000     0.00000     0.00000     0.00000
    -7.34328     0.00000     0.00000     0.00000     0.00000     0.00000     0.00000     0.00000     0.00000     0.00000     0.00000
    -7.25628     0.00000     0.00000     0.00000     0.00000     0.00000     0.00000     0.00000     0.00000     0.00000     0.00000
    -7.16928     0.00000     0.00000     0.00000     0.00000     0.00000     0.00000     0.00000     0.00000     0.00000     0.00000
    -7.08228     0.00000     0.00000     0.00000     0.00000     0.00000     0.00000     0.00000     0.00000     0.00000     0.00000
    -6.99528     0.00000     0.00000     0.00000     0.00000     0.00000     0.00000     0.00000     0.00000     0.00000     0.00000
    -6.90828     0.00000     0.00000     0.00000     0.00000     0.00000     0.00000     0.00000     0.00000     0.00000     0.00000
    -6.82228     0.00000     0.00000     0.00000     0.00000     0.00000     0.00000     0.00000     0.00000     0.00000     0.00000
    -6.73528     0.00000     0.00000     0.00000     0.00000     0.00000     0.00000     0.00000     0.00000     0.00000     0.00000
    -6.64828     0.00000     0.00000     0.00000     0.00000     0.00000     0.00000     0.00000     0.00000     0.00000     0.00000
    -6.56128     0.00000     0.00000     0.00000     0.00000     0.00000     0.00000     0.00000     0.00000     0.00000     0.00000
    -6.47428     0.00000     0.00000     0.00000     0.00000     0.00000     0.00000     0.00000     0.00000     0.00000     0.00000
    -6.38728     0.00000     0.00000     0.00000     0.00000     0.00000     0.00000     0.00000     0.00000     0.00000     0.00000
    -6.30028     0.00000     0.00000     0.00000     0.00000     0.00000     0.00000     0.00000     0.00000     0.00000     0.00000
    -6.21328     0.00000     0.00000     0.00000     0.00000     0.00000     0.00000     0.00000     0.00000     0.00000     0.00000
    -6.12628     0.00000     0.00000     0.00000     0.00000     0.00000     0.00000     0.00000     0.00000     0.00000     0.00000
    -6.03928     0.00000     0.00000     0.00000     0.00000     0.00000     0.00000     0.00000     0.00000     0.00000     0.00000
    -5.95328     0.00000     0.00000     0.00000     0.00000     0.00000     0.00000     0.00000     0.00000     0.00000     0.00000
    -5.86628     0.00000     0.00000     0.00000     0.00000     0.00000     0.00000     0.00000     0.00000     0.00000     0.00000
    -5.77928     0.00000     0.00000     0.00000     0.00000     0.00000     0.00000     0.00000     0.00000     0.00000     0.00000
    -5.69228     0.00000     0.00000     0.00000     0.00000     0.00000     0.00000     0.00000     0.00000     0.00000     0.00000
    -5.60528     0.00000     0.00000     0.00000     0.00000     0.00000     0.00000     0.00000     0.00000     0.00000     0.00000
    -5.51828     0.00000     0.00000     0.00000     0.00000     0.00000     0.00000     0.00000     0.00000     0.00000     0.00000
    -5.43128     0.00000     0.00000     0.00000     0.00000     0.00000     0.00000     0.00000     0.00000     0.00000     0.00000
    -5.34428     0.00000     0.00000     0.00000     0.00000     0.00000     0.00000     0.00000     0.00000     0.00000     0.00000
    -5.25728     0.00000     0.00000     0.00000     0.00000     0.00000     0.00000     0.00000     0.00000     0.00000     0.00000
    -5.17028     0.00000     0.00000     0.00000     0.00000     0.00000     0.00000     0.00000     0.00000     0.00000     0.00000
    -5.08428     0.00000     0.00000     0.00000     0.00000     0.00000     0.00000     0.00000     0.00000     0.00000     0.00000
    -4.99728     0.00000     0.00000     0.00000     0.00000     0.00000     0.00000     0.00000     0.00000     0.00000     0.00000
    -4.91028     0.00000     0.00000     0.00000     0.00000     0.00000     0.00000     0.00000     0.00000     0.00000     0.00000
    -4.82328     0.00000     0.00000     0.00000     0.00000     0.00000     0.00000     0.00000     0.00000     0.00000     0.00000
    -4.73628     0.00000     0.00000     0.00000     0.00000     0.00000     0.00000     0.00000     0.00000     0.00000     0.00000
    -4.64928     0.00000     0.00000     0.00000     0.00000     0.00000     0.00000     0.00000     0.00000     0.00000     0.00000
    -4.56228     0.00000     0.00000     0.00000     0.00000     0.00000     0.00000     0.00000     0.00000     0.00000     0.00000
    -4.47528     0.00000     0.00000     0.00000     0.00000     0.00000     0.00000     0.00000     0.00000     0.00000     0.00000
    -4.38828     0.00000     0.00000     0.00000     0.00000     0.00000     0.00000     0.00000     0.00000     0.00000     0.00000
    -4.30128     0.00000     0.00000     0.00000     0.00000     0.00000     0.00000     0.00000     0.00000     0.00000     0.00000
    -4.21528     0.00000     0.00000     0.00000     0.00000     0.00000     0.00000     0.00000     0.00000     0.00000     0.00000
    -4.12828     3.78440     0.00418     0.00361     0.00383     0.80686     0.76786     0.06516     0.76397     0.03302     6.23290
    -4.04128     1.27250     0.00227     0.00208     0.00214     0.41151     0.38866     0.02267     0.36395     0.00846     2.47424
    -3.95428     0.60795     0.00113     0.00114     0.00107     0.22006     0.20584     0.00936     0.18973     0.00289     1.23918
    -3.86728     0.26703     0.00040     0.00042     0.00038     0.11112     0.09701     0.00336     0.08934     0.00088     0.56994
    -3.78028     0.00000     0.00000     0.00000     0.00000     0.00000     0.00000     0.00000     0.00000     0.00000     0.00000
    -3.69328     1.70830     0.00643     0.00403     0.00584     1.28820     1.08641     0.03945     1.12061     0.02466     5.28394
    -3.60628     0.00000     0.00000     0.00000     0.00000     0.00000     0.00000     0.00000     0.00000     0.00000     0.00000
    -3.51928     0.21427     0.08455     0.05020     0.07888     2.78150     2.43980     0.12009     2.41910     0.19339     8.38178
    -3.43228     0.02595     0.12654     0.11374     0.11822     3.21910     4.04210     0.18156     3.71810     0.42924    11.97455
    -3.34528     0.07223     0.05522     0.05842     0.06315     1.65140     1.49320     0.11280     1.52430     0.11164     5.14236
    -3.25928     0.07409     0.16918     0.16368     0.16582     2.68760     2.62070     0.34496     2.55050     0.24892     9.02545
    -3.17228     0.24282     0.63984     0.65464     0.65367     8.09850     9.83930     1.02980    10.65700     1.19150    33.00707
    -3.08528     0.07904     0.09396     0.10202     0.10242     1.63603     0.96958     0.53630     1.11275     0.57558     5.20767
    -2.99828     0.00322     0.00608     0.00500     0.00699     0.01376     0.02388     0.05703     0.02273     0.06450     0.20320
    -2.91128     0.01839     0.12294     0.12305     0.13273     0.50828     0.60081     1.06360     0.55897     1.23270     4.36147
    -2.82428     0.22579     0.09153     0.09324     0.09426     1.50070     1.43900     0.74206     1.34660     0.93480     6.46798
    -2.73728     0.26729     0.11291     0.10512     0.12234     1.78240     1.89840     0.92486     1.79080     1.03260     8.03672
    -2.65028     0.23642     0.05321     0.05689     0.05151     1.72610     1.54580     1.53210     1.51810     0.83028     7.55042
    -2.56328     0.75231     0.02687     0.03277     0.02560     2.70510     3.02210     1.08510     3.28940     2.32130    13.26055
    -2.47628     0.61751     0.08910     0.08138     0.08764     3.48760     3.90210     3.57360     3.76670     3.82880    19.43443
    -2.39028     0.90496     0.10487     0.09400     0.09756     7.98220     8.09500     6.30790     7.59450     5.53910    36.72009
    -2.30328     0.04244     0.04166     0.04260     0.03856     1.96410     1.51410     1.93160     1.37440     1.35100     8.30046
    -2.21628     0.00167     0.02740     0.02421     0.02533     0.93256     0.85038     0.89006     0.76800     0.72238     4.24199
    -2.12928     0.01433     0.07590     0.06480     0.06932     3.04510     3.15740     5.97770     3.36450     6.03130    21.80035
    -2.04228     0.03252     0.15035     0.13041     0.14222     2.22590     2.12390     3.57300     2.20320     3.62820    14.20970
    -1.95528     0.02488     0.21113     0.18136     0.20370     1.96000     2.11440     2.40480     2.25030     2.99130    12.34187
    -1.86828     0.02179     0.19433     0.17217     0.18255     1.34000     1.41250     1.15500     1.53490     1.22300     7.23624
    -1.78128     0.01832     0.23332     0.22356     0.22221     1.58210     1.52740     0.94440     1.60300     1.04600     7.40031
    -1.69428     0.00015     0.00342     0.00020     0.00225     0.01938     0.00837     0.00306     0.00710     0.00815     0.05209
    -1.60728     0.01208     0.26714     0.22860     0.24929     1.77910     1.73730     0.46707     1.77640     0.39311     6.91009
    -1.52128     0.00614     0.25274     0.27603     0.23105     1.70470     1.63430     0.52839     1.60950     0.40612     6.64897
    -1.43428     0.00197     0.23498     0.22855     0.23081     0.70883     0.71898     0.44208     0.69443     0.46205     3.72268
    -1.34728     0.00198     0.28694     0.28808     0.28603     0.81656     0.85314     0.42849     0.82017     0.44633     4.22772
    -1.26028     0.00573     0.25097     0.25078     0.25485     2.34880     2.36110     0.28451     2.32900     0.30569     8.39143
    -1.17328     0.01844     0.24694     0.26837     0.25343     2.27220     2.27530     0.26100     2.21900     0.22267     8.03735
    -1.08628     0.00370     0.14063     0.23708     0.15502     0.19552     0.22462     0.18158     0.22684     0.15422     1.51921
    -0.99928     0.00150     0.13143     0.14132     0.14150     0.16494     0.16800     0.12124     0.16820     0.11371     1.15184
    -0.91228     0.00046     0.09397     0.10325     0.10227     0.08281     0.08951     0.05748     0.09016     0.05075     0.67066
    -0.82528     0.00063     0.00758     0.00834     0.00798     0.06050     0.07069     0.29156     0.06809     0.30079     0.81616
    -0.73828     0.02089     0.05459     0.06959     0.06048     1.28590     1.14630     0.25049     1.20540     0.27812     4.37175
    -0.65128     0.04598     0.10443     0.07971     0.09432     0.68285     0.96989     0.27691     1.04470     0.35906     3.65785
    -0.56528     0.05498     0.10057     0.07600     0.09525     0.93611     0.80841     0.56451     0.87591     0.26670     3.77845
    -0.47828     0.00951     0.06917     0.08799     0.08067     0.17871     0.15058     0.16228     0.14871     0.09637     0.98398
    -0.39128     0.01311     0.04549     0.03654     0.04882     0.34722     0.27989     0.10592     0.27636     0.08805     1.24140
    -0.30428     0.00557     0.02433     0.01267     0.02400     0.09438     0.18255     0.05324     0.17938     0.07089     0.64701
    -0.21728     0.00732     0.15074     0.15333     0.14051     0.72928     0.62254     0.23822     0.57731     0.29824     2.91749
    -0.13028     0.00195     0.08371     0.07430     0.07626     0.20638     0.21114     0.05741     0.19308     0.06282     0.96704
    -0.04328     0.00043     0.05754     0.04625     0.05263     0.06410     0.05996     0.03364     0.05469     0.02040     0.38964
     0.04372     0.00000     0.00000     0.00000     0.00000     0.00000     0.00000     0.00000     0.00000     0.00000     0.00000
     0.13072     0.00000     0.00000     0.00000     0.00000     0.00000     0.00000     0.00000     0.00000     0.00000     0.00000
     0.21772     0.00000     0.00000     0.00000     0.00000     0.00000     0.00000     0.00000     0.00000     0.00000     0.00000
     0.30372     0.00000     0.00000     0.00000     0.00000     0.00000     0.00000     0.00000     0.00000     0.00000     0.00000
     0.39072     0.00000     0.00000     0.00000     0.00000     0.00000     0.00000     0.00000     0.00000     0.00000     0.00000
     0.47772     0.00000     0.00000     0.00000     0.00000     0.00000     0.00000     0.00000     0.00000     0.00000     0.00000
     0.56472     0.00000     0.00000     0.00000     0.00000     0.00000     0.00000     0.00000     0.00000     0.00000     0.00000
     0.65172     0.00000     0.00000     0.00000     0.00000     0.00000     0.00000     0.00000     0.00000     0.00000     0.00000
     0.73872     0.00000     0.00000     0.00000     0.00000     0.00000     0.00000     0.00000     0.00000     0.00000     0.00000
     0.82572     0.00000     0.00000     0.00000     0.00000     0.00000     0.00000     0.00000     0.00000     0.00000     0.00000
     0.91272     0.00000     0.00000     0.00000     0.00000     0.00000     0.00000     0.00000     0.00000     0.00000     0.00000
     0.99972     0.00000     0.00000     0.00000     0.00000     0.00000     0.00000     0.00000     0.00000     0.00000     0.00000
     1.08672     0.00927     0.00591     0.00485     0.00551     0.15560     0.25230    18.00700     0.10372    16.55220    35.09635
     1.17272     0.00188     0.00726     0.00946     0.00797     0.12058     0.21873    11.26900     0.08135    11.88100    23.59722
     1.25972     0.00292     0.00425     0.00466     0.00470     0.04282     0.06476     3.41730     0.02798     3.70780     7.27720
     1.34672     0.00648     0.00375     0.00381     0.00371     0.03531     0.06079     3.68840     0.02358     3.60330     7.42913
     1.43372     0.00769     0.00434     0.00239     0.00428     0.09287     0.13732     6.54660     0.07629     9.56530    16.43708
     1.52072     0.00000     0.00000     0.00000     0.00000     0.00000     0.00000     0.00000     0.00000     0.00000     0.00000
     1.60772     0.00000     0.00000     0.00000     0.00000     0.00000     0.00000     0.00000     0.00000     0.00000     0.00000
     1.69472     0.00000     0.00000     0.00000     0.00000     0.00000     0.00000     0.00000     0.00000     0.00000     0.00000
     1.78172     0.00000     0.00000     0.00000     0.00000     0.00000     0.00000     0.00000     0.00000     0.00000     0.00000
     1.86872     0.00000     0.00000     0.00000     0.00000     0.00000     0.00000     0.00000     0.00000     0.00000     0.00000
     1.95572     0.00000     0.00000     0.00000     0.00000     0.00000     0.00000     0.00000     0.00000     0.00000     0.00000
     2.04172     0.00000     0.00000     0.00000     0.00000     0.00000     0.00000     0.00000     0.00000     0.00000     0.00000
     2.12872     0.00000     0.00000     0.00000     0.00000     0.00000     0.00000     0.00000     0.00000     0.00000     0.00000
     2.21572     0.00000     0.00000     0.00000     0.00000     0.00000     0.00000     0.00000     0.00000     0.00000     0.00000
     2.30272     0.00000     0.00000     0.00000     0.00000     0.00000     0.00000     0.00000     0.00000     0.00000     0.00000
     2.38972     0.00000     0.00000     0.00000     0.00000     0.00000     0.00000     0.00000     0.00000     0.00000     0.00000
     2.47672     0.00000     0.00000     0.00000     0.00000     0.00000     0.00000     0.00000     0.00000     0.00000     0.00000
     2.56372     0.00000     0.00000     0.00000     0.00000     0.00000     0.00000     0.00000     0.00000     0.00000     0.00000
     2.65072     0.00000     0.00000     0.00000     0.00000     0.00000     0.00000     0.00000     0.00000     0.00000     0.00000
     2.73772     0.00000     0.00000     0.00000     0.00000     0.00000     0.00000     0.00000     0.00000     0.00000     0.00000
     2.82472     0.00000     0.00000     0.00000     0.00000     0.00000     0.00000     0.00000     0.00000     0.00000     0.00000
     2.91172     0.00000     0.00000     0.00000     0.00000     0.00000     0.00000     0.00000     0.00000     0.00000     0.00000
     2.99772     0.00000     0.00000     0.00000     0.00000     0.00000     0.00000     0.00000     0.00000     0.00000     0.00000
     3.08472     0.00000     0.00000     0.00000     0.00000     0.00000     0.00000     0.00000     0.00000     0.00000     0.00000
     3.17172     0.00000     0.00000     0.00000     0.00000     0.00000     0.00000     0.00000     0.00000     0.00000     0.00000
     3.25872     0.00000     0.00000     0.00000     0.00000     0.00000     0.00000     0.00000     0.00000     0.00000     0.00000
     3.34572     0.00000     0.00000     0.00000     0.00000     0.00000     0.00000     0.00000     0.00000     0.00000     0.00000
     3.43272     0.00000     0.00000     0.00000     0.00000     0.00000     0.00000     0.00000     0.00000     0.00000     0.00000
     3.51972     0.00000     0.00000     0.00000     0.00000     0.00000     0.00000     0.00000     0.00000     0.00000     0.00000
     3.60672     0.00000     0.00000     0.00000     0.00000     0.00000     0.00000     0.00000     0.00000     0.00000     0.00000
     3.69372     0.00000     0.00000     0.00000     0.00000     0.00000     0.00000     0.00000     0.00000     0.00000     0.00000
     3.78072     0.00000     0.00000     0.00000     0.00000     0.00000     0.00000     0.00000     0.00000     0.00000     0.00000
     3.86672     0.00000     0.00000     0.00000     0.00000     0.00000     0.00000     0.00000     0.00000     0.00000     0.00000
     3.95372     0.00000     0.00000     0.00000     0.00000     0.00000     0.00000     0.00000     0.00000     0.00000     0.00000
     4.04072     0.00000     0.00000     0.00000     0.00000     0.00000     0.00000     0.00000     0.00000     0.00000     0.00000
     4.12772     0.00000     0.00000     0.00000     0.00000     0.00000     0.00000     0.00000     0.00000     0.00000     0.00000
     4.21472     0.00000     0.00000     0.00000     0.00000     0.00000     0.00000     0.00000     0.00000     0.00000     0.00000
     4.30172     0.00000     0.00000     0.00000     0.00000     0.00000     0.00000     0.00000     0.00000     0.00000     0.00000
     4.38872     0.00000     0.00000     0.00000     0.00000     0.00000     0.00000     0.00000     0.00000     0.00000     0.00000
     4.47572     0.00000     0.00000     0.00000     0.00000     0.00000     0.00000     0.00000     0.00000     0.00000     0.00000
     4.56272     0.00000     0.00000     0.00000     0.00000     0.00000     0.00000     0.00000     0.00000     0.00000     0.00000
     4.64972     2.54870     0.02728     0.02251     0.02508     0.02209     0.02242     0.00167     0.02005     0.00276     2.69257
     4.73572     3.69710     0.06585     0.05511     0.06123     0.02858     0.02745     0.00326     0.02569     0.00415     3.96842
     4.82272     3.52440     0.04913     0.04485     0.04549     0.02543     0.02551     0.00594     0.02694     0.00731     3.75501
     4.90972     1.76520     0.01515     0.00737     0.01388     0.01929     0.02274     0.00437     0.02640     0.00271     1.87710
     4.99672     0.93564     0.03578     0.03568     0.03329     0.01220     0.01201     0.00134     0.01188     0.00174     1.07955
     5.08372     0.82746     0.03188     0.02809     0.02976     0.01134     0.01005     0.00181     0.00992     0.00231     0.95260
     5.17072     1.45680     0.04628     0.04091     0.04311     0.01942     0.01709     0.00365     0.01677     0.00459     1.64862
     5.25772     1.19500     0.03444     0.03019     0.03191     0.01538     0.01387     0.00352     0.01354     0.00438     1.34224
     5.34472     0.67033     0.01698     0.01589     0.01607     0.00862     0.00784     0.00233     0.00767     0.00299     0.74872
     5.43172     1.58700     0.08784     0.08954     0.08266     0.02831     0.02996     0.01056     0.03011     0.01231     1.95828
     5.51872     1.49000     0.12639     0.11660     0.12287     0.03174     0.02838     0.01161     0.02948     0.01306     1.97014
     5.60572     0.55553     0.11593     0.12606     0.11799     0.01981     0.02178     0.01050     0.02250     0.01291     1.00301
     5.69172     0.30671     0.12411     0.12996     0.12038     0.02590     0.02452     0.00858     0.02428     0.00987     0.77432
     5.77872     0.91470     0.31932     0.36009     0.31952     0.07674     0.06162     0.02424     0.06162     0.02739     2.16524
     5.86572     0.53510     0.35518     0.34770     0.34701     0.07037     0.06864     0.01759     0.06651     0.02089     1.82899
     5.95272     0.16792     0.27136     0.23350     0.26874     0.04387     0.04489     0.01362     0.04275     0.01873     1.10538
     6.03972     0.11214     0.20417     0.20054     0.20250     0.04204     0.04255     0.01111     0.04022     0.01118     0.86645
     6.12672     0.42511     0.29344     0.29304     0.29279     0.06150     0.06933     0.02697     0.06916     0.02597     1.55731
     6.21372     0.11059     0.29400     0.30070     0.29109     0.06204     0.06488     0.02544     0.06240     0.03035     1.24149
     6.30072     0.11495     0.41135     0.45499     0.40369     0.08852     0.07412     0.02567     0.07071     0.03193     1.67594
     6.38772     0.11960     0.29362     0.43852     0.30588     0.04934     0.06046     0.01203     0.05616     0.01659     1.35220
     6.47472     0.05941     0.43038     0.47043     0.44855     0.07080     0.04151     0.01116     0.04061     0.01151     1.58436
     6.56072     0.08033     0.61344     0.61184     0.64660     0.13408     0.13224     0.02000     0.13445     0.02800     2.40098
     6.64772     0.08357     0.49284     0.66867     0.52638     0.18659     0.18950     0.01826     0.18729     0.02135     2.37445
     6.73472     0.13432     0.61235     0.60950     0.63137     0.14917     0.16337     0.02897     0.17003     0.02796     2.52704
     6.82172     0.07105     0.32685     0.28910     0.31847     0.13924     0.15927     0.01536     0.14034     0.01157     1.47124
     6.90872     0.09246     0.28478     0.31749     0.28564     0.11114     0.10929     0.01847     0.10572     0.01603     1.34102
     6.99572     0.09576     0.37592     0.34602     0.38057     0.10832     0.10314     0.02070     0.10749     0.01772     1.55564
     7.08272     0.11970     0.46026     0.38391     0.44821     0.14224     0.17661     0.03709     0.18224     0.02765     1.97792
     7.16972     0.17867     0.50654     0.48069     0.49246     0.11178     0.11702     0.02901     0.12295     0.02711     2.06623
     7.25672     0.22892     0.49572     0.40977     0.48642     0.26230     0.20534     0.03021     0.20465     0.02693     2.35026
     7.34372     0.13376     0.29338     0.30695     0.29108     0.13732     0.17353     0.01686     0.17742     0.01563     1.54593
     7.42972     0.16741     0.39390     0.43503     0.37978     0.18685     0.17686     0.02188     0.18098     0.01711     1.95980
     7.51672     0.09004     0.22950     0.22649     0.22319     0.09051     0.07673     0.01127     0.08038     0.01273     1.04085
     7.60372     0.22099     0.59739     0.54723     0.59876     0.28978     0.19786     0.04663     0.19947     0.03876     2.73687
     7.69072     0.12492     0.61153     0.40993     0.61736     0.12908     0.14978     0.02992     0.14911     0.03126     2.25288
     7.77772     0.14840     0.88287     0.84910     0.86580     0.21639     0.16919     0.04891     0.17930     0.04477     3.40473
     7.86472     0.12382     0.86327     0.85686     0.82084     0.15415     0.12953     0.03573     0.13524     0.04227     3.16171
     7.95172     0.12133     0.37552     0.36750     0.37461     0.10053     0.11574     0.02993     0.11435     0.03479     1.63429
     8.03872     0.10264     0.28770     0.26382     0.28387     0.09350     0.08983     0.02577     0.09596     0.02937     1.27246
     8.12572     0.00000     0.00000     0.00000     0.00000     0.00000     0.00000     0.00000     0.00000     0.00000     0.00000
     8.21272     0.00000     0.00000     0.00000     0.00000     0.00000     0.00000     0.00000     0.00000     0.00000     0.00000
     8.29972     0.00000     0.00000     0.00000     0.00000     0.00000     0.00000     0.00000     0.00000     0.00000     0.00000
     8.38572     0.00000     0.00000     0.00000     0.00000     0.00000     0.00000     0.00000     0.00000     0.00000     0.00000
     8.47272     0.00000     0.00000     0.00000     0.00000     0.00000     0.00000     0.00000     0.00000     0.00000     0.00000
     8.55972     0.00000     0.00000     0.00000     0.00000     0.00000     0.00000     0.00000     0.00000     0.00000     0.00000
     8.64672     0.00000     0.00000     0.00000     0.00000     0.00000     0.00000     0.00000     0.00000     0.00000     0.00000
     8.73372     0.00000     0.00000     0.00000     0.00000     0.00000     0.00000     0.00000     0.00000     0.00000     0.00000
     8.82072     0.00000     0.00000     0.00000     0.00000     0.00000     0.00000     0.00000     0.00000     0.00000     0.00000
     8.90772     0.00000     0.00000     0.00000     0.00000     0.00000     0.00000     0.00000     0.00000     0.00000     0.00000
     8.99472     0.00000     0.00000     0.00000     0.00000     0.00000     0.00000     0.00000     0.00000     0.00000     0.00000
     9.08172     0.00000     0.00000     0.00000     0.00000     0.00000     0.00000     0.00000     0.00000     0.00000     0.00000
     9.16872     0.00000     0.00000     0.00000     0.00000     0.00000     0.00000     0.00000     0.00000     0.00000     0.00000
     9.25472     0.00000     0.00000     0.00000     0.00000     0.00000     0.00000     0.00000     0.00000     0.00000     0.00000
     9.34172     0.00000     0.00000     0.00000     0.00000     0.00000     0.00000     0.00000     0.00000     0.00000     0.00000
     9.42872     0.00000     0.00000     0.00000     0.00000     0.00000     0.00000     0.00000     0.00000     0.00000     0.00000
