     #Energy           s          py          pz          px         dxy         dyz         dz2         dxz         dx2       tot  
   -16.64228     0.00000     0.00000     0.00000     0.00000     0.00000     0.00000     0.00000     0.00000     0.00000     0.00000
   -16.55528     0.00000     0.00000     0.00000     0.00000     0.00000     0.00000     0.00000     0.00000     0.00000     0.00000
   -16.46828     0.00000     0.00000     0.00000     0.00000     0.00000     0.00000     0.00000     0.00000     0.00000     0.00000
   -16.38128     0.00000     0.00000     0.00000     0.00000     0.00000     0.00000     0.00000     0.00000     0.00000     0.00000
   -16.29428     0.00000     0.00000     0.00000     0.00000     0.00000     0.00000     0.00000     0.00000     0.00000     0.00000
   -16.20728     0.00000     0.00000     0.00000     0.00000     0.00000     0.00000     0.00000     0.00000     0.00000     0.00000
   -16.12028     0.00000     0.00000     0.00000     0.00000     0.00000     0.00000     0.00000     0.00000     0.00000     0.00000
   -16.03328     0.00000     0.00000     0.00000     0.00000     0.00000     0.00000     0.00000     0.00000     0.00000     0.00000
   -15.94628     0.00000     0.00000     0.00000     0.00000     0.00000     0.00000     0.00000     0.00000     0.00000     0.00000
   -15.85928     0.00000     0.00000     0.00000     0.00000     0.00000     0.00000     0.00000     0.00000     0.00000     0.00000
   -15.77328     0.00000     0.00000     0.00000     0.00000     0.00000     0.00000     0.00000     0.00000     0.00000     0.00000
   -15.68628     0.00000     0.00000     0.00000     0.00000     0.00000     0.00000     0.00000     0.00000     0.00000     0.00000
   -15.59928     0.00000     0.00000     0.00000     0.00000     0.00000     0.00000     0.00000     0.00000     0.00000     0.00000
   -15.51228     0.00000     0.00000     0.00000     0.00000     0.00000     0.00000     0.00000     0.00000     0.00000     0.00000
   -15.42528     0.00000     0.00000     0.00000     0.00000     0.00000     0.00000     0.00000     0.00000     0.00000     0.00000
   -15.33828     0.00000     0.00000     0.00000     0.00000     0.00000     0.00000     0.00000     0.00000     0.00000     0.00000
   -15.25128     0.00000     0.00000     0.00000     0.00000     0.00000     0.00000     0.00000     0.00000     0.00000     0.00000
   -15.16428     0.00000     0.00000     0.00000     0.00000     0.00000     0.00000     0.00000     0.00000     0.00000     0.00000
   -15.07728     0.00000     0.00000     0.00000     0.00000     0.00000     0.00000     0.00000     0.00000     0.00000     0.00000
   -14.99028     0.00000     0.00000     0.00000     0.00000     0.00000     0.00000     0.00000     0.00000     0.00000     0.00000
   -14.90428     0.00000     0.00000     0.00000     0.00000     0.00000     0.00000     0.00000     0.00000     0.00000     0.00000
   -14.81728     0.00000     0.00000     0.00000     0.00000     0.00000     0.00000     0.00000     0.00000     0.00000     0.00000
   -14.73028     0.00000     0.00000     0.00000     0.00000     0.00000     0.00000     0.00000     0.00000     0.00000     0.00000
   -14.64328     0.00000     0.00000     0.00000     0.00000     0.00000     0.00000     0.00000     0.00000     0.00000     0.00000
   -14.55628     0.00000     0.00000     0.00000     0.00000     0.00000     0.00000     0.00000     0.00000     0.00000     0.00000
   -14.46928     0.00000     0.00000     0.00000     0.00000     0.00000     0.00000     0.00000     0.00000     0.00000     0.00000
   -14.38228     0.00000     0.00000     0.00000     0.00000     0.00000     0.00000     0.00000     0.00000     0.00000     0.00000
   -14.29528     0.00000     0.00000     0.00000     0.00000     0.00000     0.00000     0.00000     0.00000     0.00000     0.00000
   -14.20828     0.00000     0.00000     0.00000     0.00000     0.00000     0.00000     0.00000     0.00000     0.00000     0.00000
   -14.12128     0.00000     0.00000     0.00000     0.00000     0.00000     0.00000     0.00000     0.00000     0.00000     0.00000
   -14.03528     0.00000     0.00000     0.00000     0.00000     0.00000     0.00000     0.00000     0.00000     0.00000     0.00000
   -13.94828     0.00000     0.00000     0.00000     0.00000     0.00000     0.00000     0.00000     0.00000     0.00000     0.00000
   -13.86128     0.00000     0.00000     0.00000     0.00000     0.00000     0.00000     0.00000     0.00000     0.00000     0.00000
   -13.77428     0.00000     0.00000     0.00000     0.00000     0.00000     0.00000     0.00000     0.00000     0.00000     0.00000
   -13.68728     0.00000     0.00000     0.00000     0.00000     0.00000     0.00000     0.00000     0.00000     0.00000     0.00000
   -13.60028     0.00000     0.00000     0.00000     0.00000     0.00000     0.00000     0.00000     0.00000     0.00000     0.00000
   -13.51328     0.00000     0.00000     0.00000     0.00000     0.00000     0.00000     0.00000     0.00000     0.00000     0.00000
   -13.42628     0.00000     0.00000     0.00000     0.00000     0.00000     0.00000     0.00000     0.00000     0.00000     0.00000
   -13.33928     0.00000     0.00000     0.00000     0.00000     0.00000     0.00000     0.00000     0.00000     0.00000     0.00000
   -13.25228     0.00000     0.00000     0.00000     0.00000     0.00000     0.00000     0.00000     0.00000     0.00000     0.00000
   -13.16528     0.00000     0.00000     0.00000     0.00000     0.00000     0.00000     0.00000     0.00000     0.00000     0.00000
   -13.07928     0.00000     0.00000     0.00000     0.00000     0.00000     0.00000     0.00000     0.00000     0.00000     0.00000
   -12.99228     0.00000     0.00000     0.00000     0.00000     0.00000     0.00000     0.00000     0.00000     0.00000     0.00000
   -12.90528     0.00000     0.00000     0.00000     0.00000     0.00000     0.00000     0.00000     0.00000     0.00000     0.00000
   -12.81828     0.00000     0.00000     0.00000     0.00000     0.00000     0.00000     0.00000     0.00000     0.00000     0.00000
   -12.73128     0.00000     0.00000     0.00000     0.00000     0.00000     0.00000     0.00000     0.00000     0.00000     0.00000
   -12.64428     0.00000     0.00000     0.00000     0.00000     0.00000     0.00000     0.00000     0.00000     0.00000     0.00000
   -12.55728     0.00000     0.00000     0.00000     0.00000     0.00000     0.00000     0.00000     0.00000     0.00000     0.00000
   -12.47028     0.00000     0.00000     0.00000     0.00000     0.00000     0.00000     0.00000     0.00000     0.00000     0.00000
   -12.38328     0.00000     0.00000     0.00000     0.00000     0.00000     0.00000     0.00000     0.00000     0.00000     0.00000
   -12.29628     0.00143     0.00010     0.00008     0.00010     0.00000     0.00000     0.00000     0.00000     0.00000     0.00171
   -12.21028     0.00219     0.00016     0.00013     0.00015     0.00000     0.00000     0.00000     0.00000     0.00000     0.00262
   -12.12328     0.00190     0.00013     0.00011     0.00012     0.00000     0.00000     0.00000     0.00000     0.00000     0.00227
   -12.03628     0.00146     0.00010     0.00009     0.00010     0.00000     0.00000     0.00000     0.00000     0.00000     0.00174
   -11.94928     0.00000     0.00000     0.00000     0.00000     0.00000     0.00000     0.00000     0.00000     0.00000     0.00000
   -11.86228     0.00110     0.00008     0.00006     0.00008     0.00000     0.00000     0.00000     0.00000     0.00000     0.00133
   -11.77528     0.00073     0.00005     0.00004     0.00006     0.00000     0.00000     0.00000     0.00000     0.00000     0.00089
   -11.68828     0.00034     0.00003     0.00002     0.00003     0.00000     0.00000     0.00000     0.00000     0.00000     0.00041
   -11.60128     0.00171     0.00016     0.00014     0.00017     0.00000     0.00000     0.00000     0.00000     0.00000     0.00218
   -11.51428     0.00307     0.00026     0.00024     0.00032     0.00000     0.00000     0.00000     0.00000     0.00000     0.00389
   -11.42728     0.00145     0.00012     0.00012     0.00013     0.00000     0.00000     0.00000     0.00000     0.00000     0.00183
   -11.34128     0.00000     0.00000     0.00000     0.00000     0.00000     0.00000     0.00000     0.00000     0.00000     0.00000
   -11.25428     0.00000     0.00000     0.00000     0.00000     0.00000     0.00000     0.00000     0.00000     0.00000     0.00000
   -11.16728     0.00000     0.00000     0.00000     0.00000     0.00000     0.00000     0.00000     0.00000     0.00000     0.00000
   -11.08028     0.00000     0.00000     0.00000     0.00000     0.00000     0.00000     0.00000     0.00000     0.00000     0.00000
   -10.99328     0.00000     0.00000     0.00000     0.00000     0.00000     0.00000     0.00000     0.00000     0.00000     0.00000
   -10.90628     0.00000     0.00000     0.00000     0.00000     0.00000     0.00000     0.00000     0.00000     0.00000     0.00000
   -10.81928     0.00000     0.00000     0.00000     0.00000     0.00000     0.00000     0.00000     0.00000     0.00000     0.00000
   -10.73228     0.00000     0.00000     0.00000     0.00000     0.00000     0.00000     0.00000     0.00000     0.00000     0.00000
   -10.64528     0.00000     0.00000     0.00000     0.00000     0.00000     0.00000     0.00000     0.00000     0.00000     0.00000
   -10.55828     0.00000     0.00000     0.00000     0.00000     0.00000     0.00000     0.00000     0.00000     0.00000     0.00000
   -10.47228     0.00000     0.00000     0.00000     0.00000     0.00000     0.00000     0.00000     0.00000     0.00000     0.00000
   -10.38528     0.00000     0.00000     0.00000     0.00000     0.00000     0.00000     0.00000     0.00000     0.00000     0.00000
   -10.29828     0.00000     0.00000     0.00000     0.00000     0.00000     0.00000     0.00000     0.00000     0.00000     0.00000
   -10.21128     0.00000     0.00000     0.00000     0.00000     0.00000     0.00000     0.00000     0.00000     0.00000     0.00000
   -10.12428     0.00000     0.00000     0.00000     0.00000     0.00000     0.00000     0.00000     0.00000     0.00000     0.00000
   -10.03728     0.00000     0.00000     0.00000     0.00000     0.00000     0.00000     0.00000     0.00000     0.00000     0.00000
    -9.95028     0.00000     0.00000     0.00000     0.00000     0.00000     0.00000     0.00000     0.00000     0.00000     0.00000
    -9.86328     0.00000     0.00000     0.00000     0.00000     0.00000     0.00000     0.00000     0.00000     0.00000     0.00000
    -9.77628     0.00000     0.00000     0.00000     0.00000     0.00000     0.00000     0.00000     0.00000     0.00000     0.00000
    -9.68928     0.00000     0.00000     0.00000     0.00000     0.00000     0.00000     0.00000     0.00000     0.00000     0.00000
    -9.60228     0.00000     0.00000     0.00000     0.00000     0.00000     0.00000     0.00000     0.00000     0.00000     0.00000
    -9.51628     0.00000     0.00000     0.00000     0.00000     0.00000     0.00000     0.00000     0.00000     0.00000     0.00000
    -9.42928     0.00000     0.00000     0.00000     0.00000     0.00000     0.00000     0.00000     0.00000     0.00000     0.00000
    -9.34228     0.00000     0.00000     0.00000     0.00000     0.00000     0.00000     0.00000     0.00000     0.00000     0.00000
    -9.25528     0.00000     0.00000     0.00000     0.00000     0.00000     0.00000     0.00000     0.00000     0.00000     0.00000
    -9.16828     0.00000     0.00000     0.00000     0.00000     0.00000     0.00000     0.00000     0.00000     0.00000     0.00000
    -9.08128     0.00000     0.00000     0.00000     0.00000     0.00000     0.00000     0.00000     0.00000     0.00000     0.00000
    -8.99428     0.00000     0.00000     0.00000     0.00000     0.00000     0.00000     0.00000     0.00000     0.00000     0.00000
    -8.90728     0.00000     0.00000     0.00000     0.00000     0.00000     0.00000     0.00000     0.00000     0.00000     0.00000
    -8.82028     0.00000     0.00000     0.00000     0.00000     0.00000     0.00000     0.00000     0.00000     0.00000     0.00000
    -8.73328     0.00000     0.00000     0.00000     0.00000     0.00000     0.00000     0.00000     0.00000     0.00000     0.00000
    -8.64728     0.00000     0.00000     0.00000     0.00000     0.00000     0.00000     0.00000     0.00000     0.00000     0.00000
    -8.56028     0.00000     0.00000     0.00000     0.00000     0.00000     0.00000     0.00000     0.00000     0.00000     0.00000
    -8.47328     0.00000     0.00000     0.00000     0.00000     0.00000     0.00000     0.00000     0.00000     0.00000     0.00000
    -8.38628     0.00000     0.00000     0.00000     0.00000     0.00000     0.00000     0.00000     0.00000     0.00000     0.00000
    -8.29928     0.00000     0.00000     0.00000     0.00000     0.00000     0.00000     0.00000     0.00000     0.00000     0.00000
    -8.21228     0.00000     0.00000     0.00000     0.00000     0.00000     0.00000     0.00000     0.00000     0.00000     0.00000
    -8.12528     0.00000     0.00000     0.00000     0.00000     0.00000     0.00000     0.00000     0.00000     0.00000     0.00000
    -8.03828     0.00000     0.00000     0.00000     0.00000     0.00000     0.00000     0.00000     0.00000     0.00000     0.00000
    -7.95128     0.00000     0.00000     0.00000     0.00000     0.00000     0.00000     0.00000     0.00000     0.00000     0.00000
    -7.86428     0.00000     0.00000     0.00000     0.00000     0.00000     0.00000     0.00000     0.00000     0.00000     0.00000
    -7.77828     0.00000     0.00000     0.00000     0.00000     0.00000     0.00000     0.00000     0.00000     0.00000     0.00000
    -7.69128     0.00000     0.00000     0.00000     0.00000     0.00000     0.00000     0.00000     0.00000     0.00000     0.00000
    -7.60428     0.00000     0.00000     0.00000     0.00000     0.00000     0.00000     0.00000     0.00000     0.00000     0.00000
    -7.51728     0.00000     0.00000     0.00000     0.00000     0.00000     0.00000     0.00000     0.00000     0.00000     0.00000
    -7.43028     0.00000     0.00000     0.00000     0.00000     0.00000     0.00000     0.00000     0.00000     0.00000     0.00000
    -7.34328     0.00000     0.00000     0.00000     0.00000     0.00000     0.00000     0.00000     0.00000     0.00000     0.00000
    -7.25628     0.00000     0.00000     0.00000     0.00000     0.00000     0.00000     0.00000     0.00000     0.00000     0.00000
    -7.16928     0.00000     0.00000     0.00000     0.00000     0.00000     0.00000     0.00000     0.00000     0.00000     0.00000
    -7.08228     0.00000     0.00000     0.00000     0.00000     0.00000     0.00000     0.00000     0.00000     0.00000     0.00000
    -6.99528     0.00000     0.00000     0.00000     0.00000     0.00000     0.00000     0.00000     0.00000     0.00000     0.00000
    -6.90828     0.00000     0.00000     0.00000     0.00000     0.00000     0.00000     0.00000     0.00000     0.00000     0.00000
    -6.82228     0.00000     0.00000     0.00000     0.00000     0.00000     0.00000     0.00000     0.00000     0.00000     0.00000
    -6.73528     0.00000     0.00000     0.00000     0.00000     0.00000     0.00000     0.00000     0.00000     0.00000     0.00000
    -6.64828     0.00000     0.00000     0.00000     0.00000     0.00000     0.00000     0.00000     0.00000     0.00000     0.00000
    -6.56128     0.00000     0.00000     0.00000     0.00000     0.00000     0.00000     0.00000     0.00000     0.00000     0.00000
    -6.47428     0.00000     0.00000     0.00000     0.00000     0.00000     0.00000     0.00000     0.00000     0.00000     0.00000
    -6.38728     0.00000     0.00000     0.00000     0.00000     0.00000     0.00000     0.00000     0.00000     0.00000     0.00000
    -6.30028     0.00000     0.00000     0.00000     0.00000     0.00000     0.00000     0.00000     0.00000     0.00000     0.00000
    -6.21328     0.00000     0.00000     0.00000     0.00000     0.00000     0.00000     0.00000     0.00000     0.00000     0.00000
    -6.12628     0.00000     0.00000     0.00000     0.00000     0.00000     0.00000     0.00000     0.00000     0.00000     0.00000
    -6.03928     0.00000     0.00000     0.00000     0.00000     0.00000     0.00000     0.00000     0.00000     0.00000     0.00000
    -5.95328     0.00000     0.00000     0.00000     0.00000     0.00000     0.00000     0.00000     0.00000     0.00000     0.00000
    -5.86628     0.00000     0.00000     0.00000     0.00000     0.00000     0.00000     0.00000     0.00000     0.00000     0.00000
    -5.77928     0.00000     0.00000     0.00000     0.00000     0.00000     0.00000     0.00000     0.00000     0.00000     0.00000
    -5.69228     0.00000     0.00000     0.00000     0.00000     0.00000     0.00000     0.00000     0.00000     0.00000     0.00000
    -5.60528     0.00000     0.00000     0.00000     0.00000     0.00000     0.00000     0.00000     0.00000     0.00000     0.00000
    -5.51828     0.00000     0.00000     0.00000     0.00000     0.00000     0.00000     0.00000     0.00000     0.00000     0.00000
    -5.43128     0.00000     0.00000     0.00000     0.00000     0.00000     0.00000     0.00000     0.00000     0.00000     0.00000
    -5.34428     0.00000     0.00000     0.00000     0.00000     0.00000     0.00000     0.00000     0.00000     0.00000     0.00000
    -5.25728     0.00000     0.00000     0.00000     0.00000     0.00000     0.00000     0.00000     0.00000     0.00000     0.00000
    -5.17028     0.00000     0.00000     0.00000     0.00000     0.00000     0.00000     0.00000     0.00000     0.00000     0.00000
    -5.08428     0.00000     0.00000     0.00000     0.00000     0.00000     0.00000     0.00000     0.00000     0.00000     0.00000
    -4.99728     0.00000     0.00000     0.00000     0.00000     0.00000     0.00000     0.00000     0.00000     0.00000     0.00000
    -4.91028     0.00000     0.00000     0.00000     0.00000     0.00000     0.00000     0.00000     0.00000     0.00000     0.00000
    -4.82328     0.00000     0.00000     0.00000     0.00000     0.00000     0.00000     0.00000     0.00000     0.00000     0.00000
    -4.73628     0.00000     0.00000     0.00000     0.00000     0.00000     0.00000     0.00000     0.00000     0.00000     0.00000
    -4.64928     0.00000     0.00000     0.00000     0.00000     0.00000     0.00000     0.00000     0.00000     0.00000     0.00000
    -4.56228     0.00000     0.00000     0.00000     0.00000     0.00000     0.00000     0.00000     0.00000     0.00000     0.00000
    -4.47528     0.00000     0.00000     0.00000     0.00000     0.00000     0.00000     0.00000     0.00000     0.00000     0.00000
    -4.38828     0.00000     0.00000     0.00000     0.00000     0.00000     0.00000     0.00000     0.00000     0.00000     0.00000
    -4.30128     0.00000     0.00000     0.00000     0.00000     0.00000     0.00000     0.00000     0.00000     0.00000     0.00000
    -4.21528     0.00000     0.00000     0.00000     0.00000     0.00000     0.00000     0.00000     0.00000     0.00000     0.00000
    -4.12828     0.00055     0.00746     0.00727     0.00711     0.00000     0.00000     0.00000     0.00000     0.00000     0.02239
    -4.04128     0.00020     0.00462     0.00411     0.00479     0.00000     0.00000     0.00000     0.00000     0.00000     0.01373
    -3.95428     0.00012     0.00301     0.00303     0.00324     0.00000     0.00000     0.00000     0.00000     0.00000     0.00939
    -3.86728     0.00010     0.00583     0.00670     0.00651     0.00000     0.00000     0.00000     0.00000     0.00000     0.01914
    -3.78028     0.00000     0.00000     0.00000     0.00000     0.00000     0.00000     0.00000     0.00000     0.00000     0.00000
    -3.69328     0.00082     0.08950     0.11378     0.10089     0.00000     0.00000     0.00000     0.00000     0.00000     0.30499
    -3.60628     0.00000     0.00000     0.00000     0.00000     0.00000     0.00000     0.00000     0.00000     0.00000     0.00000
    -3.51928     0.00060     0.26772     0.28412     0.30665     0.00000     0.00000     0.00000     0.00000     0.00000     0.85909
    -3.43228     0.00028     0.02399     0.02712     0.02734     0.00000     0.00000     0.00000     0.00000     0.00000     0.07874
    -3.34528     0.00012     0.19610     0.21440     0.22597     0.00000     0.00000     0.00000     0.00000     0.00000     0.63659
    -3.25928     0.00040     0.03549     0.03954     0.04067     0.00000     0.00000     0.00000     0.00000     0.00000     0.11611
    -3.17228     0.00119     0.06009     0.06297     0.06890     0.00000     0.00000     0.00000     0.00000     0.00000     0.19315
    -3.08528     0.00019     0.13588     0.13456     0.15859     0.00000     0.00000     0.00000     0.00000     0.00000     0.42922
    -2.99828     0.00001     0.00080     0.00076     0.00096     0.00000     0.00000     0.00000     0.00000     0.00000     0.00253
    -2.91128     0.00013     0.01069     0.00962     0.01241     0.00000     0.00000     0.00000     0.00000     0.00000     0.03285
    -2.82428     0.00021     0.01495     0.01387     0.01672     0.00000     0.00000     0.00000     0.00000     0.00000     0.04574
    -2.73728     0.00025     0.01334     0.01119     0.01396     0.00000     0.00000     0.00000     0.00000     0.00000     0.03874
    -2.65028     0.00026     0.02114     0.01158     0.02094     0.00000     0.00000     0.00000     0.00000     0.00000     0.05392
    -2.56328     0.00049     0.04685     0.02231     0.04281     0.00000     0.00000     0.00000     0.00000     0.00000     0.11247
    -2.47628     0.01106     3.40000     2.74090     3.50920     0.00000     0.00000     0.00000     0.00000     0.00000     9.66116
    -2.39028     0.00035     0.14748     0.14960     0.13896     0.00000     0.00000     0.00000     0.00000     0.00000     0.43639
    -2.30328     0.00027     0.06427     0.01514     0.05452     0.00000     0.00000     0.00000     0.00000     0.00000     0.13421
    -2.21628     0.00013     0.01010     0.00385     0.00852     0.00000     0.00000     0.00000     0.00000     0.00000     0.02260
    -2.12928     0.00062     0.02922     0.03640     0.02639     0.00000     0.00000     0.00000     0.00000     0.00000     0.09264
    -2.04228     0.00044     0.02120     0.02041     0.01966     0.00000     0.00000     0.00000     0.00000     0.00000     0.06171
    -1.95528     0.00063     0.01955     0.02141     0.01915     0.00000     0.00000     0.00000     0.00000     0.00000     0.06073
    -1.86828     0.00047     0.01190     0.01169     0.01154     0.00000     0.00000     0.00000     0.00000     0.00000     0.03560
    -1.78128     0.00047     0.01100     0.01160     0.01125     0.00000     0.00000     0.00000     0.00000     0.00000     0.03433
    -1.69428     0.00000     0.00010     0.00008     0.00009     0.00000     0.00000     0.00000     0.00000     0.00000     0.00028
    -1.60728     0.00056     0.01045     0.01073     0.01082     0.00000     0.00000     0.00000     0.00000     0.00000     0.03256
    -1.52128     0.00065     0.00759     0.00888     0.00784     0.00000     0.00000     0.00000     0.00000     0.00000     0.02496
    -1.43428     0.00056     0.01191     0.01332     0.01239     0.00000     0.00000     0.00000     0.00000     0.00000     0.03817
    -1.34728     0.00073     0.01674     0.01858     0.01786     0.00000     0.00000     0.00000     0.00000     0.00000     0.05390
    -1.26028     0.00103     0.04171     0.03959     0.04675     0.00000     0.00000     0.00000     0.00000     0.00000     0.12908
    -1.17328     0.00094     0.04174     0.03871     0.04700     0.00000     0.00000     0.00000     0.00000     0.00000     0.12838
    -1.08628     0.00062     0.01931     0.01780     0.02127     0.00000     0.00000     0.00000     0.00000     0.00000     0.05900
    -0.99928     0.00055     0.01902     0.01841     0.02109     0.00000     0.00000     0.00000     0.00000     0.00000     0.05908
    -0.91228     0.00031     0.01782     0.01807     0.01981     0.00000     0.00000     0.00000     0.00000     0.00000     0.05602
    -0.82528     0.00023     0.06633     0.06608     0.07426     0.00000     0.00000     0.00000     0.00000     0.00000     0.20690
    -0.73828     0.00329     0.34484     0.36947     0.39649     0.00000     0.00000     0.00000     0.00000     0.00000     1.11409
    -0.65128     0.00116     1.59350     1.70070     1.83750     0.00000     0.00000     0.00000     0.00000     0.00000     5.13286
    -0.56528     0.00095     1.13610     1.19780     1.31240     0.00000     0.00000     0.00000     0.00000     0.00000     3.64725
    -0.47828     0.00124     0.23662     0.26409     0.28153     0.00000     0.00000     0.00000     0.00000     0.00000     0.78348
    -0.39128     0.00216     0.24261     0.26170     0.28171     0.00000     0.00000     0.00000     0.00000     0.00000     0.78818
    -0.30428     0.00042     0.03461     0.03732     0.04056     0.00000     0.00000     0.00000     0.00000     0.00000     0.11291
    -0.21728     0.00259     0.09941     0.11222     0.11594     0.00000     0.00000     0.00000     0.00000     0.00000     0.33017
    -0.13028     0.00033     0.02869     0.03283     0.03309     0.00000     0.00000     0.00000     0.00000     0.00000     0.09495
    -0.04328     0.00005     0.00548     0.00588     0.00625     0.00000     0.00000     0.00000     0.00000     0.00000     0.01767
     0.04372     0.00000     0.00000     0.00000     0.00000     0.00000     0.00000     0.00000     0.00000     0.00000     0.00000
     0.13072     0.00000     0.00000     0.00000     0.00000     0.00000     0.00000     0.00000     0.00000     0.00000     0.00000
     0.21772     0.00000     0.00000     0.00000     0.00000     0.00000     0.00000     0.00000     0.00000     0.00000     0.00000
     0.30372     0.00000     0.00000     0.00000     0.00000     0.00000     0.00000     0.00000     0.00000     0.00000     0.00000
     0.39072     0.00000     0.00000     0.00000     0.00000     0.00000     0.00000     0.00000     0.00000     0.00000     0.00000
     0.47772     0.00000     0.00000     0.00000     0.00000     0.00000     0.00000     0.00000     0.00000     0.00000     0.00000
     0.56472     0.00000     0.00000     0.00000     0.00000     0.00000     0.00000     0.00000     0.00000     0.00000     0.00000
     0.65172     0.00000     0.00000     0.00000     0.00000     0.00000     0.00000     0.00000     0.00000     0.00000     0.00000
     0.73872     0.00000     0.00000     0.00000     0.00000     0.00000     0.00000     0.00000     0.00000     0.00000     0.00000
     0.82572     0.00000     0.00000     0.00000     0.00000     0.00000     0.00000     0.00000     0.00000     0.00000     0.00000
     0.91272     0.00000     0.00000     0.00000     0.00000     0.00000     0.00000     0.00000     0.00000     0.00000     0.00000
     0.99972     0.00000     0.00000     0.00000     0.00000     0.00000     0.00000     0.00000     0.00000     0.00000     0.00000
     1.08672     0.00226     0.00844     0.00775     0.00804     0.00000     0.00000     0.00000     0.00000     0.00000     0.02648
     1.17272     0.00226     0.01422     0.01390     0.01605     0.00000     0.00000     0.00000     0.00000     0.00000     0.04643
     1.25972     0.00064     0.00341     0.00333     0.00385     0.00000     0.00000     0.00000     0.00000     0.00000     0.01124
     1.34672     0.00023     0.00153     0.00162     0.00174     0.00000     0.00000     0.00000     0.00000     0.00000     0.00512
     1.43372     0.00054     0.00613     0.00747     0.00674     0.00000     0.00000     0.00000     0.00000     0.00000     0.02088
     1.52072     0.00000     0.00000     0.00000     0.00000     0.00000     0.00000     0.00000     0.00000     0.00000     0.00000
     1.60772     0.00000     0.00000     0.00000     0.00000     0.00000     0.00000     0.00000     0.00000     0.00000     0.00000
     1.69472     0.00000     0.00000     0.00000     0.00000     0.00000     0.00000     0.00000     0.00000     0.00000     0.00000
     1.78172     0.00000     0.00000     0.00000     0.00000     0.00000     0.00000     0.00000     0.00000     0.00000     0.00000
     1.86872     0.00000     0.00000     0.00000     0.00000     0.00000     0.00000     0.00000     0.00000     0.00000     0.00000
     1.95572     0.00000     0.00000     0.00000     0.00000     0.00000     0.00000     0.00000     0.00000     0.00000     0.00000
     2.04172     0.00000     0.00000     0.00000     0.00000     0.00000     0.00000     0.00000     0.00000     0.00000     0.00000
     2.12872     0.00000     0.00000     0.00000     0.00000     0.00000     0.00000     0.00000     0.00000     0.00000     0.00000
     2.21572     0.00000     0.00000     0.00000     0.00000     0.00000     0.00000     0.00000     0.00000     0.00000     0.00000
     2.30272     0.00000     0.00000     0.00000     0.00000     0.00000     0.00000     0.00000     0.00000     0.00000     0.00000
     2.38972     0.00000     0.00000     0.00000     0.00000     0.00000     0.00000     0.00000     0.00000     0.00000     0.00000
     2.47672     0.00000     0.00000     0.00000     0.00000     0.00000     0.00000     0.00000     0.00000     0.00000     0.00000
     2.56372     0.00000     0.00000     0.00000     0.00000     0.00000     0.00000     0.00000     0.00000     0.00000     0.00000
     2.65072     0.00000     0.00000     0.00000     0.00000     0.00000     0.00000     0.00000     0.00000     0.00000     0.00000
     2.73772     0.00000     0.00000     0.00000     0.00000     0.00000     0.00000     0.00000     0.00000     0.00000     0.00000
     2.82472     0.00000     0.00000     0.00000     0.00000     0.00000     0.00000     0.00000     0.00000     0.00000     0.00000
     2.91172     0.00000     0.00000     0.00000     0.00000     0.00000     0.00000     0.00000     0.00000     0.00000     0.00000
     2.99772     0.00000     0.00000     0.00000     0.00000     0.00000     0.00000     0.00000     0.00000     0.00000     0.00000
     3.08472     0.00000     0.00000     0.00000     0.00000     0.00000     0.00000     0.00000     0.00000     0.00000     0.00000
     3.17172     0.00000     0.00000     0.00000     0.00000     0.00000     0.00000     0.00000     0.00000     0.00000     0.00000
     3.25872     0.00000     0.00000     0.00000     0.00000     0.00000     0.00000     0.00000     0.00000     0.00000     0.00000
     3.34572     0.00000     0.00000     0.00000     0.00000     0.00000     0.00000     0.00000     0.00000     0.00000     0.00000
     3.43272     0.00000     0.00000     0.00000     0.00000     0.00000     0.00000     0.00000     0.00000     0.00000     0.00000
     3.51972     0.00000     0.00000     0.00000     0.00000     0.00000     0.00000     0.00000     0.00000     0.00000     0.00000
     3.60672     0.00000     0.00000     0.00000     0.00000     0.00000     0.00000     0.00000     0.00000     0.00000     0.00000
     3.69372     0.00000     0.00000     0.00000     0.00000     0.00000     0.00000     0.00000     0.00000     0.00000     0.00000
     3.78072     0.00000     0.00000     0.00000     0.00000     0.00000     0.00000     0.00000     0.00000     0.00000     0.00000
     3.86672     0.00000     0.00000     0.00000     0.00000     0.00000     0.00000     0.00000     0.00000     0.00000     0.00000
     3.95372     0.00000     0.00000     0.00000     0.00000     0.00000     0.00000     0.00000     0.00000     0.00000     0.00000
     4.04072     0.00000     0.00000     0.00000     0.00000     0.00000     0.00000     0.00000     0.00000     0.00000     0.00000
     4.12772     0.00000     0.00000     0.00000     0.00000     0.00000     0.00000     0.00000     0.00000     0.00000     0.00000
     4.21472     0.00000     0.00000     0.00000     0.00000     0.00000     0.00000     0.00000     0.00000     0.00000     0.00000
     4.30172     0.00000     0.00000     0.00000     0.00000     0.00000     0.00000     0.00000     0.00000     0.00000     0.00000
     4.38872     0.00000     0.00000     0.00000     0.00000     0.00000     0.00000     0.00000     0.00000     0.00000     0.00000
     4.47572     0.00000     0.00000     0.00000     0.00000     0.00000     0.00000     0.00000     0.00000     0.00000     0.00000
     4.56272     0.00000     0.00000     0.00000     0.00000     0.00000     0.00000     0.00000     0.00000     0.00000     0.00000
     4.64972     0.00622     0.11995     0.12641     0.13843     0.00000     0.00000     0.00000     0.00000     0.00000     0.39101
     4.73572     0.00861     0.06916     0.07330     0.07904     0.00000     0.00000     0.00000     0.00000     0.00000     0.23012
     4.82272     0.01005     0.04121     0.04499     0.04617     0.00000     0.00000     0.00000     0.00000     0.00000     0.14242
     4.90972     0.00856     0.02089     0.02392     0.02347     0.00000     0.00000     0.00000     0.00000     0.00000     0.07684
     4.99672     0.00863     0.00986     0.00850     0.01017     0.00000     0.00000     0.00000     0.00000     0.00000     0.03716
     5.08372     0.00858     0.01001     0.00855     0.01008     0.00000     0.00000     0.00000     0.00000     0.00000     0.03721
     5.17072     0.01726     0.01832     0.01553     0.01804     0.00000     0.00000     0.00000     0.00000     0.00000     0.06916
     5.25772     0.01321     0.01289     0.01109     0.01257     0.00000     0.00000     0.00000     0.00000     0.00000     0.04977
     5.34472     0.02349     0.01493     0.01378     0.01415     0.00000     0.00000     0.00000     0.00000     0.00000     0.06635
     5.43172     0.12929     0.07953     0.07013     0.07537     0.00000     0.00000     0.00000     0.00000     0.00000     0.35432
     5.51872     0.02569     0.03171     0.03714     0.02898     0.00000     0.00000     0.00000     0.00000     0.00000     0.12350
     5.60572     0.03767     0.04856     0.04039     0.04376     0.00000     0.00000     0.00000     0.00000     0.00000     0.17038
     5.69172     0.03829     0.03378     0.02951     0.03128     0.00000     0.00000     0.00000     0.00000     0.00000     0.13285
     5.77872     0.06583     0.06216     0.05825     0.05897     0.00000     0.00000     0.00000     0.00000     0.00000     0.24520
     5.86572     0.06858     0.04290     0.04454     0.04214     0.00000     0.00000     0.00000     0.00000     0.00000     0.19816
     5.95272     0.02937     0.01976     0.01890     0.01947     0.00000     0.00000     0.00000     0.00000     0.00000     0.08750
     6.03972     0.02751     0.01680     0.01549     0.01659     0.00000     0.00000     0.00000     0.00000     0.00000     0.07640
     6.12672     0.04197     0.02950     0.02964     0.02892     0.00000     0.00000     0.00000     0.00000     0.00000     0.13003
     6.21372     0.04091     0.02137     0.02130     0.02141     0.00000     0.00000     0.00000     0.00000     0.00000     0.10498
     6.30072     0.04565     0.03584     0.05475     0.03448     0.00000     0.00000     0.00000     0.00000     0.00000     0.17072
     6.38772     0.07219     0.03970     0.03647     0.03778     0.00000     0.00000     0.00000     0.00000     0.00000     0.18614
     6.47472     0.02959     0.02760     0.02998     0.02951     0.00000     0.00000     0.00000     0.00000     0.00000     0.11668
     6.56072     0.05225     0.04160     0.04151     0.03965     0.00000     0.00000     0.00000     0.00000     0.00000     0.17501
     6.64772     0.03784     0.03561     0.03566     0.03703     0.00000     0.00000     0.00000     0.00000     0.00000     0.14614
     6.73472     0.06265     0.05772     0.05363     0.05943     0.00000     0.00000     0.00000     0.00000     0.00000     0.23342
     6.82172     0.04219     0.03266     0.03758     0.03267     0.00000     0.00000     0.00000     0.00000     0.00000     0.14510
     6.90872     0.04117     0.03412     0.04147     0.03330     0.00000     0.00000     0.00000     0.00000     0.00000     0.15007
     6.99572     0.03983     0.03530     0.03329     0.03476     0.00000     0.00000     0.00000     0.00000     0.00000     0.14317
     7.08272     0.05328     0.04295     0.05076     0.04405     0.00000     0.00000     0.00000     0.00000     0.00000     0.19104
     7.16972     0.05329     0.04428     0.04956     0.04561     0.00000     0.00000     0.00000     0.00000     0.00000     0.19274
     7.25672     0.06251     0.04918     0.06930     0.05123     0.00000     0.00000     0.00000     0.00000     0.00000     0.23221
     7.34372     0.04147     0.03693     0.04020     0.03699     0.00000     0.00000     0.00000     0.00000     0.00000     0.15559
     7.42972     0.05757     0.04537     0.04446     0.04504     0.00000     0.00000     0.00000     0.00000     0.00000     0.19245
     7.51672     0.03089     0.02291     0.02252     0.02243     0.00000     0.00000     0.00000     0.00000     0.00000     0.09875
     7.60372     0.08748     0.06765     0.06111     0.06977     0.00000     0.00000     0.00000     0.00000     0.00000     0.28600
     7.69072     0.06554     0.05174     0.04478     0.05098     0.00000     0.00000     0.00000     0.00000     0.00000     0.21304
     7.77772     0.08495     0.06261     0.07232     0.06704     0.00000     0.00000     0.00000     0.00000     0.00000     0.28691
     7.86472     0.06120     0.05614     0.07358     0.06003     0.00000     0.00000     0.00000     0.00000     0.00000     0.25096
     7.95172     0.05691     0.05042     0.06177     0.05396     0.00000     0.00000     0.00000     0.00000     0.00000     0.22306
     8.03872     0.05113     0.06410     0.07549     0.07073     0.00000     0.00000     0.00000     0.00000     0.00000     0.26146
     8.12572     0.00000     0.00000     0.00000     0.00000     0.00000     0.00000     0.00000     0.00000     0.00000     0.00000
     8.21272     0.00000     0.00000     0.00000     0.00000     0.00000     0.00000     0.00000     0.00000     0.00000     0.00000
     8.29972     0.00000     0.00000     0.00000     0.00000     0.00000     0.00000     0.00000     0.00000     0.00000     0.00000
     8.38572     0.00000     0.00000     0.00000     0.00000     0.00000     0.00000     0.00000     0.00000     0.00000     0.00000
     8.47272     0.00000     0.00000     0.00000     0.00000     0.00000     0.00000     0.00000     0.00000     0.00000     0.00000
     8.55972     0.00000     0.00000     0.00000     0.00000     0.00000     0.00000     0.00000     0.00000     0.00000     0.00000
     8.64672     0.00000     0.00000     0.00000     0.00000     0.00000     0.00000     0.00000     0.00000     0.00000     0.00000
     8.73372     0.00000     0.00000     0.00000     0.00000     0.00000     0.00000     0.00000     0.00000     0.00000     0.00000
     8.82072     0.00000     0.00000     0.00000     0.00000     0.00000     0.00000     0.00000     0.00000     0.00000     0.00000
     8.90772     0.00000     0.00000     0.00000     0.00000     0.00000     0.00000     0.00000     0.00000     0.00000     0.00000
     8.99472     0.00000     0.00000     0.00000     0.00000     0.00000     0.00000     0.00000     0.00000     0.00000     0.00000
     9.08172     0.00000     0.00000     0.00000     0.00000     0.00000     0.00000     0.00000     0.00000     0.00000     0.00000
     9.16872     0.00000     0.00000     0.00000     0.00000     0.00000     0.00000     0.00000     0.00000     0.00000     0.00000
     9.25472     0.00000     0.00000     0.00000     0.00000     0.00000     0.00000     0.00000     0.00000     0.00000     0.00000
     9.34172     0.00000     0.00000     0.00000     0.00000     0.00000     0.00000     0.00000     0.00000     0.00000     0.00000
     9.42872     0.00000     0.00000     0.00000     0.00000     0.00000     0.00000     0.00000     0.00000     0.00000     0.00000
