     #Energy           s          py          pz          px         dxy         dyz         dz2         dxz         dx2       tot  
   -16.64228     0.00000     0.00000     0.00000     0.00000     0.00000     0.00000     0.00000     0.00000     0.00000     0.00000
   -16.55528     0.00000     0.00000     0.00000     0.00000     0.00000     0.00000     0.00000     0.00000     0.00000     0.00000
   -16.46828     0.00000     0.00000     0.00000     0.00000     0.00000     0.00000     0.00000     0.00000     0.00000     0.00000
   -16.38128     0.00000     0.00000     0.00000     0.00000     0.00000     0.00000     0.00000     0.00000     0.00000     0.00000
   -16.29428     0.00000     0.00000     0.00000     0.00000     0.00000     0.00000     0.00000     0.00000     0.00000     0.00000
   -16.20728     0.00000     0.00000     0.00000     0.00000     0.00000     0.00000     0.00000     0.00000     0.00000     0.00000
   -16.12028     0.00000     0.00000     0.00000     0.00000     0.00000     0.00000     0.00000     0.00000     0.00000     0.00000
   -16.03328     0.00000     0.00000     0.00000     0.00000     0.00000     0.00000     0.00000     0.00000     0.00000     0.00000
   -15.94628     0.00000     0.00000     0.00000     0.00000     0.00000     0.00000     0.00000     0.00000     0.00000     0.00000
   -15.85928     0.00000     0.00000     0.00000     0.00000     0.00000     0.00000     0.00000     0.00000     0.00000     0.00000
   -15.77328     0.00000     0.00000     0.00000     0.00000     0.00000     0.00000     0.00000     0.00000     0.00000     0.00000
   -15.68628     0.00000     0.00000     0.00000     0.00000     0.00000     0.00000     0.00000     0.00000     0.00000     0.00000
   -15.59928     0.00000     0.00000     0.00000     0.00000     0.00000     0.00000     0.00000     0.00000     0.00000     0.00000
   -15.51228     0.00000     0.00000     0.00000     0.00000     0.00000     0.00000     0.00000     0.00000     0.00000     0.00000
   -15.42528     0.00000     0.00000     0.00000     0.00000     0.00000     0.00000     0.00000     0.00000     0.00000     0.00000
   -15.33828     0.00000     0.00000     0.00000     0.00000     0.00000     0.00000     0.00000     0.00000     0.00000     0.00000
   -15.25128     0.00000     0.00000     0.00000     0.00000     0.00000     0.00000     0.00000     0.00000     0.00000     0.00000
   -15.16428     0.00000     0.00000     0.00000     0.00000     0.00000     0.00000     0.00000     0.00000     0.00000     0.00000
   -15.07728     0.00000     0.00000     0.00000     0.00000     0.00000     0.00000     0.00000     0.00000     0.00000     0.00000
   -14.99028     0.00000     0.00000     0.00000     0.00000     0.00000     0.00000     0.00000     0.00000     0.00000     0.00000
   -14.90428     0.00000     0.00000     0.00000     0.00000     0.00000     0.00000     0.00000     0.00000     0.00000     0.00000
   -14.81728     0.00000     0.00000     0.00000     0.00000     0.00000     0.00000     0.00000     0.00000     0.00000     0.00000
   -14.73028     0.00000     0.00000     0.00000     0.00000     0.00000     0.00000     0.00000     0.00000     0.00000     0.00000
   -14.64328     0.00000     0.00000     0.00000     0.00000     0.00000     0.00000     0.00000     0.00000     0.00000     0.00000
   -14.55628     0.00000     0.00000     0.00000     0.00000     0.00000     0.00000     0.00000     0.00000     0.00000     0.00000
   -14.46928     0.00000     0.00000     0.00000     0.00000     0.00000     0.00000     0.00000     0.00000     0.00000     0.00000
   -14.38228     0.00000     0.00000     0.00000     0.00000     0.00000     0.00000     0.00000     0.00000     0.00000     0.00000
   -14.29528     0.00000     0.00000     0.00000     0.00000     0.00000     0.00000     0.00000     0.00000     0.00000     0.00000
   -14.20828     0.00000     0.00000     0.00000     0.00000     0.00000     0.00000     0.00000     0.00000     0.00000     0.00000
   -14.12128     0.00000     0.00000     0.00000     0.00000     0.00000     0.00000     0.00000     0.00000     0.00000     0.00000
   -14.03528     0.00000     0.00000     0.00000     0.00000     0.00000     0.00000     0.00000     0.00000     0.00000     0.00000
   -13.94828     0.00000     0.00000     0.00000     0.00000     0.00000     0.00000     0.00000     0.00000     0.00000     0.00000
   -13.86128     0.00000     0.00000     0.00000     0.00000     0.00000     0.00000     0.00000     0.00000     0.00000     0.00000
   -13.77428     0.00000     0.00000     0.00000     0.00000     0.00000     0.00000     0.00000     0.00000     0.00000     0.00000
   -13.68728     0.00000     0.00000     0.00000     0.00000     0.00000     0.00000     0.00000     0.00000     0.00000     0.00000
   -13.60028     0.00000     0.00000     0.00000     0.00000     0.00000     0.00000     0.00000     0.00000     0.00000     0.00000
   -13.51328     0.00000     0.00000     0.00000     0.00000     0.00000     0.00000     0.00000     0.00000     0.00000     0.00000
   -13.42628     0.00000     0.00000     0.00000     0.00000     0.00000     0.00000     0.00000     0.00000     0.00000     0.00000
   -13.33928     0.00000     0.00000     0.00000     0.00000     0.00000     0.00000     0.00000     0.00000     0.00000     0.00000
   -13.25228     0.00000     0.00000     0.00000     0.00000     0.00000     0.00000     0.00000     0.00000     0.00000     0.00000
   -13.16528     0.00000     0.00000     0.00000     0.00000     0.00000     0.00000     0.00000     0.00000     0.00000     0.00000
   -13.07928     0.00000     0.00000     0.00000     0.00000     0.00000     0.00000     0.00000     0.00000     0.00000     0.00000
   -12.99228     0.00000     0.00000     0.00000     0.00000     0.00000     0.00000     0.00000     0.00000     0.00000     0.00000
   -12.90528     0.00000     0.00000     0.00000     0.00000     0.00000     0.00000     0.00000     0.00000     0.00000     0.00000
   -12.81828     0.00000     0.00000     0.00000     0.00000     0.00000     0.00000     0.00000     0.00000     0.00000     0.00000
   -12.73128     0.00000     0.00000     0.00000     0.00000     0.00000     0.00000     0.00000     0.00000     0.00000     0.00000
   -12.64428     0.00000     0.00000     0.00000     0.00000     0.00000     0.00000     0.00000     0.00000     0.00000     0.00000
   -12.55728     0.00000     0.00000     0.00000     0.00000     0.00000     0.00000     0.00000     0.00000     0.00000     0.00000
   -12.47028     0.00000     0.00000     0.00000     0.00000     0.00000     0.00000     0.00000     0.00000     0.00000     0.00000
   -12.38328    -0.00237    -0.00016    -0.00012    -0.00014     0.00000     0.00000     0.00000     0.00000     0.00000    -0.00280
   -12.29628    -0.00231    -0.00015    -0.00013    -0.00014     0.00000     0.00000     0.00000     0.00000     0.00000    -0.00273
   -12.21028    -0.00265    -0.00017    -0.00014    -0.00016     0.00000     0.00000     0.00000     0.00000     0.00000    -0.00313
   -12.12328    -0.00155    -0.00010    -0.00009    -0.00010     0.00000     0.00000     0.00000     0.00000     0.00000    -0.00183
   -12.03628     0.00000     0.00000     0.00000     0.00000     0.00000     0.00000     0.00000     0.00000     0.00000     0.00000
   -11.94928    -0.00187    -0.00013    -0.00010    -0.00013     0.00000     0.00000     0.00000     0.00000     0.00000    -0.00223
   -11.86228    -0.00071    -0.00005    -0.00004    -0.00005     0.00000     0.00000     0.00000     0.00000     0.00000    -0.00085
   -11.77528    -0.00173    -0.00016    -0.00013    -0.00015     0.00000     0.00000     0.00000     0.00000     0.00000    -0.00217
   -11.68828    -0.00491    -0.00040    -0.00034    -0.00044     0.00000     0.00000     0.00000     0.00000     0.00000    -0.00609
   -11.60128    -0.00102    -0.00009    -0.00007    -0.00009     0.00000     0.00000     0.00000     0.00000     0.00000    -0.00127
   -11.51428    -0.00250    -0.00029    -0.00017    -0.00030     0.00000     0.00000     0.00000     0.00000     0.00000    -0.00326
   -11.42728     0.00000     0.00000     0.00000     0.00000     0.00000     0.00000     0.00000     0.00000     0.00000     0.00000
   -11.34128     0.00000     0.00000     0.00000     0.00000     0.00000     0.00000     0.00000     0.00000     0.00000     0.00000
   -11.25428     0.00000     0.00000     0.00000     0.00000     0.00000     0.00000     0.00000     0.00000     0.00000     0.00000
   -11.16728     0.00000     0.00000     0.00000     0.00000     0.00000     0.00000     0.00000     0.00000     0.00000     0.00000
   -11.08028     0.00000     0.00000     0.00000     0.00000     0.00000     0.00000     0.00000     0.00000     0.00000     0.00000
   -10.99328     0.00000     0.00000     0.00000     0.00000     0.00000     0.00000     0.00000     0.00000     0.00000     0.00000
   -10.90628     0.00000     0.00000     0.00000     0.00000     0.00000     0.00000     0.00000     0.00000     0.00000     0.00000
   -10.81928     0.00000     0.00000     0.00000     0.00000     0.00000     0.00000     0.00000     0.00000     0.00000     0.00000
   -10.73228     0.00000     0.00000     0.00000     0.00000     0.00000     0.00000     0.00000     0.00000     0.00000     0.00000
   -10.64528     0.00000     0.00000     0.00000     0.00000     0.00000     0.00000     0.00000     0.00000     0.00000     0.00000
   -10.55828     0.00000     0.00000     0.00000     0.00000     0.00000     0.00000     0.00000     0.00000     0.00000     0.00000
   -10.47228     0.00000     0.00000     0.00000     0.00000     0.00000     0.00000     0.00000     0.00000     0.00000     0.00000
   -10.38528     0.00000     0.00000     0.00000     0.00000     0.00000     0.00000     0.00000     0.00000     0.00000     0.00000
   -10.29828     0.00000     0.00000     0.00000     0.00000     0.00000     0.00000     0.00000     0.00000     0.00000     0.00000
   -10.21128     0.00000     0.00000     0.00000     0.00000     0.00000     0.00000     0.00000     0.00000     0.00000     0.00000
   -10.12428     0.00000     0.00000     0.00000     0.00000     0.00000     0.00000     0.00000     0.00000     0.00000     0.00000
   -10.03728     0.00000     0.00000     0.00000     0.00000     0.00000     0.00000     0.00000     0.00000     0.00000     0.00000
    -9.95028     0.00000     0.00000     0.00000     0.00000     0.00000     0.00000     0.00000     0.00000     0.00000     0.00000
    -9.86328     0.00000     0.00000     0.00000     0.00000     0.00000     0.00000     0.00000     0.00000     0.00000     0.00000
    -9.77628     0.00000     0.00000     0.00000     0.00000     0.00000     0.00000     0.00000     0.00000     0.00000     0.00000
    -9.68928     0.00000     0.00000     0.00000     0.00000     0.00000     0.00000     0.00000     0.00000     0.00000     0.00000
    -9.60228     0.00000     0.00000     0.00000     0.00000     0.00000     0.00000     0.00000     0.00000     0.00000     0.00000
    -9.51628     0.00000     0.00000     0.00000     0.00000     0.00000     0.00000     0.00000     0.00000     0.00000     0.00000
    -9.42928     0.00000     0.00000     0.00000     0.00000     0.00000     0.00000     0.00000     0.00000     0.00000     0.00000
    -9.34228     0.00000     0.00000     0.00000     0.00000     0.00000     0.00000     0.00000     0.00000     0.00000     0.00000
    -9.25528     0.00000     0.00000     0.00000     0.00000     0.00000     0.00000     0.00000     0.00000     0.00000     0.00000
    -9.16828     0.00000     0.00000     0.00000     0.00000     0.00000     0.00000     0.00000     0.00000     0.00000     0.00000
    -9.08128     0.00000     0.00000     0.00000     0.00000     0.00000     0.00000     0.00000     0.00000     0.00000     0.00000
    -8.99428     0.00000     0.00000     0.00000     0.00000     0.00000     0.00000     0.00000     0.00000     0.00000     0.00000
    -8.90728     0.00000     0.00000     0.00000     0.00000     0.00000     0.00000     0.00000     0.00000     0.00000     0.00000
    -8.82028     0.00000     0.00000     0.00000     0.00000     0.00000     0.00000     0.00000     0.00000     0.00000     0.00000
    -8.73328     0.00000     0.00000     0.00000     0.00000     0.00000     0.00000     0.00000     0.00000     0.00000     0.00000
    -8.64728     0.00000     0.00000     0.00000     0.00000     0.00000     0.00000     0.00000     0.00000     0.00000     0.00000
    -8.56028     0.00000     0.00000     0.00000     0.00000     0.00000     0.00000     0.00000     0.00000     0.00000     0.00000
    -8.47328     0.00000     0.00000     0.00000     0.00000     0.00000     0.00000     0.00000     0.00000     0.00000     0.00000
    -8.38628     0.00000     0.00000     0.00000     0.00000     0.00000     0.00000     0.00000     0.00000     0.00000     0.00000
    -8.29928     0.00000     0.00000     0.00000     0.00000     0.00000     0.00000     0.00000     0.00000     0.00000     0.00000
    -8.21228     0.00000     0.00000     0.00000     0.00000     0.00000     0.00000     0.00000     0.00000     0.00000     0.00000
    -8.12528     0.00000     0.00000     0.00000     0.00000     0.00000     0.00000     0.00000     0.00000     0.00000     0.00000
    -8.03828     0.00000     0.00000     0.00000     0.00000     0.00000     0.00000     0.00000     0.00000     0.00000     0.00000
    -7.95128     0.00000     0.00000     0.00000     0.00000     0.00000     0.00000     0.00000     0.00000     0.00000     0.00000
    -7.86428     0.00000     0.00000     0.00000     0.00000     0.00000     0.00000     0.00000     0.00000     0.00000     0.00000
    -7.77828     0.00000     0.00000     0.00000     0.00000     0.00000     0.00000     0.00000     0.00000     0.00000     0.00000
    -7.69128     0.00000     0.00000     0.00000     0.00000     0.00000     0.00000     0.00000     0.00000     0.00000     0.00000
    -7.60428     0.00000     0.00000     0.00000     0.00000     0.00000     0.00000     0.00000     0.00000     0.00000     0.00000
    -7.51728     0.00000     0.00000     0.00000     0.00000     0.00000     0.00000     0.00000     0.00000     0.00000     0.00000
    -7.43028     0.00000     0.00000     0.00000     0.00000     0.00000     0.00000     0.00000     0.00000     0.00000     0.00000
    -7.34328     0.00000     0.00000     0.00000     0.00000     0.00000     0.00000     0.00000     0.00000     0.00000     0.00000
    -7.25628     0.00000     0.00000     0.00000     0.00000     0.00000     0.00000     0.00000     0.00000     0.00000     0.00000
    -7.16928     0.00000     0.00000     0.00000     0.00000     0.00000     0.00000     0.00000     0.00000     0.00000     0.00000
    -7.08228     0.00000     0.00000     0.00000     0.00000     0.00000     0.00000     0.00000     0.00000     0.00000     0.00000
    -6.99528     0.00000     0.00000     0.00000     0.00000     0.00000     0.00000     0.00000     0.00000     0.00000     0.00000
    -6.90828     0.00000     0.00000     0.00000     0.00000     0.00000     0.00000     0.00000     0.00000     0.00000     0.00000
    -6.82228     0.00000     0.00000     0.00000     0.00000     0.00000     0.00000     0.00000     0.00000     0.00000     0.00000
    -6.73528     0.00000     0.00000     0.00000     0.00000     0.00000     0.00000     0.00000     0.00000     0.00000     0.00000
    -6.64828     0.00000     0.00000     0.00000     0.00000     0.00000     0.00000     0.00000     0.00000     0.00000     0.00000
    -6.56128     0.00000     0.00000     0.00000     0.00000     0.00000     0.00000     0.00000     0.00000     0.00000     0.00000
    -6.47428     0.00000     0.00000     0.00000     0.00000     0.00000     0.00000     0.00000     0.00000     0.00000     0.00000
    -6.38728     0.00000     0.00000     0.00000     0.00000     0.00000     0.00000     0.00000     0.00000     0.00000     0.00000
    -6.30028     0.00000     0.00000     0.00000     0.00000     0.00000     0.00000     0.00000     0.00000     0.00000     0.00000
    -6.21328     0.00000     0.00000     0.00000     0.00000     0.00000     0.00000     0.00000     0.00000     0.00000     0.00000
    -6.12628     0.00000     0.00000     0.00000     0.00000     0.00000     0.00000     0.00000     0.00000     0.00000     0.00000
    -6.03928     0.00000     0.00000     0.00000     0.00000     0.00000     0.00000     0.00000     0.00000     0.00000     0.00000
    -5.95328     0.00000     0.00000     0.00000     0.00000     0.00000     0.00000     0.00000     0.00000     0.00000     0.00000
    -5.86628     0.00000     0.00000     0.00000     0.00000     0.00000     0.00000     0.00000     0.00000     0.00000     0.00000
    -5.77928     0.00000     0.00000     0.00000     0.00000     0.00000     0.00000     0.00000     0.00000     0.00000     0.00000
    -5.69228     0.00000     0.00000     0.00000     0.00000     0.00000     0.00000     0.00000     0.00000     0.00000     0.00000
    -5.60528     0.00000     0.00000     0.00000     0.00000     0.00000     0.00000     0.00000     0.00000     0.00000     0.00000
    -5.51828     0.00000     0.00000     0.00000     0.00000     0.00000     0.00000     0.00000     0.00000     0.00000     0.00000
    -5.43128     0.00000     0.00000     0.00000     0.00000     0.00000     0.00000     0.00000     0.00000     0.00000     0.00000
    -5.34428     0.00000     0.00000     0.00000     0.00000     0.00000     0.00000     0.00000     0.00000     0.00000     0.00000
    -5.25728     0.00000     0.00000     0.00000     0.00000     0.00000     0.00000     0.00000     0.00000     0.00000     0.00000
    -5.17028     0.00000     0.00000     0.00000     0.00000     0.00000     0.00000     0.00000     0.00000     0.00000     0.00000
    -5.08428     0.00000     0.00000     0.00000     0.00000     0.00000     0.00000     0.00000     0.00000     0.00000     0.00000
    -4.99728     0.00000     0.00000     0.00000     0.00000     0.00000     0.00000     0.00000     0.00000     0.00000     0.00000
    -4.91028     0.00000     0.00000     0.00000     0.00000     0.00000     0.00000     0.00000     0.00000     0.00000     0.00000
    -4.82328     0.00000     0.00000     0.00000     0.00000     0.00000     0.00000     0.00000     0.00000     0.00000     0.00000
    -4.73628     0.00000     0.00000     0.00000     0.00000     0.00000     0.00000     0.00000     0.00000     0.00000     0.00000
    -4.64928     0.00000     0.00000     0.00000     0.00000     0.00000     0.00000     0.00000     0.00000     0.00000     0.00000
    -4.56228     0.00000     0.00000     0.00000     0.00000     0.00000     0.00000     0.00000     0.00000     0.00000     0.00000
    -4.47528     0.00000     0.00000     0.00000     0.00000     0.00000     0.00000     0.00000     0.00000     0.00000     0.00000
    -4.38828     0.00000     0.00000     0.00000     0.00000     0.00000     0.00000     0.00000     0.00000     0.00000     0.00000
    -4.30128     0.00000     0.00000     0.00000     0.00000     0.00000     0.00000     0.00000     0.00000     0.00000     0.00000
    -4.21528     0.00000     0.00000     0.00000     0.00000     0.00000     0.00000     0.00000     0.00000     0.00000     0.00000
    -4.12828     0.00000     0.00000     0.00000     0.00000     0.00000     0.00000     0.00000     0.00000     0.00000     0.00000
    -4.04128     0.00000     0.00000     0.00000     0.00000     0.00000     0.00000     0.00000     0.00000     0.00000     0.00000
    -3.95428     0.00000     0.00000     0.00000     0.00000     0.00000     0.00000     0.00000     0.00000     0.00000     0.00000
    -3.86728     0.00000     0.00000     0.00000     0.00000     0.00000     0.00000     0.00000     0.00000     0.00000     0.00000
    -3.78028    -0.00041    -0.02359    -0.01934    -0.02615     0.00000     0.00000     0.00000     0.00000     0.00000    -0.06949
    -3.69328    -0.00029    -0.03543    -0.03710    -0.04036     0.00000     0.00000     0.00000     0.00000     0.00000    -0.11317
    -3.60628    -0.00125    -0.32278    -0.35291    -0.36964     0.00000     0.00000     0.00000     0.00000     0.00000    -1.04658
    -3.51928    -0.00008    -0.02063    -0.02173    -0.02356     0.00000     0.00000     0.00000     0.00000     0.00000    -0.06599
    -3.43228    -0.00004    -0.00223    -0.00210    -0.00247     0.00000     0.00000     0.00000     0.00000     0.00000    -0.00684
    -3.34528    -0.00073    -0.08338    -0.11383    -0.09486     0.00000     0.00000     0.00000     0.00000     0.00000    -0.29280
    -3.25928     0.00000     0.00000     0.00000     0.00000     0.00000     0.00000     0.00000     0.00000     0.00000     0.00000
    -3.17228     0.00000     0.00000     0.00000     0.00000     0.00000     0.00000     0.00000     0.00000     0.00000     0.00000
    -3.08528    -0.00041    -0.03724    -0.03994    -0.04224     0.00000     0.00000     0.00000     0.00000     0.00000    -0.11984
    -2.99828    -0.00024    -0.01105    -0.01112    -0.01228     0.00000     0.00000     0.00000     0.00000     0.00000    -0.03468
    -2.91128    -0.00093    -0.06341    -0.07046    -0.07026     0.00000     0.00000     0.00000     0.00000     0.00000    -0.20505
    -2.82428    -0.00028    -0.01593    -0.01664    -0.01686     0.00000     0.00000     0.00000     0.00000     0.00000    -0.04971
    -2.73728    -0.00044    -0.01506    -0.01560    -0.01543     0.00000     0.00000     0.00000     0.00000     0.00000    -0.04653
    -2.65028    -0.00077    -0.04737    -0.04246    -0.04809     0.00000     0.00000     0.00000     0.00000     0.00000    -0.13869
    -2.56328    -0.00116    -0.09544    -0.14301    -0.09869     0.00000     0.00000     0.00000     0.00000     0.00000    -0.33830
    -2.47628    -0.00717    -2.24600    -1.79120    -2.28910     0.00000     0.00000     0.00000     0.00000     0.00000    -6.33347
    -2.39028    -0.00054    -0.21127    -0.22151    -0.18629     0.00000     0.00000     0.00000     0.00000     0.00000    -0.61961
    -2.30328    -0.00036    -0.04759    -0.06755    -0.04817     0.00000     0.00000     0.00000     0.00000     0.00000    -0.16367
    -2.21628    -0.00059    -0.02827    -0.03507    -0.03167     0.00000     0.00000     0.00000     0.00000     0.00000    -0.09561
    -2.12928    -0.00016    -0.00585    -0.00538    -0.00627     0.00000     0.00000     0.00000     0.00000     0.00000    -0.01766
    -2.04228    -0.00020    -0.00571    -0.00487    -0.00604     0.00000     0.00000     0.00000     0.00000     0.00000    -0.01682
    -1.95528    -0.00027    -0.00613    -0.00529    -0.00652     0.00000     0.00000     0.00000     0.00000     0.00000    -0.01821
    -1.86828    -0.00030    -0.00639    -0.00502    -0.00672     0.00000     0.00000     0.00000     0.00000     0.00000    -0.01843
    -1.78128    -0.00056    -0.01119    -0.00982    -0.01189     0.00000     0.00000     0.00000     0.00000     0.00000    -0.03346
    -1.69428    -0.00047    -0.00851    -0.00798    -0.00924     0.00000     0.00000     0.00000     0.00000     0.00000    -0.02621
    -1.60728    -0.00061    -0.01594    -0.01663    -0.01687     0.00000     0.00000     0.00000     0.00000     0.00000    -0.05006
    -1.52128    -0.00075    -0.01523    -0.01570    -0.01595     0.00000     0.00000     0.00000     0.00000     0.00000    -0.04764
    -1.43428    -0.00095    -0.01828    -0.01923    -0.01940     0.00000     0.00000     0.00000     0.00000     0.00000    -0.05786
    -1.34728    -0.00247    -0.02350    -0.02644    -0.02429     0.00000     0.00000     0.00000     0.00000     0.00000    -0.07669
    -1.26028    -0.00097    -0.02150    -0.02413    -0.02307     0.00000     0.00000     0.00000     0.00000     0.00000    -0.06967
    -1.17328    -0.00071    -0.01474    -0.01661    -0.01641     0.00000     0.00000     0.00000     0.00000     0.00000    -0.04847
    -1.08628    -0.00155    -0.03835    -0.03888    -0.04291     0.00000     0.00000     0.00000     0.00000     0.00000    -0.12170
    -0.99928    -0.00063    -0.02317    -0.02454    -0.02590     0.00000     0.00000     0.00000     0.00000     0.00000    -0.07424
    -0.91228    -0.00056    -0.02646    -0.02771    -0.02866     0.00000     0.00000     0.00000     0.00000     0.00000    -0.08338
    -0.82528    -0.00036    -0.01672    -0.01680    -0.01839     0.00000     0.00000     0.00000     0.00000     0.00000    -0.05226
    -0.73828    -0.00127    -0.17950    -0.18168    -0.19873     0.00000     0.00000     0.00000     0.00000     0.00000    -0.56118
    -0.65128    -0.00053    -0.38291    -0.40051    -0.44958     0.00000     0.00000     0.00000     0.00000     0.00000    -1.23353
    -0.56528    -0.00231    -2.23060    -2.43330    -2.57810     0.00000     0.00000     0.00000     0.00000     0.00000    -7.24431
    -0.47828    -0.00334    -1.24290    -1.36780    -1.46100     0.00000     0.00000     0.00000     0.00000     0.00000    -4.07504
    -0.39128    -0.00086    -0.09503    -0.10525    -0.11041     0.00000     0.00000     0.00000     0.00000     0.00000    -0.31155
    -0.30428    -0.00054    -0.07021    -0.08012    -0.08114     0.00000     0.00000     0.00000     0.00000     0.00000    -0.23201
    -0.21728    -0.00003    -0.00681    -0.00753    -0.00778     0.00000     0.00000     0.00000     0.00000     0.00000    -0.02214
    -0.13028     0.00000     0.00000     0.00000     0.00000     0.00000     0.00000     0.00000     0.00000     0.00000     0.00000
    -0.04328     0.00000     0.00000     0.00000     0.00000     0.00000     0.00000     0.00000     0.00000     0.00000     0.00000
     0.04372     0.00000     0.00000     0.00000     0.00000     0.00000     0.00000     0.00000     0.00000     0.00000     0.00000
     0.13072     0.00000     0.00000     0.00000     0.00000     0.00000     0.00000     0.00000     0.00000     0.00000     0.00000
     0.21772     0.00000     0.00000     0.00000     0.00000     0.00000     0.00000     0.00000     0.00000     0.00000     0.00000
     0.30372     0.00000     0.00000     0.00000     0.00000     0.00000     0.00000     0.00000     0.00000     0.00000     0.00000
     0.39072     0.00000     0.00000     0.00000     0.00000     0.00000     0.00000     0.00000     0.00000     0.00000     0.00000
     0.47772     0.00000     0.00000     0.00000     0.00000     0.00000     0.00000     0.00000     0.00000     0.00000     0.00000
     0.56472     0.00000     0.00000     0.00000     0.00000     0.00000     0.00000     0.00000     0.00000     0.00000     0.00000
     0.65172     0.00000     0.00000     0.00000     0.00000     0.00000     0.00000     0.00000     0.00000     0.00000     0.00000
     0.73872     0.00000     0.00000     0.00000     0.00000     0.00000     0.00000     0.00000     0.00000     0.00000     0.00000
     0.82572     0.00000     0.00000     0.00000     0.00000     0.00000     0.00000     0.00000     0.00000     0.00000     0.00000
     0.91272     0.00000     0.00000     0.00000     0.00000     0.00000     0.00000     0.00000     0.00000     0.00000     0.00000
     0.99972     0.00000     0.00000     0.00000     0.00000     0.00000     0.00000     0.00000     0.00000     0.00000     0.00000
     1.08672     0.00000     0.00000     0.00000     0.00000     0.00000     0.00000     0.00000     0.00000     0.00000     0.00000
     1.17272     0.00000     0.00000     0.00000     0.00000     0.00000     0.00000     0.00000     0.00000     0.00000     0.00000
     1.25972     0.00000     0.00000     0.00000     0.00000     0.00000     0.00000     0.00000     0.00000     0.00000     0.00000
     1.34672     0.00000     0.00000     0.00000     0.00000     0.00000     0.00000     0.00000     0.00000     0.00000     0.00000
     1.43372     0.00000     0.00000     0.00000     0.00000     0.00000     0.00000     0.00000     0.00000     0.00000     0.00000
     1.52072     0.00000     0.00000     0.00000     0.00000     0.00000     0.00000     0.00000     0.00000     0.00000     0.00000
     1.60772     0.00000     0.00000     0.00000     0.00000     0.00000     0.00000     0.00000     0.00000     0.00000     0.00000
     1.69472     0.00000     0.00000     0.00000     0.00000     0.00000     0.00000     0.00000     0.00000     0.00000     0.00000
     1.78172     0.00000     0.00000     0.00000     0.00000     0.00000     0.00000     0.00000     0.00000     0.00000     0.00000
     1.86872     0.00000     0.00000     0.00000     0.00000     0.00000     0.00000     0.00000     0.00000     0.00000     0.00000
     1.95572     0.00000     0.00000     0.00000     0.00000     0.00000     0.00000     0.00000     0.00000     0.00000     0.00000
     2.04172     0.00000     0.00000     0.00000     0.00000     0.00000     0.00000     0.00000     0.00000     0.00000     0.00000
     2.12872     0.00000     0.00000     0.00000     0.00000     0.00000     0.00000     0.00000     0.00000     0.00000     0.00000
     2.21572     0.00000     0.00000     0.00000     0.00000     0.00000     0.00000     0.00000     0.00000     0.00000     0.00000
     2.30272     0.00000     0.00000     0.00000     0.00000     0.00000     0.00000     0.00000     0.00000     0.00000     0.00000
     2.38972     0.00000     0.00000     0.00000     0.00000     0.00000     0.00000     0.00000     0.00000     0.00000     0.00000
     2.47672     0.00000     0.00000     0.00000     0.00000     0.00000     0.00000     0.00000     0.00000     0.00000     0.00000
     2.56372     0.00000     0.00000     0.00000     0.00000     0.00000     0.00000     0.00000     0.00000     0.00000     0.00000
     2.65072     0.00000     0.00000     0.00000     0.00000     0.00000     0.00000     0.00000     0.00000     0.00000     0.00000
     2.73772     0.00000     0.00000     0.00000     0.00000     0.00000     0.00000     0.00000     0.00000     0.00000     0.00000
     2.82472     0.00000     0.00000     0.00000     0.00000     0.00000     0.00000     0.00000     0.00000     0.00000     0.00000
     2.91172     0.00000     0.00000     0.00000     0.00000     0.00000     0.00000     0.00000     0.00000     0.00000     0.00000
     2.99772    -0.00076    -0.00160    -0.00277    -0.00181     0.00000     0.00000     0.00000     0.00000     0.00000    -0.00695
     3.08472    -0.00083    -0.00204    -0.00204    -0.00229     0.00000     0.00000     0.00000     0.00000     0.00000    -0.00721
     3.17172    -0.00079    -0.00210    -0.00271    -0.00236     0.00000     0.00000     0.00000     0.00000     0.00000    -0.00796
     3.25872    -0.00182    -0.00571    -0.00470    -0.00629     0.00000     0.00000     0.00000     0.00000     0.00000    -0.01852
     3.34572    -0.00253    -0.00859    -0.00675    -0.00916     0.00000     0.00000     0.00000     0.00000     0.00000    -0.02702
     3.43272    -0.00186    -0.00387    -0.00494    -0.00422     0.00000     0.00000     0.00000     0.00000     0.00000    -0.01489
     3.51972    -0.00092    -0.00100    -0.00200    -0.00112     0.00000     0.00000     0.00000     0.00000     0.00000    -0.00504
     3.60672    -0.00166    -0.01059    -0.00979    -0.01208     0.00000     0.00000     0.00000     0.00000     0.00000    -0.03412
     3.69372    -0.00208    -0.00706    -0.00553    -0.00739     0.00000     0.00000     0.00000     0.00000     0.00000    -0.02205
     3.78072     0.00000     0.00000     0.00000     0.00000     0.00000     0.00000     0.00000     0.00000     0.00000     0.00000
     3.86672     0.00000     0.00000     0.00000     0.00000     0.00000     0.00000     0.00000     0.00000     0.00000     0.00000
     3.95372     0.00000     0.00000     0.00000     0.00000     0.00000     0.00000     0.00000     0.00000     0.00000     0.00000
     4.04072     0.00000     0.00000     0.00000     0.00000     0.00000     0.00000     0.00000     0.00000     0.00000     0.00000
     4.12772     0.00000     0.00000     0.00000     0.00000     0.00000     0.00000     0.00000     0.00000     0.00000     0.00000
     4.21472     0.00000     0.00000     0.00000     0.00000     0.00000     0.00000     0.00000     0.00000     0.00000     0.00000
     4.30172     0.00000     0.00000     0.00000     0.00000     0.00000     0.00000     0.00000     0.00000     0.00000     0.00000
     4.38872     0.00000     0.00000     0.00000     0.00000     0.00000     0.00000     0.00000     0.00000     0.00000     0.00000
     4.47572    -0.00378   -39.02300   -42.14100   -45.18800     0.00000     0.00000     0.00000     0.00000     0.00000  -126.35578
     4.56272     0.00000     0.00000     0.00000     0.00000     0.00000     0.00000     0.00000     0.00000     0.00000     0.00000
     4.64972     0.00000     0.00000     0.00000     0.00000     0.00000     0.00000     0.00000     0.00000     0.00000     0.00000
     4.73572     0.00000     0.00000     0.00000     0.00000     0.00000     0.00000     0.00000     0.00000     0.00000     0.00000
     4.82272    -0.01203    -0.00588    -0.00574    -0.00536     0.00000     0.00000     0.00000     0.00000     0.00000    -0.02902
     4.90972    -0.01306    -0.00676    -0.00635    -0.00614     0.00000     0.00000     0.00000     0.00000     0.00000    -0.03232
     4.99672    -0.01538    -0.00837    -0.00773    -0.00759     0.00000     0.00000     0.00000     0.00000     0.00000    -0.03906
     5.08372    -0.01872    -0.01058    -0.00976    -0.00958     0.00000     0.00000     0.00000     0.00000     0.00000    -0.04864
     5.17072    -0.03334    -0.01763    -0.01692    -0.01595     0.00000     0.00000     0.00000     0.00000     0.00000    -0.08384
     5.25772    -0.01084    -0.02487    -0.02476    -0.02597     0.00000     0.00000     0.00000     0.00000     0.00000    -0.08644
     5.34472    -0.05700    -0.04731    -0.04280    -0.04581     0.00000     0.00000     0.00000     0.00000     0.00000    -0.19292
     5.43172    -0.05683    -0.03712    -0.03685    -0.03502     0.00000     0.00000     0.00000     0.00000     0.00000    -0.16581
     5.51872    -0.05023    -0.05575    -0.05276    -0.05277     0.00000     0.00000     0.00000     0.00000     0.00000    -0.21151
     5.60572    -0.05235    -0.05382    -0.05403    -0.05100     0.00000     0.00000     0.00000     0.00000     0.00000    -0.21120
     5.69172    -0.03604    -0.04416    -0.04796    -0.04131     0.00000     0.00000     0.00000     0.00000     0.00000    -0.16947
     5.77872    -0.02594    -0.02767    -0.02149    -0.02553     0.00000     0.00000     0.00000     0.00000     0.00000    -0.10063
     5.86572    -0.05405    -0.03544    -0.03442    -0.03356     0.00000     0.00000     0.00000     0.00000     0.00000    -0.15747
     5.95272    -0.01628    -0.01507    -0.01724    -0.01431     0.00000     0.00000     0.00000     0.00000     0.00000    -0.06290
     6.03972    -0.03926    -0.03201    -0.03763    -0.03185     0.00000     0.00000     0.00000     0.00000     0.00000    -0.14075
     6.12672    -0.02388    -0.01788    -0.01872    -0.01842     0.00000     0.00000     0.00000     0.00000     0.00000    -0.07890
     6.21372    -0.05385    -0.03370    -0.02486    -0.03349     0.00000     0.00000     0.00000     0.00000     0.00000    -0.14591
     6.30072    -0.07010    -0.05376    -0.04786    -0.05267     0.00000     0.00000     0.00000     0.00000     0.00000    -0.22439
     6.38772    -0.06692    -0.03785    -0.03631    -0.03703     0.00000     0.00000     0.00000     0.00000     0.00000    -0.17811
     6.47472    -0.04991    -0.02399    -0.02451    -0.02315     0.00000     0.00000     0.00000     0.00000     0.00000    -0.12155
     6.56072    -0.06699    -0.05470    -0.05574    -0.05284     0.00000     0.00000     0.00000     0.00000     0.00000    -0.23027
     6.64772    -0.03822    -0.02740    -0.02607    -0.02542     0.00000     0.00000     0.00000     0.00000     0.00000    -0.11712
     6.73472    -0.06813    -0.05076    -0.04208    -0.04971     0.00000     0.00000     0.00000     0.00000     0.00000    -0.21068
     6.82172    -0.04239    -0.03771    -0.03867    -0.03754     0.00000     0.00000     0.00000     0.00000     0.00000    -0.15630
     6.90872    -0.04481    -0.04435    -0.04115    -0.04674     0.00000     0.00000     0.00000     0.00000     0.00000    -0.17705
     6.99572    -0.05646    -0.05047    -0.05258    -0.05134     0.00000     0.00000     0.00000     0.00000     0.00000    -0.21085
     7.08272    -0.07873    -0.06096    -0.06359    -0.05993     0.00000     0.00000     0.00000     0.00000     0.00000    -0.26320
     7.16972    -0.04359    -0.03714    -0.03778    -0.03896     0.00000     0.00000     0.00000     0.00000     0.00000    -0.15747
     7.25672    -0.05622    -0.03731    -0.04299    -0.03734     0.00000     0.00000     0.00000     0.00000     0.00000    -0.17387
     7.34372    -0.05394    -0.04850    -0.05532    -0.05175     0.00000     0.00000     0.00000     0.00000     0.00000    -0.20952
     7.42972    -0.05264    -0.04266    -0.05055    -0.04547     0.00000     0.00000     0.00000     0.00000     0.00000    -0.19132
     7.51672    -0.04025    -0.03962    -0.04766    -0.04429     0.00000     0.00000     0.00000     0.00000     0.00000    -0.17183
     7.60372    -0.06749    -0.04094    -0.06956    -0.04260     0.00000     0.00000     0.00000     0.00000     0.00000    -0.22059
     7.69072    -0.12653    -0.06685    -0.08562    -0.06757     0.00000     0.00000     0.00000     0.00000     0.00000    -0.34657
     7.77772    -0.11430    -0.08546    -0.07255    -0.08501     0.00000     0.00000     0.00000     0.00000     0.00000    -0.35732
     7.86472    -0.07258    -0.06449    -0.05873    -0.06315     0.00000     0.00000     0.00000     0.00000     0.00000    -0.25895
     7.95172    -0.06371    -0.08147    -0.08531    -0.08737     0.00000     0.00000     0.00000     0.00000     0.00000    -0.31785
     8.03872    -0.05245    -0.09806    -0.12336    -0.10707     0.00000     0.00000     0.00000     0.00000     0.00000    -0.38094
     8.12572    -0.07966    -0.22265    -0.26795    -0.24901     0.00000     0.00000     0.00000     0.00000     0.00000    -0.81927
     8.21272    -0.01377    -0.04841    -0.04992    -0.05461     0.00000     0.00000     0.00000     0.00000     0.00000    -0.16672
     8.29972     0.00000     0.00000     0.00000     0.00000     0.00000     0.00000     0.00000     0.00000     0.00000     0.00000
     8.38572     0.00000     0.00000     0.00000     0.00000     0.00000     0.00000     0.00000     0.00000     0.00000     0.00000
     8.47272     0.00000     0.00000     0.00000     0.00000     0.00000     0.00000     0.00000     0.00000     0.00000     0.00000
     8.55972     0.00000     0.00000     0.00000     0.00000     0.00000     0.00000     0.00000     0.00000     0.00000     0.00000
     8.64672     0.00000     0.00000     0.00000     0.00000     0.00000     0.00000     0.00000     0.00000     0.00000     0.00000
     8.73372     0.00000     0.00000     0.00000     0.00000     0.00000     0.00000     0.00000     0.00000     0.00000     0.00000
     8.82072     0.00000     0.00000     0.00000     0.00000     0.00000     0.00000     0.00000     0.00000     0.00000     0.00000
     8.90772     0.00000     0.00000     0.00000     0.00000     0.00000     0.00000     0.00000     0.00000     0.00000     0.00000
     8.99472     0.00000     0.00000     0.00000     0.00000     0.00000     0.00000     0.00000     0.00000     0.00000     0.00000
     9.08172     0.00000     0.00000     0.00000     0.00000     0.00000     0.00000     0.00000     0.00000     0.00000     0.00000
     9.16872     0.00000     0.00000     0.00000     0.00000     0.00000     0.00000     0.00000     0.00000     0.00000     0.00000
     9.25472     0.00000     0.00000     0.00000     0.00000     0.00000     0.00000     0.00000     0.00000     0.00000     0.00000
     9.34172     0.00000     0.00000     0.00000     0.00000     0.00000     0.00000     0.00000     0.00000     0.00000     0.00000
     9.42872     0.00000     0.00000     0.00000     0.00000     0.00000     0.00000     0.00000     0.00000     0.00000     0.00000
