     #Energy           s          py          pz          px         dxy         dyz         dz2         dxz         dx2       tot  
   -21.39378     0.00000     0.00000     0.00000     0.00000     0.00000     0.00000     0.00000     0.00000     0.00000     0.00000
   -21.26978     0.00000     0.00000     0.00000     0.00000     0.00000     0.00000     0.00000     0.00000     0.00000     0.00000
   -21.14478     0.00000     0.00000     0.00000     0.00000     0.00000     0.00000     0.00000     0.00000     0.00000     0.00000
   -21.02078     0.00000     0.00000     0.00000     0.00000     0.00000     0.00000     0.00000     0.00000     0.00000     0.00000
   -20.89678     0.00000     0.00000     0.00000     0.00000     0.00000     0.00000     0.00000     0.00000     0.00000     0.00000
   -20.77278     0.00000     0.00000     0.00000     0.00000     0.00000     0.00000     0.00000     0.00000     0.00000     0.00000
   -20.64878     0.00000     0.00000     0.00000     0.00000     0.00000     0.00000     0.00000     0.00000     0.00000     0.00000
   -20.52478     0.00000     0.00000     0.00000     0.00000     0.00000     0.00000     0.00000     0.00000     0.00000     0.00000
   -20.40078     0.00000     0.00000     0.00000     0.00000     0.00000     0.00000     0.00000     0.00000     0.00000     0.00000
   -20.27678     0.00000     0.00000     0.00000     0.00000     0.00000     0.00000     0.00000     0.00000     0.00000     0.00000
   -20.15178     0.00000     0.00000     0.00000     0.00000     0.00000     0.00000     0.00000     0.00000     0.00000     0.00000
   -20.02778     0.00000     0.00000     0.00000     0.00000     0.00000     0.00000     0.00000     0.00000     0.00000     0.00000
   -19.90378     0.00000     0.00000     0.00000     0.00000     0.00000     0.00000     0.00000     0.00000     0.00000     0.00000
   -19.77978     0.00000     0.00000     0.00000     0.00000     0.00000     0.00000     0.00000     0.00000     0.00000     0.00000
   -19.65578     0.00000     0.00000     0.00000     0.00000     0.00000     0.00000     0.00000     0.00000     0.00000     0.00000
   -19.53178     0.00000     0.00000     0.00000     0.00000     0.00000     0.00000     0.00000     0.00000     0.00000     0.00000
   -19.40778     0.00000     0.00000     0.00000     0.00000     0.00000     0.00000     0.00000     0.00000     0.00000     0.00000
   -19.28378    -1.75387    -0.01027    -0.00118    -0.03020     0.00000     0.00000     0.00000     0.00000     0.00000    -1.79552
   -19.15878    -1.56150    -0.01113    -0.00114    -0.04906     0.00000     0.00000     0.00000     0.00000     0.00000    -1.62284
   -19.03478    -1.79864    -0.03215    -0.00139    -0.05325     0.00000     0.00000     0.00000     0.00000     0.00000    -1.88544
   -18.91078    -1.16217    -0.03457    -0.00095    -0.03078     0.00000     0.00000     0.00000     0.00000     0.00000    -1.22847
   -18.78678    -1.25362    -0.05109    -0.00112    -0.03792     0.00000     0.00000     0.00000     0.00000     0.00000    -1.34375
   -18.66278    -1.07815    -0.05266    -0.00103    -0.03880     0.00000     0.00000     0.00000     0.00000     0.00000    -1.17064
   -18.53878    -0.45201    -0.02508    -0.00046    -0.02097     0.00000     0.00000     0.00000     0.00000     0.00000    -0.49851
   -18.41478    -0.29168    -0.01914    -0.00024    -0.00222     0.00000     0.00000     0.00000     0.00000     0.00000    -0.31328
   -18.29078    -0.55029    -0.03820    -0.00047    -0.00682     0.00000     0.00000     0.00000     0.00000     0.00000    -0.59578
   -18.16578    -1.27283    -0.06121    -0.00081    -0.04199     0.00000     0.00000     0.00000     0.00000     0.00000    -1.37684
   -18.04178    -1.46188    -0.07743    -0.00103    -0.06059     0.00000     0.00000     0.00000     0.00000     0.00000    -1.60093
   -17.91778    -2.31268    -0.11226    -0.00136    -0.11549     0.00000     0.00000     0.00000     0.00000     0.00000    -2.54180
   -17.79378    -1.68365    -0.12910    -0.00130    -0.07609     0.00000     0.00000     0.00000     0.00000     0.00000    -1.89014
   -17.66978    -0.95904    -0.04121    -0.00045    -0.06918     0.00000     0.00000     0.00000     0.00000     0.00000    -1.06989
   -17.54578    -0.96099    -0.05458    -0.00061    -0.07115     0.00000     0.00000     0.00000     0.00000     0.00000    -1.08733
   -17.42178    -1.71672    -0.14779    -0.00140    -0.11381     0.00000     0.00000     0.00000     0.00000     0.00000    -1.97973
   -17.29778    -0.85992    -0.05049    -0.00057    -0.08016     0.00000     0.00000     0.00000     0.00000     0.00000    -0.99114
   -17.17278    -0.66188    -0.03674    -0.00041    -0.06826     0.00000     0.00000     0.00000     0.00000     0.00000    -0.76729
   -17.04878    -1.59656    -0.15436    -0.00166    -0.11657     0.00000     0.00000     0.00000     0.00000     0.00000    -1.86915
   -16.92478    -1.25615    -0.10375    -0.00113    -0.11033     0.00000     0.00000     0.00000     0.00000     0.00000    -1.47136
   -16.80078    -1.11627    -0.08597    -0.00097    -0.11765     0.00000     0.00000     0.00000     0.00000     0.00000    -1.32085
   -16.67678    -1.60821    -0.12432    -0.00138    -0.19393     0.00000     0.00000     0.00000     0.00000     0.00000    -1.92784
   -16.55278    -1.29085    -0.16628    -0.00152    -0.09946     0.00000     0.00000     0.00000     0.00000     0.00000    -1.55812
   -16.42878    -0.94250    -0.13279    -0.00116    -0.07919     0.00000     0.00000     0.00000     0.00000     0.00000    -1.15564
   -16.30478    -1.28412    -0.14403    -0.00141    -0.15327     0.00000     0.00000     0.00000     0.00000     0.00000    -1.58283
   -16.17978    -1.27817    -0.12770    -0.00133    -0.17444     0.00000     0.00000     0.00000     0.00000     0.00000    -1.58163
   -16.05578    -0.91618    -0.11062    -0.00118    -0.09792     0.00000     0.00000     0.00000     0.00000     0.00000    -1.12591
   -15.93178    -0.91019    -0.10862    -0.00124    -0.10260     0.00000     0.00000     0.00000     0.00000     0.00000    -1.12265
   -15.80778    -0.50290    -0.06298    -0.00070    -0.06109     0.00000     0.00000     0.00000     0.00000     0.00000    -0.62767
   -15.68378    -1.60005    -0.24322    -0.00196    -0.16449     0.00000     0.00000     0.00000     0.00000     0.00000    -2.00972
   -15.55978    -1.07882    -0.11659    -0.00110    -0.17495     0.00000     0.00000     0.00000     0.00000     0.00000    -1.37146
   -15.43578    -1.10520    -0.15070    -0.00143    -0.15989     0.00000     0.00000     0.00000     0.00000     0.00000    -1.41722
   -15.31078    -0.69092    -0.12832    -0.00174    -0.05783     0.00000     0.00000     0.00000     0.00000     0.00000    -0.87880
   -15.18678    -0.80483    -0.16428    -0.00221    -0.11685     0.00000     0.00000     0.00000     0.00000     0.00000    -1.08817
   -15.06278    -1.01064    -0.16353    -0.00191    -0.16517     0.00000     0.00000     0.00000     0.00000     0.00000    -1.34125
   -14.93878    -1.08482    -0.15419    -0.00181    -0.21042     0.00000     0.00000     0.00000     0.00000     0.00000    -1.45123
   -14.81478    -0.90010    -0.15379    -0.00170    -0.16303     0.00000     0.00000     0.00000     0.00000     0.00000    -1.21862
   -14.69078    -0.92114    -0.17338    -0.00186    -0.15980     0.00000     0.00000     0.00000     0.00000     0.00000    -1.25618
   -14.56678    -1.35766    -0.26973    -0.00282    -0.23212     0.00000     0.00000     0.00000     0.00000     0.00000    -1.86232
   -14.44278    -1.42765    -0.24431    -0.00268    -0.29134     0.00000     0.00000     0.00000     0.00000     0.00000    -1.96598
   -14.31778    -1.20008    -0.19002    -0.00217    -0.25231     0.00000     0.00000     0.00000     0.00000     0.00000    -1.64457
   -14.19378    -1.15542    -0.18646    -0.00230    -0.23195     0.00000     0.00000     0.00000     0.00000     0.00000    -1.57613
   -14.06978    -0.76369    -0.15761    -0.00181    -0.12966     0.00000     0.00000     0.00000     0.00000     0.00000    -1.05277
   -13.94578    -1.27527    -0.24168    -0.00268    -0.20325     0.00000     0.00000     0.00000     0.00000     0.00000    -1.72289
   -13.82178    -2.47893    -0.56528    -0.00668    -0.34674     0.00000     0.00000     0.00000     0.00000     0.00000    -3.39763
   -13.69778    -0.96010    -0.18422    -0.00213    -0.20210     0.00000     0.00000     0.00000     0.00000     0.00000    -1.34855
   -13.57378    -0.64731    -0.14175    -0.00169    -0.14703     0.00000     0.00000     0.00000     0.00000     0.00000    -0.93778
   -13.44978    -0.63695    -0.13588    -0.00171    -0.14536     0.00000     0.00000     0.00000     0.00000     0.00000    -0.91990
   -13.32478    -1.06715    -0.27971    -0.00309    -0.25166     0.00000     0.00000     0.00000     0.00000     0.00000    -1.60160
   -13.20078    -0.81665    -0.22935    -0.00262    -0.25536     0.00000     0.00000     0.00000     0.00000     0.00000    -1.30398
   -13.07678    -0.39018    -0.12601    -0.00148    -0.10073     0.00000     0.00000     0.00000     0.00000     0.00000    -0.61840
   -12.95278    -0.56584    -0.16380    -0.00175    -0.21048     0.00000     0.00000     0.00000     0.00000     0.00000    -0.94186
   -12.82878    -0.49579    -0.14206    -0.00151    -0.19513     0.00000     0.00000     0.00000     0.00000     0.00000    -0.83449
   -12.70478    -1.29071    -0.59076    -0.00524    -0.50432     0.00000     0.00000     0.00000     0.00000     0.00000    -2.39103
   -12.58078    -0.88103    -0.40442    -0.00367    -0.35256     0.00000     0.00000     0.00000     0.00000     0.00000    -1.64168
   -12.45678    -0.65155    -0.29308    -0.00281    -0.27228     0.00000     0.00000     0.00000     0.00000     0.00000    -1.21972
   -12.33178    -0.57702    -0.33556    -0.00341    -0.22154     0.00000     0.00000     0.00000     0.00000     0.00000    -1.13752
   -12.20778    -0.84571    -0.46107    -0.00480    -0.38371     0.00000     0.00000     0.00000     0.00000     0.00000    -1.69528
   -12.08378    -0.89428    -0.42085    -0.00450    -0.45769     0.00000     0.00000     0.00000     0.00000     0.00000    -1.77732
   -11.95978    -1.13007    -0.48225    -0.00505    -0.56392     0.00000     0.00000     0.00000     0.00000     0.00000    -2.18129
   -11.83578    -0.69546    -0.23151    -0.00244    -0.35300     0.00000     0.00000     0.00000     0.00000     0.00000    -1.28241
   -11.71178    -0.48139    -0.20513    -0.00203    -0.22490     0.00000     0.00000     0.00000     0.00000     0.00000    -0.91344
   -11.58778    -0.50000    -0.22208    -0.00225    -0.23490     0.00000     0.00000     0.00000     0.00000     0.00000    -0.95923
   -11.46378    -0.92436    -0.49154    -0.00489    -0.40111     0.00000     0.00000     0.00000     0.00000     0.00000    -1.82190
   -11.33878    -1.22654    -0.73428    -0.00748    -0.52200     0.00000     0.00000     0.00000     0.00000     0.00000    -2.49030
   -11.21478    -0.82438    -0.44772    -0.00507    -0.45903     0.00000     0.00000     0.00000     0.00000     0.00000    -1.73619
   -11.09078    -0.76380    -0.41658    -0.00468    -0.41976     0.00000     0.00000     0.00000     0.00000     0.00000    -1.60482
   -10.96678    -0.59235    -0.32962    -0.00384    -0.35013     0.00000     0.00000     0.00000     0.00000     0.00000    -1.27594
   -10.84278    -0.50819    -0.27560    -0.00331    -0.33284     0.00000     0.00000     0.00000     0.00000     0.00000    -1.11994
   -10.71878    -0.61082    -0.32460    -0.00384    -0.39135     0.00000     0.00000     0.00000     0.00000     0.00000    -1.33061
   -10.59478    -0.80843    -0.41681    -0.00481    -0.54098     0.00000     0.00000     0.00000     0.00000     0.00000    -1.77103
   -10.47078    -0.54586    -0.44276    -0.00417    -0.45654     0.00000     0.00000     0.00000     0.00000     0.00000    -1.44934
   -10.34578    -0.39163    -0.29435    -0.00299    -0.33073     0.00000     0.00000     0.00000     0.00000     0.00000    -1.01970
   -10.22178    -0.56524    -0.45982    -0.00463    -0.50597     0.00000     0.00000     0.00000     0.00000     0.00000    -1.53565
   -10.09778    -0.66339    -0.60188    -0.00648    -0.61753     0.00000     0.00000     0.00000     0.00000     0.00000    -1.88928
    -9.97378    -0.55034    -0.58634    -0.00669    -0.47003     0.00000     0.00000     0.00000     0.00000     0.00000    -1.61340
    -9.84978    -0.65707    -0.65592    -0.00719    -0.63348     0.00000     0.00000     0.00000     0.00000     0.00000    -1.95366
    -9.72578    -0.40737    -0.32223    -0.00376    -0.41077     0.00000     0.00000     0.00000     0.00000     0.00000    -1.14413
    -9.60178    -0.42204    -0.38345    -0.00408    -0.39691     0.00000     0.00000     0.00000     0.00000     0.00000    -1.20648
    -9.47678    -0.59324    -0.61481    -0.00717    -0.71796     0.00000     0.00000     0.00000     0.00000     0.00000    -1.93318
    -9.35278    -0.23038    -0.36217    -0.00355    -0.38321     0.00000     0.00000     0.00000     0.00000     0.00000    -0.97931
    -9.22878    -0.53367    -0.72709    -0.00753    -0.78869     0.00000     0.00000     0.00000     0.00000     0.00000    -2.05698
    -9.10478    -1.05959    -1.66514    -0.02050    -1.12212     0.00000     0.00000     0.00000     0.00000     0.00000    -3.86735
    -8.98078    -0.84030    -0.94629    -0.01109    -1.03222     0.00000     0.00000     0.00000     0.00000     0.00000    -2.82990
    -8.85678    -0.23693    -0.30367    -0.00393    -0.32055     0.00000     0.00000     0.00000     0.00000     0.00000    -0.86508
    -8.73278    -0.06614    -0.11051    -0.00129    -0.16400     0.00000     0.00000     0.00000     0.00000     0.00000    -0.34194
    -8.60878    -0.32937    -0.55501    -0.00643    -0.59004     0.00000     0.00000     0.00000     0.00000     0.00000    -1.48085
    -8.48378    -0.56763    -0.97470    -0.01141    -0.93183     0.00000     0.00000     0.00000     0.00000     0.00000    -2.48557
    -8.35978    -0.41064    -0.82644    -0.00924    -0.62813     0.00000     0.00000     0.00000     0.00000     0.00000    -1.87445
    -8.23578    -0.90449    -1.83292    -0.02269    -1.64901     0.00000     0.00000     0.00000     0.00000     0.00000    -4.40911
    -8.11178    -0.34697    -0.66326    -0.00802    -0.63721     0.00000     0.00000     0.00000     0.00000     0.00000    -1.65546
    -7.98778    -0.38509    -0.69790    -0.00917    -0.84887     0.00000     0.00000     0.00000     0.00000     0.00000    -1.94103
    -7.86378    -0.33681    -0.70501    -0.00891    -0.73583     0.00000     0.00000     0.00000     0.00000     0.00000    -1.78656
    -7.73978    -0.60408    -1.33827    -0.04946    -1.30521     0.00000     0.00000     0.00000     0.00000     0.00000    -3.29702
    -7.61578    -0.43118    -0.93282    -0.05032    -0.81120     0.00000     0.00000     0.00000     0.00000     0.00000    -2.22552
    -7.49078    -0.67006    -1.47682    -0.08406    -1.73868     0.00000     0.00000     0.00000     0.00000     0.00000    -3.96962
    -7.36678    -0.27624    -1.01419    -0.66928    -0.93277     0.00000     0.00000     0.00000     0.00000     0.00000    -2.89249
    -7.24278    -0.31306    -1.32092    -1.19050    -0.83691     0.00000     0.00000     0.00000     0.00000     0.00000    -3.66139
    -7.11878    -0.30580    -0.83326    -0.98690    -0.87461     0.00000     0.00000     0.00000     0.00000     0.00000    -3.00057
    -6.99478    -0.45431    -1.73212    -1.18045    -1.46959     0.00000     0.00000     0.00000     0.00000     0.00000    -4.83647
    -6.87078    -0.33435    -1.14607    -0.77603    -1.23307     0.00000     0.00000     0.00000     0.00000     0.00000    -3.48952
    -6.74678    -0.46308    -1.91469    -0.68510    -1.87213     0.00000     0.00000     0.00000     0.00000     0.00000    -4.93500
    -6.62278    -0.30116    -1.32372    -0.44654    -1.62612     0.00000     0.00000     0.00000     0.00000     0.00000    -3.69754
    -6.49778    -0.20608    -0.87337    -0.58895    -1.25894     0.00000     0.00000     0.00000     0.00000     0.00000    -2.92734
    -6.37378    -0.20595    -0.94493    -0.71718    -1.51215     0.00000     0.00000     0.00000     0.00000     0.00000    -3.38021
    -6.24978    -0.17418    -0.98895    -0.46301    -1.27298     0.00000     0.00000     0.00000     0.00000     0.00000    -2.89912
    -6.12578    -0.17778    -1.07008    -0.49721    -1.23028     0.00000     0.00000     0.00000     0.00000     0.00000    -2.97535
    -6.00178    -0.22927    -1.64077    -1.22942    -1.04370     0.00000     0.00000     0.00000     0.00000     0.00000    -4.14316
    -5.87778    -0.17183    -1.10622    -0.93755    -0.86567     0.00000     0.00000     0.00000     0.00000     0.00000    -3.08127
    -5.75378    -0.11974    -1.13192    -0.98074    -0.60157     0.00000     0.00000     0.00000     0.00000     0.00000    -2.83397
    -5.62978    -0.04758    -0.50851    -0.20884    -0.21471     0.00000     0.00000     0.00000     0.00000     0.00000    -0.97963
    -5.50478    -0.04946    -0.62397    -1.08937    -0.31226     0.00000     0.00000     0.00000     0.00000     0.00000    -2.07506
    -5.38078    -0.23927    -1.23913    -0.67645    -1.46752     0.00000     0.00000     0.00000     0.00000     0.00000    -3.62237
    -5.25678    -0.15649    -0.78922    -0.34748    -1.93798     0.00000     0.00000     0.00000     0.00000     0.00000    -3.23117
    -5.13278    -0.11540    -0.92544    -0.83933    -1.14956     0.00000     0.00000     0.00000     0.00000     0.00000    -3.02973
    -5.00878    -0.07582    -0.64077    -0.81513    -0.67337     0.00000     0.00000     0.00000     0.00000     0.00000    -2.20510
    -4.88478    -0.16235    -1.66496    -0.56167    -1.94689     0.00000     0.00000     0.00000     0.00000     0.00000    -4.33587
    -4.76078    -0.04500    -0.60570    -0.59568    -0.49128     0.00000     0.00000     0.00000     0.00000     0.00000    -1.73767
    -4.63678    -0.08253    -0.62199    -1.06127    -1.16554     0.00000     0.00000     0.00000     0.00000     0.00000    -2.93133
    -4.51178    -0.06292    -0.49130    -1.04381    -0.74606     0.00000     0.00000     0.00000     0.00000     0.00000    -2.34409
    -4.38778    -0.09307    -0.71764    -0.79895    -0.82405     0.00000     0.00000     0.00000     0.00000     0.00000    -2.43371
    -4.26378    -0.10856    -0.87386    -0.88998    -1.54456     0.00000     0.00000     0.00000     0.00000     0.00000    -3.41696
    -4.13978    -0.05424    -0.37836    -1.09769    -0.55113     0.00000     0.00000     0.00000     0.00000     0.00000    -2.08142
    -4.01578    -0.14753    -4.22042    -0.84593    -1.08921     0.00000     0.00000     0.00000     0.00000     0.00000    -6.30309
    -3.89178    -0.06416    -0.99628    -1.38456    -1.12157     0.00000     0.00000     0.00000     0.00000     0.00000    -3.56657
    -3.76778    -0.04025    -0.96329    -0.63789    -0.61348     0.00000     0.00000     0.00000     0.00000     0.00000    -2.25491
    -3.64278    -0.11052    -2.11935    -0.91723    -2.35830     0.00000     0.00000     0.00000     0.00000     0.00000    -5.50541
    -3.51878    -0.02332    -0.98095    -0.88070    -0.33382     0.00000     0.00000     0.00000     0.00000     0.00000    -2.21879
    -3.39478    -0.05759    -2.00370    -1.60478    -1.25992     0.00000     0.00000     0.00000     0.00000     0.00000    -4.92599
    -3.27078    -0.03040    -1.41425    -1.26741    -0.66032     0.00000     0.00000     0.00000     0.00000     0.00000    -3.37238
    -3.14678    -0.02107    -0.77480    -1.21696    -0.27904     0.00000     0.00000     0.00000     0.00000     0.00000    -2.29188
    -3.02278    -0.02040    -0.74782    -1.14783    -0.11936     0.00000     0.00000     0.00000     0.00000     0.00000    -2.03541
    -2.89878    -0.00644    -0.20142    -1.05188    -0.04283     0.00000     0.00000     0.00000     0.00000     0.00000    -1.30256
    -2.77478    -0.00205    -0.00833    -0.42330    -0.00781     0.00000     0.00000     0.00000     0.00000     0.00000    -0.44149
    -2.64978    -0.00853    -0.02692    -1.70021    -0.02114     0.00000     0.00000     0.00000     0.00000     0.00000    -1.75681
    -2.52578    -0.00607    -0.00752    -0.47087    -0.00603     0.00000     0.00000     0.00000     0.00000     0.00000    -0.49049
    -2.40178    -0.00187    -0.02336    -1.53162    -0.00970     0.00000     0.00000     0.00000     0.00000     0.00000    -1.56654
    -2.27778    -0.00078    -0.00398    -0.34021    -0.00367     0.00000     0.00000     0.00000     0.00000     0.00000    -0.34864
    -2.15378    -0.00246    -0.01082    -0.84806    -0.00734     0.00000     0.00000     0.00000     0.00000     0.00000    -0.86868
    -2.02978    -0.00129    -0.02077    -1.58570    -0.01228     0.00000     0.00000     0.00000     0.00000     0.00000    -1.62004
    -1.90578    -0.00082    -0.01688    -1.26813    -0.00788     0.00000     0.00000     0.00000     0.00000     0.00000    -1.29371
    -1.78178    -0.00073    -0.01385    -1.12782    -0.00544     0.00000     0.00000     0.00000     0.00000     0.00000    -1.14785
    -1.65678    -0.00199    -0.03584    -2.93871    -0.01307     0.00000     0.00000     0.00000     0.00000     0.00000    -2.98961
    -1.53278    -0.00063    -0.00888    -0.78272    -0.00367     0.00000     0.00000     0.00000     0.00000     0.00000    -0.79590
    -1.40878    -0.00048    -0.00610    -0.56373    -0.00271     0.00000     0.00000     0.00000     0.00000     0.00000    -0.57302
    -1.28478    -0.00027    -0.00315    -0.32659    -0.00183     0.00000     0.00000     0.00000     0.00000     0.00000    -0.33185
    -1.16078    -0.00046    -0.00890    -0.74274    -0.00417     0.00000     0.00000     0.00000     0.00000     0.00000    -0.75628
    -1.03678    -0.00039    -0.00659    -0.57479    -0.00301     0.00000     0.00000     0.00000     0.00000     0.00000    -0.58478
    -0.91278    -0.00035    -0.00654    -0.54939    -0.00271     0.00000     0.00000     0.00000     0.00000     0.00000    -0.55899
    -0.78878    -0.00013    -0.00437    -0.31043    -0.00161     0.00000     0.00000     0.00000     0.00000     0.00000    -0.31655
    -0.66378    -0.00021    -0.00691    -0.49832    -0.00272     0.00000     0.00000     0.00000     0.00000     0.00000    -0.50816
    -0.53978    -0.00031    -0.00662    -0.52569    -0.00273     0.00000     0.00000     0.00000     0.00000     0.00000    -0.53535
    -0.41578    -0.00029    -0.00523    -0.42680    -0.00214     0.00000     0.00000     0.00000     0.00000     0.00000    -0.43445
    -0.29178    -0.00029    -0.00462    -0.38691    -0.00193     0.00000     0.00000     0.00000     0.00000     0.00000    -0.39376
    -0.16778    -0.00063    -0.00579    -0.57466    -0.00294     0.00000     0.00000     0.00000     0.00000     0.00000    -0.58403
    -0.04378    -0.00021    -0.00213    -0.19959    -0.00105     0.00000     0.00000     0.00000     0.00000     0.00000    -0.20298
     0.08022    -0.00014    -0.00131    -0.12584    -0.00067     0.00000     0.00000     0.00000     0.00000     0.00000    -0.12796
     0.20422    -0.00006    -0.00053    -0.05202    -0.00028     0.00000     0.00000     0.00000     0.00000     0.00000    -0.05289
     0.32922    -0.00021    -0.00387    -0.29391    -0.00135     0.00000     0.00000     0.00000     0.00000     0.00000    -0.29934
     0.45322    -0.00045    -0.00980    -0.69224    -0.00347     0.00000     0.00000     0.00000     0.00000     0.00000    -0.70596
     0.57722    -0.00071    -0.01188    -0.92693    -0.00456     0.00000     0.00000     0.00000     0.00000     0.00000    -0.94407
     0.70122    -0.00049    -0.00542    -0.52601    -0.00255     0.00000     0.00000     0.00000     0.00000     0.00000    -0.53447
     0.82522    -0.00056    -0.00605    -0.59971    -0.00288     0.00000     0.00000     0.00000     0.00000     0.00000    -0.60920
     0.94922    -0.00064    -0.00751    -0.73213    -0.00328     0.00000     0.00000     0.00000     0.00000     0.00000    -0.74356
     1.07322    -0.00071    -0.00933    -0.89677    -0.00394     0.00000     0.00000     0.00000     0.00000     0.00000    -0.91075
     1.19722    -0.00076    -0.01103    -1.06490    -0.00525     0.00000     0.00000     0.00000     0.00000     0.00000    -1.08194
     1.32222    -0.00100    -0.01303    -1.28029    -0.00674     0.00000     0.00000     0.00000     0.00000     0.00000    -1.30106
     1.44622    -0.00070    -0.00772    -0.78747    -0.00384     0.00000     0.00000     0.00000     0.00000     0.00000    -0.79973
     1.57022    -0.00047    -0.00396    -0.35262    -0.00127     0.00000     0.00000     0.00000     0.00000     0.00000    -0.35832
     1.69422    -0.00070    -0.00565    -0.49909    -0.00140     0.00000     0.00000     0.00000     0.00000     0.00000    -0.50684
     1.81822    -0.00233    -0.01059    -0.88724    -0.00249     0.00000     0.00000     0.00000     0.00000     0.00000    -0.90265
     1.94222    -0.00169    -0.00602    -0.46766    -0.00114     0.00000     0.00000     0.00000     0.00000     0.00000    -0.47651
     2.06622    -0.00429    -0.00575    -0.48316    -0.00224     0.00000     0.00000     0.00000     0.00000     0.00000    -0.49544
     2.19122    -0.00721    -0.02165    -1.87328    -0.00544     0.00000     0.00000     0.00000     0.00000     0.00000    -1.90759
     2.31522    -0.00127    -0.00290    -0.20771    -0.00064     0.00000     0.00000     0.00000     0.00000     0.00000    -0.21252
     2.43922    -0.00528    -0.02844    -2.20095    -0.00584     0.00000     0.00000     0.00000     0.00000     0.00000    -2.24051
     2.56322    -0.00161    -0.00935    -0.76819    -0.00199     0.00000     0.00000     0.00000     0.00000     0.00000    -0.78114
     2.68722    -0.00525    -0.03825    -2.94580    -0.00919     0.00000     0.00000     0.00000     0.00000     0.00000    -2.99849
     2.81122    -0.00121    -0.00784    -0.62064    -0.00138     0.00000     0.00000     0.00000     0.00000     0.00000    -0.63107
     2.93522    -0.00280    -0.01816    -1.47111    -0.00358     0.00000     0.00000     0.00000     0.00000     0.00000    -1.49565
     3.05922    -0.00101    -0.00628    -0.50003    -0.00108     0.00000     0.00000     0.00000     0.00000     0.00000    -0.50841
     3.18422    -0.00087    -0.00538    -0.42945    -0.00092     0.00000     0.00000     0.00000     0.00000     0.00000    -0.43662
     3.30822    -0.00393    -0.01716    -1.41906    -0.00488     0.00000     0.00000     0.00000     0.00000     0.00000    -1.44503
     3.43222    -0.00509    -0.01876    -1.52429    -0.00493     0.00000     0.00000     0.00000     0.00000     0.00000    -1.55308
     3.55622    -0.00386    -0.00840    -0.71776    -0.00258     0.00000     0.00000     0.00000     0.00000     0.00000    -0.73260
     3.68022    -0.00325    -0.00634    -0.58122    -0.00239     0.00000     0.00000     0.00000     0.00000     0.00000    -0.59320
     3.80422    -0.00304    -0.00453    -0.56257    -0.00326     0.00000     0.00000     0.00000     0.00000     0.00000    -0.57340
     3.92822    -0.02286    -0.00231    -0.16179    -0.00124     0.00000     0.00000     0.00000     0.00000     0.00000    -0.18820
     4.05222    -0.02294    -0.00525    -0.35976    -0.00238     0.00000     0.00000     0.00000     0.00000     0.00000    -0.39033
     4.17722    -0.01618    -0.01399    -1.03174    -0.00635     0.00000     0.00000     0.00000     0.00000     0.00000    -1.06826
     4.30122    -0.03199    -0.03059    -2.16538    -0.01591     0.00000     0.00000     0.00000     0.00000     0.00000    -2.24386
     4.42522    -0.04220    -0.02157    -1.31643    -0.01062     0.00000     0.00000     0.00000     0.00000     0.00000    -1.39081
     4.54922    -0.04002    -0.02689    -1.67897    -0.01264     0.00000     0.00000     0.00000     0.00000     0.00000    -1.75853
     4.67322    -0.04008    -0.01168    -0.70422    -0.00787     0.00000     0.00000     0.00000     0.00000     0.00000    -0.76384
     4.79722    -0.03356    -0.01676    -0.80661    -0.00702     0.00000     0.00000     0.00000     0.00000     0.00000    -0.86396
     4.92122    -0.02153    -0.01082    -0.49652    -0.00448     0.00000     0.00000     0.00000     0.00000     0.00000    -0.53335
     5.04522    -0.02660    -0.00905    -0.33706    -0.00520     0.00000     0.00000     0.00000     0.00000     0.00000    -0.37791
     5.17022    -0.05069    -0.01888    -0.61131    -0.00893     0.00000     0.00000     0.00000     0.00000     0.00000    -0.68981
     5.29422    -0.05865    -0.02529    -0.88213    -0.01303     0.00000     0.00000     0.00000     0.00000     0.00000    -0.97911
     5.41822    -0.03427    -0.01326    -0.43828    -0.00917     0.00000     0.00000     0.00000     0.00000     0.00000    -0.49498
     5.54222    -0.04296    -0.01821    -0.82461    -0.01570     0.00000     0.00000     0.00000     0.00000     0.00000    -0.90148
     5.66622    -0.04274    -0.01974    -0.52111    -0.01310     0.00000     0.00000     0.00000     0.00000     0.00000    -0.59669
     5.79022    -0.05871    -0.01558    -0.19267    -0.02131     0.00000     0.00000     0.00000     0.00000     0.00000    -0.28828
     5.91422    -0.16438    -0.07973    -1.79096    -0.08048     0.00000     0.00000     0.00000     0.00000     0.00000    -2.11554
     6.03822    -0.19203    -0.06906    -0.81354    -0.11260     0.00000     0.00000     0.00000     0.00000     0.00000    -1.18723
     6.16322    -0.69158    -0.20247    -0.86135    -0.49163     0.00000     0.00000     0.00000     0.00000     0.00000    -2.24704
     6.28722    -0.69089    -0.23558    -0.79473    -0.42025     0.00000     0.00000     0.00000     0.00000     0.00000    -2.14145
     6.41122    -0.42355    -0.16032    -0.61391    -0.25348     0.00000     0.00000     0.00000     0.00000     0.00000    -1.45126
     6.53522    -0.20052    -0.07930    -0.56607    -0.10742     0.00000     0.00000     0.00000     0.00000     0.00000    -0.95331
     6.65922    -0.28831    -0.12412    -0.63200    -0.14736     0.00000     0.00000     0.00000     0.00000     0.00000    -1.19179
     6.78322    -0.21868    -0.11955    -0.65237    -0.13195     0.00000     0.00000     0.00000     0.00000     0.00000    -1.12254
     6.90722    -0.33050    -0.17367    -1.06676    -0.19581     0.00000     0.00000     0.00000     0.00000     0.00000    -1.76674
     7.03122    -0.45909    -0.24639    -1.58793    -0.27054     0.00000     0.00000     0.00000     0.00000     0.00000    -2.56395
     7.15622    -0.48192    -0.28022    -0.76283    -0.25830     0.00000     0.00000     0.00000     0.00000     0.00000    -1.78328
     7.28022    -0.13310    -0.07021    -0.58895    -0.05252     0.00000     0.00000     0.00000     0.00000     0.00000    -0.84478
     7.40422    -0.17518    -0.10207    -0.77007    -0.07355     0.00000     0.00000     0.00000     0.00000     0.00000    -1.12087
     7.52822    -0.34824    -0.24597    -1.08443    -0.14685     0.00000     0.00000     0.00000     0.00000     0.00000    -1.82550
     7.65222    -0.48803    -0.32029    -1.03233    -0.19684     0.00000     0.00000     0.00000     0.00000     0.00000    -2.03750
     7.77622    -1.02629    -0.70807    -0.96635    -0.50019     0.00000     0.00000     0.00000     0.00000     0.00000    -3.20090
     7.90022    -0.93641    -0.63735    -0.54727    -0.44482     0.00000     0.00000     0.00000     0.00000     0.00000    -2.56585
     8.02522    -0.98211    -0.73743    -0.36746    -0.45630     0.00000     0.00000     0.00000     0.00000     0.00000    -2.54330
     8.14922    -0.51665    -0.38629    -0.46535    -0.26458     0.00000     0.00000     0.00000     0.00000     0.00000    -1.63287
     8.27322    -0.76092    -1.07693    -0.35942    -0.45893     0.00000     0.00000     0.00000     0.00000     0.00000    -2.65620
     8.39722    -0.38595    -0.33079    -0.29697    -0.25124     0.00000     0.00000     0.00000     0.00000     0.00000    -1.26495
     8.52122    -0.58879    -1.11776    -0.23513    -0.32469     0.00000     0.00000     0.00000     0.00000     0.00000    -2.26637
     8.64522    -0.83787    -0.74008    -0.23358    -0.56197     0.00000     0.00000     0.00000     0.00000     0.00000    -2.37350
     8.76922    -0.46970    -0.32976    -0.38976    -0.34473     0.00000     0.00000     0.00000     0.00000     0.00000    -1.53395
     8.89322    -1.39401    -1.18463    -0.59338    -0.90611     0.00000     0.00000     0.00000     0.00000     0.00000    -4.07813
     9.01822    -0.77507    -0.71870    -1.21602    -0.77565     0.00000     0.00000     0.00000     0.00000     0.00000    -3.48544
     9.14222    -1.29912    -1.39802    -1.05686    -0.84110     0.00000     0.00000     0.00000     0.00000     0.00000    -4.59510
     9.26622    -0.73190    -0.62350    -0.65528    -0.53767     0.00000     0.00000     0.00000     0.00000     0.00000    -2.54835
     9.39022    -0.72794    -0.59176    -1.06228    -0.83508     0.00000     0.00000     0.00000     0.00000     0.00000    -3.21706
     9.51422    -0.31931    -0.37192    -0.84871    -0.27044     0.00000     0.00000     0.00000     0.00000     0.00000    -1.81039
     9.63822    -0.33361    -0.46117    -0.98562    -0.30124     0.00000     0.00000     0.00000     0.00000     0.00000    -2.08164
     9.76222    -0.27143    -0.32812    -0.95008    -0.34527     0.00000     0.00000     0.00000     0.00000     0.00000    -1.89490
     9.88622    -0.45875    -0.42722    -1.19228    -0.66187     0.00000     0.00000     0.00000     0.00000     0.00000    -2.74012
    10.01122    -0.32271    -0.23021    -1.40084    -0.29234     0.00000     0.00000     0.00000     0.00000     0.00000    -2.24610
    10.13522    -0.40433    -0.27819    -0.40924    -0.26596     0.00000     0.00000     0.00000     0.00000     0.00000    -1.35773
    10.25922    -0.58877    -0.45486    -0.42408    -0.46625     0.00000     0.00000     0.00000     0.00000     0.00000    -1.93396
    10.38322    -0.65921    -0.61304    -0.54006    -0.64227     0.00000     0.00000     0.00000     0.00000     0.00000    -2.45458
    10.50722    -0.51331    -0.50598    -0.43643    -0.50051     0.00000     0.00000     0.00000     0.00000     0.00000    -1.95623
    10.63122    -1.00135    -0.89790    -0.47705    -0.92077     0.00000     0.00000     0.00000     0.00000     0.00000    -3.29707
    10.75522    -0.68886    -0.49408    -0.26409    -0.54105     0.00000     0.00000     0.00000     0.00000     0.00000    -1.98808
    10.87922    -0.46496    -0.43631    -0.24571    -0.46177     0.00000     0.00000     0.00000     0.00000     0.00000    -1.60875
    11.00422    -0.41617    -0.30083    -0.20523    -0.37759     0.00000     0.00000     0.00000     0.00000     0.00000    -1.29982
    11.12822    -0.55691    -0.53238    -0.32002    -0.53075     0.00000     0.00000     0.00000     0.00000     0.00000    -1.94005
    11.25222    -0.35334    -0.34964    -0.22124    -0.40153     0.00000     0.00000     0.00000     0.00000     0.00000    -1.32574
    11.37622    -0.56127    -0.53414    -0.31150    -0.56872     0.00000     0.00000     0.00000     0.00000     0.00000    -1.97563
    11.50022    -0.68970    -0.74148    -0.42465    -0.73186     0.00000     0.00000     0.00000     0.00000     0.00000    -2.58768
    11.62422    -0.69583    -0.66340    -0.32091    -0.66590     0.00000     0.00000     0.00000     0.00000     0.00000    -2.34604
    11.74822    -0.58134    -0.49816    -0.30077    -0.52984     0.00000     0.00000     0.00000     0.00000     0.00000    -1.91011
    11.87222    -0.60491    -0.47951    -0.27930    -0.49780     0.00000     0.00000     0.00000     0.00000     0.00000    -1.86152
    11.99722    -0.66943    -0.55833    -0.26858    -0.50934     0.00000     0.00000     0.00000     0.00000     0.00000    -2.00569
    12.12122    -0.62402    -0.56021    -0.24145    -0.61616     0.00000     0.00000     0.00000     0.00000     0.00000    -2.04184
    12.24522    -0.48952    -0.50753    -0.21538    -0.51532     0.00000     0.00000     0.00000     0.00000     0.00000    -1.72775
    12.36922    -0.56601    -0.54540    -0.24022    -0.51546     0.00000     0.00000     0.00000     0.00000     0.00000    -1.86709
    12.49322    -0.49649    -0.54297    -0.24153    -0.51798     0.00000     0.00000     0.00000     0.00000     0.00000    -1.79897
    12.61722    -0.56251    -0.58683    -0.26525    -0.54084     0.00000     0.00000     0.00000     0.00000     0.00000    -1.95543
    12.74122    -0.52430    -0.58717    -0.22399    -0.53043     0.00000     0.00000     0.00000     0.00000     0.00000    -1.86589
    12.86522    -0.55970    -0.66289    -0.26805    -0.66776     0.00000     0.00000     0.00000     0.00000     0.00000    -2.15840
    12.99022    -0.47353    -0.60306    -0.25501    -0.54184     0.00000     0.00000     0.00000     0.00000     0.00000    -1.87344
    13.11422    -0.47114    -0.55915    -0.21040    -0.51996     0.00000     0.00000     0.00000     0.00000     0.00000    -1.76065
    13.23822    -0.54596    -0.68335    -0.26200    -0.62572     0.00000     0.00000     0.00000     0.00000     0.00000    -2.11702
    13.36222    -0.67258    -0.67233    -0.27133    -0.77250     0.00000     0.00000     0.00000     0.00000     0.00000    -2.38874
    13.48622    -0.50224    -0.56077    -0.28042    -0.59921     0.00000     0.00000     0.00000     0.00000     0.00000    -1.94264
    13.61022    -0.35065    -0.40057    -0.18356    -0.48915     0.00000     0.00000     0.00000     0.00000     0.00000    -1.42393
    13.73422    -0.07404    -0.08747    -0.03825    -0.10075     0.00000     0.00000     0.00000     0.00000     0.00000    -0.30051
    13.85922     0.00000     0.00000     0.00000     0.00000     0.00000     0.00000     0.00000     0.00000     0.00000     0.00000
    13.98322     0.00000     0.00000     0.00000     0.00000     0.00000     0.00000     0.00000     0.00000     0.00000     0.00000
    14.10722     0.00000     0.00000     0.00000     0.00000     0.00000     0.00000     0.00000     0.00000     0.00000     0.00000
    14.23122     0.00000     0.00000     0.00000     0.00000     0.00000     0.00000     0.00000     0.00000     0.00000     0.00000
    14.35522     0.00000     0.00000     0.00000     0.00000     0.00000     0.00000     0.00000     0.00000     0.00000     0.00000
    14.47922     0.00000     0.00000     0.00000     0.00000     0.00000     0.00000     0.00000     0.00000     0.00000     0.00000
    14.60322     0.00000     0.00000     0.00000     0.00000     0.00000     0.00000     0.00000     0.00000     0.00000     0.00000
    14.72722     0.00000     0.00000     0.00000     0.00000     0.00000     0.00000     0.00000     0.00000     0.00000     0.00000
    14.85222     0.00000     0.00000     0.00000     0.00000     0.00000     0.00000     0.00000     0.00000     0.00000     0.00000
    14.97622     0.00000     0.00000     0.00000     0.00000     0.00000     0.00000     0.00000     0.00000     0.00000     0.00000
    15.10022     0.00000     0.00000     0.00000     0.00000     0.00000     0.00000     0.00000     0.00000     0.00000     0.00000
    15.22422     0.00000     0.00000     0.00000     0.00000     0.00000     0.00000     0.00000     0.00000     0.00000     0.00000
    15.34822     0.00000     0.00000     0.00000     0.00000     0.00000     0.00000     0.00000     0.00000     0.00000     0.00000
    15.47222     0.00000     0.00000     0.00000     0.00000     0.00000     0.00000     0.00000     0.00000     0.00000     0.00000
    15.59622     0.00000     0.00000     0.00000     0.00000     0.00000     0.00000     0.00000     0.00000     0.00000     0.00000
    15.72022     0.00000     0.00000     0.00000     0.00000     0.00000     0.00000     0.00000     0.00000     0.00000     0.00000
    15.84522     0.00000     0.00000     0.00000     0.00000     0.00000     0.00000     0.00000     0.00000     0.00000     0.00000
