     #Energy           s          py          pz          px         dxy         dyz         dz2         dxz         dx2       tot  
   -19.97272     0.00000     0.00000     0.00000     0.00000     0.00000     0.00000     0.00000     0.00000     0.00000     0.00000
   -19.89372     0.00000     0.00000     0.00000     0.00000     0.00000     0.00000     0.00000     0.00000     0.00000     0.00000
   -19.81372     0.00000     0.00000     0.00000     0.00000     0.00000     0.00000     0.00000     0.00000     0.00000     0.00000
   -19.73372     0.00000     0.00000     0.00000     0.00000     0.00000     0.00000     0.00000     0.00000     0.00000     0.00000
   -19.65472     0.00000     0.00000     0.00000     0.00000     0.00000     0.00000     0.00000     0.00000     0.00000     0.00000
   -19.57472     0.00000     0.00000     0.00000     0.00000     0.00000     0.00000     0.00000     0.00000     0.00000     0.00000
   -19.49472     0.00000     0.00000     0.00000     0.00000     0.00000     0.00000     0.00000     0.00000     0.00000     0.00000
   -19.41572     0.00000     0.00000     0.00000     0.00000     0.00000     0.00000     0.00000     0.00000     0.00000     0.00000
   -19.33572     0.00000     0.00000     0.00000     0.00000     0.00000     0.00000     0.00000     0.00000     0.00000     0.00000
   -19.25572     0.00000     0.00000     0.00000     0.00000     0.00000     0.00000     0.00000     0.00000     0.00000     0.00000
   -19.17672     0.00000     0.00000     0.00000     0.00000     0.00000     0.00000     0.00000     0.00000     0.00000     0.00000
   -19.09672     0.00000     0.00000     0.00000     0.00000     0.00000     0.00000     0.00000     0.00000     0.00000     0.00000
   -19.01672     0.00000     0.00000     0.00000     0.00000     0.00000     0.00000     0.00000     0.00000     0.00000     0.00000
   -18.93772     0.00000     0.00000     0.00000     0.00000     0.00000     0.00000     0.00000     0.00000     0.00000     0.00000
   -18.85772     2.60939     0.00312     0.00000     0.00312     0.00000     0.00000     0.00000     0.00000     0.00000     2.61563
   -18.77872     2.99240     0.01203     0.00000     0.01204     0.00000     0.00000     0.00000     0.00000     0.00000     3.01647
   -18.69872     3.35310     0.02004     0.00000     0.02042     0.00000     0.00000     0.00000     0.00000     0.00000     3.39356
   -18.61872     3.99227     0.03595     0.00000     0.03860     0.00000     0.00000     0.00000     0.00000     0.00000     4.06683
   -18.53972     2.43823     0.02406     0.00000     0.02639     0.00000     0.00000     0.00000     0.00000     0.00000     2.48869
   -18.45972     2.80605     0.04306     0.00000     0.04244     0.00000     0.00000     0.00000     0.00000     0.00000     2.89155
   -18.37972     4.34010     0.07452     0.00000     0.07472     0.00000     0.00000     0.00000     0.00000     0.00000     4.48934
   -18.30072     2.06644     0.03964     0.00000     0.04180     0.00000     0.00000     0.00000     0.00000     0.00000     2.14789
   -18.22072     1.77618     0.03757     0.00000     0.04017     0.00000     0.00000     0.00000     0.00000     0.00000     1.85392
   -18.14072     4.20110     0.10763     0.00000     0.10676     0.00000     0.00000     0.00000     0.00000     0.00000     4.41549
   -18.06172     3.30467     0.09463     0.00000     0.09475     0.00000     0.00000     0.00000     0.00000     0.00000     3.49405
   -17.98172     3.61649     0.11100     0.00000     0.11083     0.00000     0.00000     0.00000     0.00000     0.00000     3.83832
   -17.90272     2.66964     0.09080     0.00000     0.09023     0.00000     0.00000     0.00000     0.00000     0.00000     2.85068
   -17.82272     2.78918     0.09806     0.00000     0.09769     0.00000     0.00000     0.00000     0.00000     0.00000     2.98492
   -17.74272     2.72978     0.10702     0.00000     0.10743     0.00000     0.00000     0.00000     0.00000     0.00000     2.94423
   -17.66372     5.21300     0.23087     0.00000     0.22809     0.00000     0.00000     0.00000     0.00000     0.00000     5.67196
   -17.58372     3.95780     0.17919     0.00000     0.17730     0.00000     0.00000     0.00000     0.00000     0.00000     4.31430
   -17.50372     2.70542     0.12516     0.00000     0.12553     0.00000     0.00000     0.00000     0.00000     0.00000     2.95610
   -17.42472     1.80257     0.08612     0.00000     0.08921     0.00000     0.00000     0.00000     0.00000     0.00000     1.97789
   -17.34472     1.96395     0.10005     0.00000     0.10368     0.00000     0.00000     0.00000     0.00000     0.00000     2.16768
   -17.26472     3.47738     0.19267     0.00000     0.19691     0.00000     0.00000     0.00000     0.00000     0.00000     3.86696
   -17.18572     2.97275     0.18026     0.00000     0.18167     0.00000     0.00000     0.00000     0.00000     0.00000     3.33468
   -17.10572     4.83332     0.29775     0.00000     0.30084     0.00000     0.00000     0.00000     0.00000     0.00000     5.43191
   -17.02572     2.23542     0.14741     0.00000     0.15486     0.00000     0.00000     0.00000     0.00000     0.00000     2.53769
   -16.94672     2.45249     0.16332     0.00000     0.17426     0.00000     0.00000     0.00000     0.00000     0.00000     2.79008
   -16.86672     2.66917     0.17936     0.00000     0.19414     0.00000     0.00000     0.00000     0.00000     0.00000     3.04267
   -16.78772     3.11582     0.22019     0.00000     0.23495     0.00000     0.00000     0.00000     0.00000     0.00000     3.57096
   -16.70772     7.07960     0.54902     0.00000     0.54422     0.00000     0.00000     0.00000     0.00000     0.00000     8.17284
   -16.62772     3.55205     0.28512     0.00000     0.28173     0.00000     0.00000     0.00000     0.00000     0.00000     4.11890
   -16.54872     2.45485     0.19975     0.00000     0.19878     0.00000     0.00000     0.00000     0.00000     0.00000     2.85339
   -16.46872     1.35948     0.11521     0.00000     0.11217     0.00000     0.00000     0.00000     0.00000     0.00000     1.58686
   -16.38872     0.81253     0.07559     0.00000     0.06930     0.00000     0.00000     0.00000     0.00000     0.00000     0.95743
   -16.30972     0.97495     0.09286     0.00000     0.08807     0.00000     0.00000     0.00000     0.00000     0.00000     1.15588
   -16.22972     1.13698     0.10988     0.00000     0.10752     0.00000     0.00000     0.00000     0.00000     0.00000     1.35438
   -16.14972     1.29877     0.12665     0.00000     0.12767     0.00000     0.00000     0.00000     0.00000     0.00000     1.55309
   -16.07072     8.06840     0.86929     0.00000     0.78844     0.00000     0.00000     0.00000     0.00000     0.00000     9.72613
   -15.99072     5.46230     0.58755     0.00000     0.55208     0.00000     0.00000     0.00000     0.00000     0.00000     6.60193
   -15.91072     2.58047     0.27583     0.00000     0.28633     0.00000     0.00000     0.00000     0.00000     0.00000     3.14262
   -15.83172     1.51959     0.16493     0.00000     0.17636     0.00000     0.00000     0.00000     0.00000     0.00000     1.86089
   -15.75172     1.56671     0.17271     0.00000     0.18488     0.00000     0.00000     0.00000     0.00000     0.00000     1.92430
   -15.67272     1.61379     0.18068     0.00000     0.19335     0.00000     0.00000     0.00000     0.00000     0.00000     1.98782
   -15.59272     4.28580     0.50112     0.00000     0.51335     0.00000     0.00000     0.00000     0.00000     0.00000     5.30027
   -15.51272     3.14102     0.37364     0.00000     0.38476     0.00000     0.00000     0.00000     0.00000     0.00000     3.89942
   -15.43372     3.09372     0.37341     0.00000     0.38335     0.00000     0.00000     0.00000     0.00000     0.00000     3.85048
   -15.35372     3.62340     0.46653     0.00000     0.45635     0.00000     0.00000     0.00000     0.00000     0.00000     4.54628
   -15.27372     2.08923     0.28267     0.00000     0.26716     0.00000     0.00000     0.00000     0.00000     0.00000     2.63906
   -15.19472     1.18964     0.17175     0.00000     0.15611     0.00000     0.00000     0.00000     0.00000     0.00000     1.51750
   -15.11472     1.06755     0.15581     0.00000     0.14092     0.00000     0.00000     0.00000     0.00000     0.00000     1.36428
   -15.03472     3.71810     0.52143     0.00000     0.50791     0.00000     0.00000     0.00000     0.00000     0.00000     4.74744
   -14.95572     2.61978     0.37636     0.00000     0.36418     0.00000     0.00000     0.00000     0.00000     0.00000     3.36032
   -14.87572     2.59546     0.37702     0.00000     0.36661     0.00000     0.00000     0.00000     0.00000     0.00000     3.33909
   -14.79672     2.57101     0.37755     0.00000     0.36924     0.00000     0.00000     0.00000     0.00000     0.00000     3.31780
   -14.71672     4.14920     0.61323     0.00000     0.61446     0.00000     0.00000     0.00000     0.00000     0.00000     5.37689
   -14.63672    13.11250     1.87490     0.00002     2.17627     0.00000     0.00000     0.00000     0.00000     0.00000    17.16369
   -14.55772     3.13852     0.47649     0.00000     0.46902     0.00000     0.00000     0.00000     0.00000     0.00000     4.08403
   -14.47772     2.31388     0.35288     0.00001     0.33271     0.00000     0.00000     0.00000     0.00000     0.00000     2.99948
   -14.39772     2.79598     0.41521     0.00003     0.39044     0.00000     0.00000     0.00000     0.00000     0.00000     3.60166
   -14.31872     0.10739     0.01705     0.00001     0.01111     0.00000     0.00000     0.00000     0.00000     0.00000     0.13556
   -14.23872     2.79879     0.49295     0.00002     0.35171     0.00000     0.00000     0.00000     0.00000     0.00000     3.64348
   -14.15872     2.34276     0.34378     0.00002     0.35143     0.00000     0.00000     0.00000     0.00000     0.00000     3.03798
   -14.07972     2.92261     0.42927     0.00002     0.43010     0.00000     0.00000     0.00000     0.00000     0.00000     3.78200
   -13.99972     3.13296     0.46770     0.00003     0.44103     0.00000     0.00000     0.00000     0.00000     0.00000     4.04172
   -13.91972     4.51390     0.60394     0.00001     0.61444     0.00000     0.00000     0.00000     0.00000     0.00000     5.73229
   -13.84072    11.43870     1.91399     0.00004     1.93468     0.00000     0.00000     0.00000     0.00000     0.00000    15.28741
   -13.76072     4.79730     0.84445     0.00003     0.87973     0.00000     0.00000     0.00000     0.00000     0.00000     6.52151
   -13.68172     6.33670     0.94576     0.00009     1.01670     0.00000     0.00000     0.00000     0.00000     0.00000     8.29925
   -13.60172     3.12353     0.39786     0.00010     0.39875     0.00000     0.00000     0.00000     0.00000     0.00000     3.92024
   -13.52172     0.94465     0.10823     0.00008     0.10869     0.00000     0.00000     0.00000     0.00000     0.00000     1.16165
   -13.44272     0.00040     0.00004     0.00004     0.00004     0.00000     0.00000     0.00000     0.00000     0.00000     0.00053
   -13.36272     0.00111     0.00014     0.00010     0.00014     0.00000     0.00000     0.00000     0.00000     0.00000     0.00150
   -13.28272     0.43402     0.06441     0.00009     0.06438     0.00000     0.00000     0.00000     0.00000     0.00000     0.56290
   -13.20372     1.61802     0.24017     0.00007     0.24004     0.00000     0.00000     0.00000     0.00000     0.00000     2.09830
   -13.12372     1.55166     0.25015     0.00005     0.24726     0.00000     0.00000     0.00000     0.00000     0.00000     2.04911
   -13.04372     4.54260     0.90395     0.00007     0.90432     0.00000     0.00000     0.00000     0.00000     0.00000     6.35094
   -12.96472     2.71099     0.54381     0.00007     0.54101     0.00000     0.00000     0.00000     0.00000     0.00000     3.79588
   -12.88472     0.00434     0.00077     0.00005     0.00080     0.00000     0.00000     0.00000     0.00000     0.00000     0.00596
   -12.80472     0.00253     0.00048     0.00010     0.00048     0.00000     0.00000     0.00000     0.00000     0.00000     0.00359
   -12.72572     0.00121     0.00020     0.00007     0.00021     0.00000     0.00000     0.00000     0.00000     0.00000     0.00169
   -12.64572     0.62948     0.13206     0.00005     0.13215     0.00000     0.00000     0.00000     0.00000     0.00000     0.89375
   -12.56672     1.51050     0.61715     0.00001     0.69180     0.00000     0.00000     0.00000     0.00000     0.00000     2.81946
   -12.48672     1.54286     0.60789     0.00000     0.61519     0.00000     0.00000     0.00000     0.00000     0.00000     2.76594
   -12.40672    41.48300     9.58300     0.00001     9.69600     0.00000     0.00000     0.00000     0.00000     0.00000    60.76201
   -12.32772     0.98912     0.56220     0.00000     0.60787     0.00000     0.00000     0.00000     0.00000     0.00000     2.15919
   -12.24772     1.15587     0.66026     0.00000     0.69842     0.00000     0.00000     0.00000     0.00000     0.00000     2.51455
   -12.16772     1.32608     0.75883     0.00000     0.78975     0.00000     0.00000     0.00000     0.00000     0.00000     2.87466
   -12.08872     2.59416     1.44165     0.00000     1.48024     0.00000     0.00000     0.00000     0.00000     0.00000     5.51605
   -12.00872     2.04481     1.10696     0.00000     1.13004     0.00000     0.00000     0.00000     0.00000     0.00000     4.28181
   -11.92872     2.62262     1.41166     0.00000     1.39502     0.00000     0.00000     0.00000     0.00000     0.00000     5.42930
   -11.84972     4.30030     2.04412     0.00000     1.98751     0.00000     0.00000     0.00000     0.00000     0.00000     8.33193
   -11.76972     3.98260     1.82681     0.00000     1.71617     0.00000     0.00000     0.00000     0.00000     0.00000     7.52558
   -11.69072     3.26974     1.50776     0.00000     1.39644     0.00000     0.00000     0.00000     0.00000     0.00000     6.17394
   -11.61072     2.39620     1.08350     0.00000     1.00692     0.00000     0.00000     0.00000     0.00000     0.00000     4.48662
   -11.53072     1.52145     0.65746     0.00000     0.61794     0.00000     0.00000     0.00000     0.00000     0.00000     2.79685
   -11.45172     0.64971     0.23176     0.00000     0.23178     0.00000     0.00000     0.00000     0.00000     0.00000     1.11326
   -11.37172     0.48947     0.18127     0.00000     0.18223     0.00000     0.00000     0.00000     0.00000     0.00000     0.85298
   -11.29172     1.06363     0.48713     0.00000     0.50388     0.00000     0.00000     0.00000     0.00000     0.00000     2.05464
   -11.21272     1.84073     0.89663     0.00000     0.93082     0.00000     0.00000     0.00000     0.00000     0.00000     3.66818
   -11.13272     2.62125     1.30720     0.00000     1.35673     0.00000     0.00000     0.00000     0.00000     0.00000     5.28518
   -11.05272     3.19066     1.62994     0.00000     1.67294     0.00000     0.00000     0.00000     0.00000     0.00000     6.49354
   -10.97372     2.75387     1.39985     0.00000     1.43455     0.00000     0.00000     0.00000     0.00000     0.00000     5.58827
   -10.89372     2.31424     1.17019     0.00000     1.19661     0.00000     0.00000     0.00000     0.00000     0.00000     4.68104
   -10.81372     1.64129     0.85867     0.00000     0.87420     0.00000     0.00000     0.00000     0.00000     0.00000     3.37416
   -10.73472     1.62799     0.87709     0.00000     0.88999     0.00000     0.00000     0.00000     0.00000     0.00000     3.39507
   -10.65472     1.67029     0.92651     0.00000     0.93502     0.00000     0.00000     0.00000     0.00000     0.00000     3.53182
   -10.57572     1.05099     0.56765     0.00000     0.56950     0.00000     0.00000     0.00000     0.00000     0.00000     2.18814
   -10.49572     1.07853     0.59753     0.00000     0.59147     0.00000     0.00000     0.00000     0.00000     0.00000     2.26753
   -10.41572     2.17308     1.21693     0.00000     1.14090     0.00000     0.00000     0.00000     0.00000     0.00000     4.53091
   -10.33672     1.81799     1.02535     0.00000     0.96571     0.00000     0.00000     0.00000     0.00000     0.00000     3.80905
   -10.25672     1.46228     0.83461     0.00000     0.78915     0.00000     0.00000     0.00000     0.00000     0.00000     3.08604
   -10.17672     1.10604     0.64479     0.00000     0.61116     0.00000     0.00000     0.00000     0.00000     0.00000     2.36199
   -10.09772     2.51005     1.62605     0.00000     1.60736     0.00000     0.00000     0.00000     0.00000     0.00000     5.74346
   -10.01772     0.96167     0.63590     0.00000     0.63424     0.00000     0.00000     0.00000     0.00000     0.00000     2.23181
    -9.93772     0.67039     0.44229     0.00000     0.45168     0.00000     0.00000     0.00000     0.00000     0.00000     1.56436
    -9.85872     0.80588     0.52317     0.00000     0.53668     0.00000     0.00000     0.00000     0.00000     0.00000     1.86573
    -9.77872     1.00958     1.55196     0.00000     1.57058     0.00000     0.00000     0.00000     0.00000     0.00000     4.13212
    -9.69972     1.13234     1.27653     0.00000     1.30274     0.00000     0.00000     0.00000     0.00000     0.00000     3.71161
    -9.61972     1.27538     1.31400     0.00000     1.34864     0.00000     0.00000     0.00000     0.00000     0.00000     3.93802
    -9.53972     1.26190     1.35955     0.00000     1.38691     0.00000     0.00000     0.00000     0.00000     0.00000     4.00836
    -9.46072     2.61762     2.59407     0.00000     2.56926     0.00000     0.00000     0.00000     0.00000     0.00000     7.78095
    -9.38072     1.05623     1.56618     0.00000     1.56673     0.00000     0.00000     0.00000     0.00000     0.00000     4.18914
    -9.30072     1.07425     1.51922     0.00000     1.54871     0.00000     0.00000     0.00000     0.00000     0.00000     4.14218
    -9.22172     1.09068     1.47731     0.00000     1.52716     0.00000     0.00000     0.00000     0.00000     0.00000     4.09515
    -9.14172     1.10551     1.44048     0.00000     1.50192     0.00000     0.00000     0.00000     0.00000     0.00000     4.04791
    -9.06172     0.96263     1.08074     0.00000     1.10902     0.00000     0.00000     0.00000     0.00000     0.00000     3.15239
    -8.98272     1.06192     1.33800     0.00000     1.36939     0.00000     0.00000     0.00000     0.00000     0.00000     3.76931
    -8.90272     7.54400    15.73510     0.00002    15.63620     0.00000     0.00000     0.00000     0.00000     0.00000    38.91532
    -8.82272     0.62394     0.99375     0.00000     1.00288     0.00000     0.00000     0.00000     0.00000     0.00000     2.62057
    -8.74372     0.43978     0.76038     0.00000     0.77435     0.00000     0.00000     0.00000     0.00000     0.00000     1.97451
    -8.66372     0.59705     0.84270     0.00000     0.84776     0.00000     0.00000     0.00000     0.00000     0.00000     2.28751
    -8.58472     0.75354     0.92565     0.00000     0.92156     0.00000     0.00000     0.00000     0.00000     0.00000     2.60075
    -8.50472     0.90921     1.00925     0.00000     0.99583     0.00000     0.00000     0.00000     0.00000     0.00000     2.91429
    -8.42472     0.99947     1.09257     0.00000     1.07514     0.00000     0.00000     0.00000     0.00000     0.00000     3.16718
    -8.34572     1.23136     1.68957     0.00000     1.65124     0.00000     0.00000     0.00000     0.00000     0.00000     4.57217
    -8.26572     1.43523     2.08859     0.00000     2.03326     0.00000     0.00000     0.00000     0.00000     0.00000     5.55708
    -8.18572     2.20542     4.00020     0.00001     3.98220     0.00000     0.00000     0.00000     0.00000     0.00000    10.18783
    -8.10672     1.81074     3.68310     0.00000     3.66210     0.00000     0.00000     0.00000     0.00000     0.00000     9.15594
    -8.02672     1.46210     3.34662     0.00000     3.32394     0.00000     0.00000     0.00000     0.00000     0.00000     8.13266
    -7.94672     0.80258     1.03212     0.00000     1.02330     0.00000     0.00000     0.00000     0.00000     0.00000     2.85800
    -7.86772     0.70142     0.90971     0.00000     0.90023     0.00000     0.00000     0.00000     0.00000     0.00000     2.51136
    -7.78772     0.60078     0.78671     0.00000     0.77669     0.00000     0.00000     0.00000     0.00000     0.00000     2.16418
    -7.70772     0.50066     0.66307     0.00000     0.65280     0.00000     0.00000     0.00000     0.00000     0.00000     1.81653
    -7.62872     0.61889     0.67230     0.00000     0.66309     0.00000     0.00000     0.00000     0.00000     0.00000     1.95428
    -7.54872     0.75271     1.65592     0.09512     1.74612     0.00000     0.00000     0.00000     0.00000     0.00000     4.24987
    -7.46972     0.78027     1.74834     0.10957     1.84101     0.00000     0.00000     0.00000     0.00000     0.00000     4.47919
    -7.38972     1.14243     3.54170     0.12212     3.65240     0.00000     0.00000     0.00000     0.00000     0.00000     8.45865
    -7.30972     1.49550     5.44670     0.13279     5.55490     0.00000     0.00000     0.00000     0.00000     0.00000    12.62989
    -7.23072     1.07524     3.68600     0.14156     3.76160     0.00000     0.00000     0.00000     0.00000     0.00000     8.66440
    -7.15072     0.75624     2.53587     0.14845     2.60125     0.00000     0.00000     0.00000     0.00000     0.00000     6.04181
    -7.07072     0.44753     1.38379     0.15345     1.43584     0.00000     0.00000     0.00000     0.00000     0.00000     3.42061
    -6.99172     0.25417     0.57300     0.18195     0.62190     0.00000     0.00000     0.00000     0.00000     0.00000     1.63102
    -6.91172     0.81724     2.23023     2.49918     2.04326     0.00000     0.00000     0.00000     0.00000     0.00000     7.58991
    -6.83172     0.85015     1.93559     1.04633     1.89747     0.00000     0.00000     0.00000     0.00000     0.00000     5.72954
    -6.75272     1.49983     2.97219     3.57800     3.04565     0.00000     0.00000     0.00000     0.00000     0.00000    11.09567
    -6.67272     0.80864     2.33097     1.66193     2.52601     0.00000     0.00000     0.00000     0.00000     0.00000     7.32755
    -6.59372     1.17916     6.06920     2.97901     5.93060     0.00000     0.00000     0.00000     0.00000     0.00000    16.15797
    -6.51372     0.98414     4.91760     1.39434     4.70570     0.00000     0.00000     0.00000     0.00000     0.00000    12.00178
    -6.43372     0.83773     3.19773     0.34908     3.03162     0.00000     0.00000     0.00000     0.00000     0.00000     7.41616
    -6.35472     0.73964     2.11220     1.50253     2.13312     0.00000     0.00000     0.00000     0.00000     0.00000     6.48749
    -6.27472     0.03538     0.26942     1.82707     0.39452     0.00000     0.00000     0.00000     0.00000     0.00000     2.52639
    -6.19472     0.04060     0.38227     4.39490     0.57536     0.00000     0.00000     0.00000     0.00000     0.00000     5.39313
    -6.11572     0.64632     8.01610     6.19880    10.38440     0.00000     0.00000     0.00000     0.00000     0.00000    25.24562
    -6.03572     0.67476     6.31560     0.17857     6.08840     0.00000     0.00000     0.00000     0.00000     0.00000    13.25733
    -5.95572     1.12593     6.54390     4.49020     7.16620     0.00000     0.00000     0.00000     0.00000     0.00000    19.32623
    -5.87672     1.17807     8.63750     2.69160     7.67030     0.00000     0.00000     0.00000     0.00000     0.00000    20.17747
    -5.79672     0.08161     1.09197     2.68465     1.03573     0.00000     0.00000     0.00000     0.00000     0.00000     4.89396
    -5.71672     0.30855     6.96080     0.01540     7.10460     0.00000     0.00000     0.00000     0.00000     0.00000    14.38935
    -5.63772     0.42027     4.94080     1.22946     4.74580     0.00000     0.00000     0.00000     0.00000     0.00000    11.33633
    -5.55772     0.16004     3.37020     2.90307     3.37440     0.00000     0.00000     0.00000     0.00000     0.00000     9.80771
    -5.47872     0.05725     2.11496     1.09907     2.00092     0.00000     0.00000     0.00000     0.00000     0.00000     5.27220
    -5.39872     0.37956    12.41450     0.60687    12.56870     0.00000     0.00000     0.00000     0.00000     0.00000    25.96964
    -5.31872     0.01328     1.11748     0.15048     1.03055     0.00000     0.00000     0.00000     0.00000     0.00000     2.31179
    -5.23972     0.25769     5.21540     3.91000     5.33900     0.00000     0.00000     0.00000     0.00000     0.00000    14.72209
    -5.15972     0.09903     2.28575     1.02161     2.26804     0.00000     0.00000     0.00000     0.00000     0.00000     5.67443
    -5.07972     0.53477     4.08690     5.34000     4.12610     0.00000     0.00000     0.00000     0.00000     0.00000    14.08777
    -5.00072     1.12594     5.35950     3.88700     5.34940     0.00000     0.00000     0.00000     0.00000     0.00000    15.72184
    -4.92072     0.46197     3.48573     0.88688     3.59350     0.00000     0.00000     0.00000     0.00000     0.00000     8.42808
    -4.84072     0.23812     1.58849     0.76624     1.68892     0.00000     0.00000     0.00000     0.00000     0.00000     4.28177
    -4.76172     0.11537     1.36015     0.68940     1.43832     0.00000     0.00000     0.00000     0.00000     0.00000     3.60324
    -4.68172     0.12965     1.87134     0.72774     2.02620     0.00000     0.00000     0.00000     0.00000     0.00000     4.75493
    -4.60172     0.12169     2.92509     3.70838     2.10038     0.00000     0.00000     0.00000     0.00000     0.00000     8.85554
    -4.52272     0.96303     3.23691     5.46920     3.35800     0.00000     0.00000     0.00000     0.00000     0.00000    13.02714
    -4.44272     0.05325     3.42880     5.65410     3.54940     0.00000     0.00000     0.00000     0.00000     0.00000    12.68555
    -4.36372     0.01631     1.08893     1.62783     1.01911     0.00000     0.00000     0.00000     0.00000     0.00000     3.75218
    -4.28372     0.00089     0.05051     0.63916     0.05059     0.00000     0.00000     0.00000     0.00000     0.00000     0.74115
    -4.20372     0.00131     0.19818     1.89899     0.19858     0.00000     0.00000     0.00000     0.00000     0.00000     2.29705
    -4.12472     0.74220     4.10530     3.41620     4.13590     0.00000     0.00000     0.00000     0.00000     0.00000    12.39960
    -4.04472     0.17065     2.01779     0.84304     2.02590     0.00000     0.00000     0.00000     0.00000     0.00000     5.05738
    -3.96472     0.04290     3.70150     1.52760     3.68320     0.00000     0.00000     0.00000     0.00000     0.00000     8.95520
    -3.88572     0.00888     1.36638     2.17876     1.36602     0.00000     0.00000     0.00000     0.00000     0.00000     4.92004
    -3.80572     0.00915     1.03091     4.38370     1.02309     0.00000     0.00000     0.00000     0.00000     0.00000     6.44685
    -3.72572     0.00894     0.77918     4.27010     0.78709     0.00000     0.00000     0.00000     0.00000     0.00000     5.84531
    -3.64672     0.01611     1.04917     1.95446     1.13782     0.00000     0.00000     0.00000     0.00000     0.00000     4.15756
    -3.56672     0.02516     1.98341     0.95367     2.20966     0.00000     0.00000     0.00000     0.00000     0.00000     5.17190
    -3.48772     0.39468     3.15917     0.58563     2.52404     0.00000     0.00000     0.00000     0.00000     0.00000     6.66352
    -3.40772     0.11250     5.63120     0.49191     5.63040     0.00000     0.00000     0.00000     0.00000     0.00000    11.86601
    -3.32772     0.09568     0.90275     4.99570     0.91213     0.00000     0.00000     0.00000     0.00000     0.00000     6.90626
    -3.24872     0.05059     0.47917     2.85487     0.48172     0.00000     0.00000     0.00000     0.00000     0.00000     3.86635
    -3.16872     0.04025     0.68066     1.91860     0.68044     0.00000     0.00000     0.00000     0.00000     0.00000     3.31995
    -3.08872     0.00398     0.86487     2.33787     0.86496     0.00000     0.00000     0.00000     0.00000     0.00000     4.07168
    -3.00972     0.01308     2.55609     2.97773     2.53044     0.00000     0.00000     0.00000     0.00000     0.00000     8.07734
    -2.92972     0.02634     1.88680     3.28611     1.88645     0.00000     0.00000     0.00000     0.00000     0.00000     7.08570
    -2.84972     0.03983     2.10418     1.42355     2.11954     0.00000     0.00000     0.00000     0.00000     0.00000     5.68710
    -2.77072     0.01419     1.03894     4.19050     1.02937     0.00000     0.00000     0.00000     0.00000     0.00000     6.27300
    -2.69072     0.00545     0.92072     1.40341     0.89404     0.00000     0.00000     0.00000     0.00000     0.00000     3.22362
    -2.61072     0.00033     0.03560     1.23191     0.09664     0.00000     0.00000     0.00000     0.00000     0.00000     1.36448
    -2.53172     0.00067     0.59896     4.96490     0.22067     0.00000     0.00000     0.00000     0.00000     0.00000     5.78519
    -2.45172     0.00061     0.00006     2.30020     0.00006     0.00000     0.00000     0.00000     0.00000     0.00000     2.30092
    -2.37272     0.00103     0.00022     1.46885     0.00022     0.00000     0.00000     0.00000     0.00000     0.00000     1.47032
    -2.29272     0.00109     0.00029     4.65150     0.00029     0.00000     0.00000     0.00000     0.00000     0.00000     4.65317
    -2.21272     0.00091     0.00023     9.72420     0.00023     0.00000     0.00000     0.00000     0.00000     0.00000     9.72556
    -2.13372     0.00048     0.00009     1.99835     0.00009     0.00000     0.00000     0.00000     0.00000     0.00000     1.99900
    -2.05372     0.00042     0.00008     4.23930     0.00008     0.00000     0.00000     0.00000     0.00000     0.00000     4.23987
    -1.97372     0.00104     0.00019     5.03850     0.00019     0.00000     0.00000     0.00000     0.00000     0.00000     5.03992
    -1.89472     0.00054     0.00010     2.74347     0.00010     0.00000     0.00000     0.00000     0.00000     0.00000     2.74420
    -1.81472     0.00092     0.00014     4.42250     0.00014     0.00000     0.00000     0.00000     0.00000     0.00000     4.42369
    -1.73472     0.00042     0.00005     1.51565     0.00005     0.00000     0.00000     0.00000     0.00000     0.00000     1.51618
    -1.65572     0.00073     0.00008     0.90289     0.00008     0.00000     0.00000     0.00000     0.00000     0.00000     0.90379
    -1.57572     0.00109     0.00008     3.02890     0.00008     0.00000     0.00000     0.00000     0.00000     0.00000     3.03016
    -1.49572     0.00144     0.00007     2.98521     0.00007     0.00000     0.00000     0.00000     0.00000     0.00000     2.98679
    -1.41672     0.00219     0.00012     8.78900     0.00012     0.00000     0.00000     0.00000     0.00000     0.00000     8.79142
    -1.33672     0.00130     0.00009     3.20606     0.00009     0.00000     0.00000     0.00000     0.00000     0.00000     3.20754
    -1.25772     0.00078     0.00007     0.46281     0.00007     0.00000     0.00000     0.00000     0.00000     0.00000     0.46374
    -1.17772     0.00063     0.00007     0.68957     0.00007     0.00000     0.00000     0.00000     0.00000     0.00000     0.69035
    -1.09772     0.00043     0.00005     1.42231     0.00005     0.00000     0.00000     0.00000     0.00000     0.00000     1.42284
    -1.01872     0.00039     0.00004     0.70289     0.00004     0.00000     0.00000     0.00000     0.00000     0.00000     0.70336
    -0.93872     0.00159     0.00008     0.16013     0.00008     0.00000     0.00000     0.00000     0.00000     0.00000     0.16189
    -0.85872     0.00070     0.00004     0.02651     0.00004     0.00000     0.00000     0.00000     0.00000     0.00000     0.02729
    -0.77972     0.00324     0.00007     0.81424     0.00007     0.00000     0.00000     0.00000     0.00000     0.00000     0.81762
    -0.69972     0.00005     0.00002     2.94125     0.00002     0.00000     0.00000     0.00000     0.00000     0.00000     2.94133
    -0.61972     0.00004     0.00001     3.08689     0.00002     0.00000     0.00000     0.00000     0.00000     0.00000     3.08696
    -0.54072     0.00002     0.00001     1.47653     0.00001     0.00000     0.00000     0.00000     0.00000     0.00000     1.47657
    -0.46072     0.00000     0.00000     0.88666     0.00000     0.00000     0.00000     0.00000     0.00000     0.00000     0.88666
    -0.38172     0.00000     0.00000     0.80871     0.00000     0.00000     0.00000     0.00000     0.00000     0.00000     0.80871
    -0.30172     0.00000     0.00000     0.73072     0.00000     0.00000     0.00000     0.00000     0.00000     0.00000     0.73072
    -0.22172     0.00000     0.00000     0.65256     0.00000     0.00000     0.00000     0.00000     0.00000     0.00000     0.65256
    -0.14272     0.00000     0.00000     0.57431     0.00000     0.00000     0.00000     0.00000     0.00000     0.00000     0.57431
    -0.06272     0.00000     0.00000     0.49599     0.00000     0.00000     0.00000     0.00000     0.00000     0.00000     0.49599
     0.01728     0.00000     0.00000     0.52165     0.00000     0.00000     0.00000     0.00000     0.00000     0.00000     0.52165
     0.09628     0.00000     0.00000     0.00000     0.00000     0.00000     0.00000     0.00000     0.00000     0.00000     0.00000
     0.17628     0.00000     0.00000     0.00000     0.00000     0.00000     0.00000     0.00000     0.00000     0.00000     0.00000
     0.25628     0.00000     0.00000     0.00000     0.00000     0.00000     0.00000     0.00000     0.00000     0.00000     0.00000
     0.33528     0.00000     0.00000     0.00000     0.00000     0.00000     0.00000     0.00000     0.00000     0.00000     0.00000
     0.41528     0.00000     0.00000     0.00000     0.00000     0.00000     0.00000     0.00000     0.00000     0.00000     0.00000
     0.49528     0.00000     0.00000     0.00000     0.00000     0.00000     0.00000     0.00000     0.00000     0.00000     0.00000
     0.57428     0.00000     0.00000     0.00000     0.00000     0.00000     0.00000     0.00000     0.00000     0.00000     0.00000
     0.65428     0.00000     0.00000     0.00000     0.00000     0.00000     0.00000     0.00000     0.00000     0.00000     0.00000
     0.73328     0.00000     0.00000     0.00000     0.00000     0.00000     0.00000     0.00000     0.00000     0.00000     0.00000
     0.81328     0.00000     0.00000     0.00000     0.00000     0.00000     0.00000     0.00000     0.00000     0.00000     0.00000
     0.89328     0.00009     0.00001     1.14421     0.00001     0.00000     0.00000     0.00000     0.00000     0.00000     1.14433
     0.97228     0.00022     0.00003     0.71923     0.00003     0.00000     0.00000     0.00000     0.00000     0.00000     0.71950
     1.05228     0.00038     0.00005     0.74928     0.00005     0.00000     0.00000     0.00000     0.00000     0.00000     0.74975
     1.13228     0.00228     0.00025     0.71624     0.00025     0.00000     0.00000     0.00000     0.00000     0.00000     0.71903
     1.21128     0.00191     0.00022     0.01019     0.00022     0.00000     0.00000     0.00000     0.00000     0.00000     0.01254
     1.29128     0.00803     0.00081     0.04247     0.00082     0.00000     0.00000     0.00000     0.00000     0.00000     0.05213
     1.37128     0.00663     0.00071     0.09860     0.00069     0.00000     0.00000     0.00000     0.00000     0.00000     0.10664
     1.45028     0.00078     0.00004     3.11036     0.00004     0.00000     0.00000     0.00000     0.00000     0.00000     3.11122
     1.53028     0.00308     0.00020     5.20280     0.00020     0.00000     0.00000     0.00000     0.00000     0.00000     5.20629
     1.60928     0.00155     0.00023     0.65484     0.00023     0.00000     0.00000     0.00000     0.00000     0.00000     0.65685
     1.68928     0.00225     0.00028     0.03261     0.00028     0.00000     0.00000     0.00000     0.00000     0.00000     0.03541
     1.76928     0.00774     0.00046     2.82419     0.00046     0.00000     0.00000     0.00000     0.00000     0.00000     2.83284
     1.84828     0.00453     0.00036     0.04817     0.00036     0.00000     0.00000     0.00000     0.00000     0.00000     0.05341
     1.92828     0.00324     0.00034     1.13090     0.00034     0.00000     0.00000     0.00000     0.00000     0.00000     1.13482
     2.00828     0.00355     0.00047     2.47843     0.00047     0.00000     0.00000     0.00000     0.00000     0.00000     2.48292
     2.08728     0.00583     0.00075     6.49070     0.00075     0.00000     0.00000     0.00000     0.00000     0.00000     6.49804
     2.16728     0.00295     0.00053     8.13980     0.00054     0.00000     0.00000     0.00000     0.00000     0.00000     8.14382
     2.24728     0.00222     0.00039     5.65850     0.00039     0.00000     0.00000     0.00000     0.00000     0.00000     5.66150
     2.32628     0.00163     0.00030     3.22792     0.00031     0.00000     0.00000     0.00000     0.00000     0.00000     3.23015
     2.40628     0.00168     0.00034     2.92637     0.00034     0.00000     0.00000     0.00000     0.00000     0.00000     2.92873
     2.48628     0.00097     0.00024     1.64325     0.00026     0.00000     0.00000     0.00000     0.00000     0.00000     1.64471
     2.56528     0.00092     0.00023     0.96357     0.00023     0.00000     0.00000     0.00000     0.00000     0.00000     0.96494
     2.64528     0.00089     0.00023     0.94556     0.00024     0.00000     0.00000     0.00000     0.00000     0.00000     0.94692
     2.72428     0.00054     0.00015     0.35439     0.00018     0.00000     0.00000     0.00000     0.00000     0.00000     0.35526
     2.80428     0.00012     0.00004     0.05644     0.00003     0.00000     0.00000     0.00000     0.00000     0.00000     0.05662
     2.88428     0.00000     0.00000     0.00000     0.00000     0.00000     0.00000     0.00000     0.00000     0.00000     0.00000
     2.96328     0.00000     0.00000     0.00000     0.00000     0.00000     0.00000     0.00000     0.00000     0.00000     0.00000
     3.04328     0.00000     0.00000     0.00000     0.00000     0.00000     0.00000     0.00000     0.00000     0.00000     0.00000
     3.12328     0.00000     0.00000     0.00000     0.00000     0.00000     0.00000     0.00000     0.00000     0.00000     0.00000
     3.20228     0.00000     0.00000     0.00000     0.00000     0.00000     0.00000     0.00000     0.00000     0.00000     0.00000
     3.28228     0.00000     0.00000     0.00000     0.00000     0.00000     0.00000     0.00000     0.00000     0.00000     0.00000
     3.36228     0.00000     0.00000     0.00000     0.00000     0.00000     0.00000     0.00000     0.00000     0.00000     0.00000
     3.44128     0.00000     0.00000     0.00000     0.00000     0.00000     0.00000     0.00000     0.00000     0.00000     0.00000
     3.52128     0.00000     0.00000     0.00000     0.00000     0.00000     0.00000     0.00000     0.00000     0.00000     0.00000
     3.60128     0.00000     0.00000     0.00000     0.00000     0.00000     0.00000     0.00000     0.00000     0.00000     0.00000
     3.68028     0.00000     0.00000     0.00000     0.00000     0.00000     0.00000     0.00000     0.00000     0.00000     0.00000
     3.76028     0.00000     0.00000     0.00000     0.00000     0.00000     0.00000     0.00000     0.00000     0.00000     0.00000
     3.83928     0.00000     0.00000     0.00000     0.00000     0.00000     0.00000     0.00000     0.00000     0.00000     0.00000
     3.91928     0.00000     0.00000     0.00000     0.00000     0.00000     0.00000     0.00000     0.00000     0.00000     0.00000
