# distance  frequency (bands are separated by blank lines)
# End points of segments: 
#   0.00000000 0.14711000 0.23204410 0.40191210 
0.000000 -0.399931
0.002942 -0.401085
0.005884 -0.405139
0.008827 -0.413659
0.011769 -0.428905
0.014711 -0.453280
0.017653 -0.488721
0.020595 -0.536270
0.023538 -0.595996
0.026480 -0.667226
0.029422 -0.748864
0.032364 -0.839710
0.035306 -1.039453
0.038249 -1.271311
0.041191 -1.521164
0.044133 -1.775149
0.047075 -2.025246
0.050017 -2.268323
0.052960 -2.503730
0.055902 -2.731800
0.058844 -2.953157
0.061786 -3.168439
0.064728 -3.378204
0.067671 -3.582899
0.070613 -3.782857
0.073555 -3.978305
0.076497 -4.169369
0.079439 -4.356086
0.082382 -4.538407
0.085324 -4.716210
0.088266 -4.889304
0.091208 -5.057436
0.094150 -5.220302
0.097093 -5.377552
0.100035 -5.528805
0.102977 -5.673650
0.105919 -5.811663
0.108861 -5.942412
0.111804 -6.065467
0.114746 -6.180406
0.117688 -6.286823
0.120630 -6.384336
0.123572 -6.472586
0.126515 -6.551247
0.129457 -6.620026
0.132399 -6.678666
0.135341 -6.726946
0.138283 -6.764686
0.141226 -6.791745
0.144168 -6.808021
0.147110 -6.813453

0.147110 -6.813453
0.148809 -6.813187
0.150507 -6.812390
0.152206 -6.811064
0.153905 -6.809208
0.155604 -6.806828
0.157302 -6.803925
0.159001 -6.800503
0.160699 -6.796568
0.162398 -6.792125
0.164097 -6.787180
0.165796 -6.781739
0.167494 -6.775810
0.169193 -6.769401
0.170892 -6.762521
0.172590 -6.755180
0.174289 -6.747387
0.175988 -6.739154
0.177686 -6.730492
0.179385 -6.721415
0.181084 -6.711936
0.182782 -6.702071
0.184481 -6.691836
0.186180 -6.681248
0.187878 -6.670329
0.189577 -6.659099
0.191276 -6.647584
0.192974 -6.635809
0.194673 -6.623807
0.196372 -6.611610
0.198071 -6.599258
0.199769 -6.586792
0.201468 -6.574262
0.203166 -6.561721
0.204865 -6.549230
0.206564 -6.536855
0.208262 -6.524673
0.209961 -6.512763
0.211660 -6.501215
0.213359 -6.490122
0.215057 -6.479586
0.216756 -6.469710
0.218455 -6.460598
0.220153 -6.452352
0.221852 -6.445067
0.223551 -6.438827
0.225249 -6.433698
0.226948 -6.429726
0.228647 -6.426927
0.230345 -6.425287
0.232044 -6.424757

0.232044 -6.424757
0.235441 -6.426655
0.238839 -6.431543
0.242236 -6.437907
0.245634 -6.443971
0.249031 -6.447876
0.252428 -6.447834
0.255826 -6.442216
0.259223 -6.429602
0.262620 -6.408791
0.266018 -6.378794
0.269415 -6.338821
0.272812 -6.288261
0.276210 -6.226669
0.279607 -6.153748
0.283004 -6.069338
0.286402 -5.973404
0.289799 -5.866023
0.293197 -5.747373
0.296594 -5.617726
0.299991 -5.477424
0.303389 -5.326874
0.306786 -5.166524
0.310183 -4.996847
0.313581 -4.818317
0.316978 -4.631392
0.320375 -4.436483
0.323773 -4.233939
0.327170 -4.024016
0.330568 -3.806857
0.333965 -3.582466
0.337362 -3.350679
0.340760 -3.111147
0.344157 -2.863311
0.347554 -2.606412
0.350952 -2.339586
0.354349 -2.062209
0.357746 -1.774947
0.361144 -1.482421
0.364541 -1.197796
0.367939 -0.943241
0.371336 -0.802542
0.374733 -0.700292
0.378131 -0.612025
0.381528 -0.539448
0.384925 -0.483728
0.388323 -0.444722
0.391720 -0.420446
0.395117 -0.407356
0.398515 -0.401511
0.401912 -0.399931


0.000000 -0.399917
0.002942 -0.368805
0.005884 -0.256554
0.008827 -0.127862
0.011769 -0.175682
0.014711 -0.228938
0.017653 -0.289616
0.020595 -0.360378
0.023538 -0.444896
0.026480 -0.548290
0.029422 -0.677379
0.032364 -0.839660
0.035306 -0.938364
0.038249 -1.043791
0.041191 -1.154831
0.044133 -1.270416
0.047075 -1.389493
0.050017 -1.510974
0.052960 -1.633696
0.055902 -1.756381
0.058844 -1.877613
0.061786 -1.995812
0.064728 -2.109242
0.067671 -2.216021
0.070613 -2.314166
0.073555 -2.401651
0.076497 -2.476481
0.079439 -2.536785
0.082382 -2.580908
0.085324 -2.607504
0.088266 -2.615619
0.091208 -2.604753
0.094150 -2.574907
0.097093 -2.526594
0.100035 -2.460821
0.102977 -2.379042
0.105919 -2.283080
0.108861 -2.175029
0.111804 -2.057150
0.114746 -1.931774
0.117688 -1.801232
0.120630 -1.667822
0.123572 -1.533820
0.126515 -1.401558
0.129457 -1.273557
0.132399 -1.152731
0.135341 -1.042646
0.138283 -0.947767
0.141226 -0.873502
0.144168 -0.825672
0.147110 -0.809091

0.147110 -0.809091
0.148809 -0.811753
0.150507 -0.819667
0.152206 -0.832617
0.153905 -0.850268
0.155604 -0.872189
0.157302 -0.897886
0.159001 -0.926829
0.160699 -1.014158
0.162398 -1.173005
0.164097 -1.324966
0.165796 -1.471514
0.167494 -1.613527
0.169193 -1.751562
0.170892 -1.885992
0.172590 -2.017081
0.174289 -2.145018
0.175988 -2.269943
0.177686 -2.391961
0.179385 -2.511153
0.181084 -2.627577
0.182782 -2.741275
0.184481 -2.852277
0.186180 -2.960597
0.187878 -3.066240
0.189577 -3.169198
0.191276 -3.269455
0.192974 -3.366982
0.194673 -3.461740
0.196372 -3.553680
0.198071 -3.642742
0.199769 -3.728855
0.201468 -3.811935
0.203166 -3.891888
0.204865 -3.968605
0.206564 -4.041968
0.208262 -4.111844
0.209961 -4.178085
0.211660 -4.240536
0.213359 -4.299024
0.215057 -4.353370
0.216756 -4.403384
0.218455 -4.448872
0.220153 -4.489634
0.221852 -4.525474
0.223551 -4.556203
0.225249 -4.581641
0.226948 -4.601629
0.228647 -4.616027
0.230345 -4.624724
0.232044 -4.627636

0.232044 -4.627636
0.235441 -4.615927
0.238839 -4.580812
0.242236 -4.522544
0.245634 -4.441523
0.249031 -4.338088
0.252428 -4.212331
0.255826 -4.063941
0.259223 -3.892064
0.262620 -3.695149
0.266018 -3.470720
0.269415 -3.215015
0.272812 -2.922374
0.276210 -2.584189
0.279607 -2.197605
0.283004 -2.234050
0.286402 -2.463947
0.289799 -2.894174
0.293197 -3.235397
0.296594 -3.491478
0.299991 -3.668686
0.303389 -3.773162
0.306786 -3.810919
0.310183 -3.788163
0.313581 -3.711658
0.316978 -3.589035
0.320375 -3.428944
0.323773 -3.240900
0.327170 -3.034749
0.330568 -2.819785
0.333965 -2.603807
0.337362 -2.392497
0.340760 -2.189338
0.344157 -1.996002
0.347554 -1.812945
0.350952 -1.639977
0.354349 -1.476689
0.357746 -1.322725
0.361144 -1.177950
0.364541 -1.042550
0.367939 -0.917089
0.371336 -0.736055
0.374733 -0.576007
0.378131 -0.452511
0.381528 -0.354825
0.384925 -0.275074
0.388323 -0.207874
0.391720 -0.149483
0.395117 -0.187747
0.398515 -0.357893
0.401912 -0.399917


0.000000 -0.014524
0.002942 -0.043294
0.005884 -0.083989
0.008827 0.214679
0.011769 0.438926
0.014711 0.604215
0.017653 0.744048
0.020595 0.865101
0.023538 0.969627
0.026480 1.058649
0.029422 1.132814
0.032364 1.192663
0.035306 1.238722
0.038249 1.214829
0.041191 1.114596
0.044133 1.042695
0.047075 0.992770
0.050017 0.958564
0.052960 0.935420
0.055902 0.920167
0.058844 0.910695
0.061786 0.905599
0.064728 0.903942
0.067671 0.905098
0.070613 0.908648
0.073555 0.914319
0.076497 0.921935
0.079439 0.918352
0.082382 0.930771
0.085324 0.955583
0.088266 0.970255
0.091208 0.986607
0.094150 1.004601
0.097093 1.024177
0.100035 1.045250
0.102977 1.067700
0.105919 1.091369
0.108861 1.116052
0.111804 1.141500
0.114746 1.167411
0.117688 1.193436
0.120630 1.219173
0.123572 1.244179
0.126515 1.267970
0.129457 1.290037
0.132399 1.309860
0.135341 1.160676
0.138283 0.958657
0.141226 0.782197
0.144168 0.653428
0.147110 0.604363

0.147110 0.604363
0.148809 0.584839
0.150507 0.522276
0.152206 0.398147
0.153905 0.028253
0.155604 -0.445692
0.157302 -0.661771
0.159001 -0.845698
0.160699 -0.958478
0.162398 -0.992300
0.164097 -1.027782
0.165796 -1.064439
0.167494 -1.101818
0.169193 -1.139501
0.170892 -1.177105
0.172590 -1.214281
0.174289 -1.250714
0.175988 -1.286127
0.177686 -1.320274
0.179385 -1.352945
0.181084 -1.383964
0.182782 -1.413191
0.184481 -1.440519
0.186180 -1.465874
0.187878 -1.489214
0.189577 -1.510526
0.191276 -1.529822
0.192974 -1.547135
0.194673 -1.562519
0.196372 -1.576036
0.198071 -1.587760
0.199769 -1.597769
0.201468 -1.606142
0.203166 -1.612960
0.204865 -1.618302
0.206564 -1.622246
0.208262 -1.624870
0.209961 -1.626259
0.211660 -1.626500
0.213359 -1.625692
0.215057 -1.623948
0.216756 -1.621396
0.218455 -1.618185
0.220153 -1.614484
0.221852 -1.610485
0.223551 -1.606402
0.225249 -1.602472
0.226948 -1.598946
0.228647 -1.596090
0.230345 -1.594178
0.232044 -1.593482

0.232044 -1.593482
0.235441 -1.596769
0.238839 -1.607785
0.242236 -1.627808
0.245634 -1.657379
0.249031 -1.696253
0.252428 -1.743482
0.255826 -1.797579
0.259223 -1.856695
0.262620 -1.918774
0.266018 -1.981654
0.269415 -2.043132
0.272812 -2.101011
0.276210 -2.153147
0.279607 -2.187221
0.283004 -1.920254
0.286402 -2.245782
0.289799 -2.257612
0.293197 -2.250831
0.296594 -2.226960
0.299991 -2.185259
0.303389 -2.125040
0.306786 -2.045785
0.310183 -1.947095
0.313581 -1.828569
0.316978 -1.689620
0.320375 -1.529150
0.323773 -1.344924
0.327170 -1.132045
0.330568 -0.878212
0.333965 -0.540061
0.337362 0.381685
0.340760 0.729326
0.344157 0.899418
0.347554 0.916486
0.350952 0.941992
0.354349 0.980229
0.357746 1.037882
0.361144 1.124419
0.364541 1.245852
0.367939 1.210941
0.371336 1.154802
0.374733 1.077531
0.378131 0.979004
0.381528 0.858810
0.384925 0.715780
0.388323 0.546068
0.391720 0.332870
0.395117 -0.097211
0.398515 -0.049354
0.401912 -0.014524


0.000000 2.422702
0.002942 2.415480
0.005884 2.393741
0.008827 2.357262
0.011769 2.305674
0.014711 2.238462
0.017653 2.154995
0.020595 2.054614
0.023538 1.936875
0.026480 1.802143
0.029422 1.652918
0.032364 1.496132
0.035306 1.344907
0.038249 1.271525
0.041191 1.291622
0.044133 1.299580
0.047075 1.296007
0.050017 1.281585
0.052960 1.257126
0.055902 1.223659
0.058844 1.182541
0.061786 1.135594
0.064728 1.085266
0.067671 1.034769
0.070613 0.988145
0.073555 0.950102
0.076497 0.925493
0.079439 0.931390
0.082382 0.942619
0.085324 0.962197
0.088266 1.009628
0.091208 1.068568
0.094150 1.134155
0.097093 1.202003
0.100035 1.268633
0.102977 1.331580
0.105919 1.389313
0.108861 1.441061
0.111804 1.486618
0.114746 1.526161
0.117688 1.560090
0.120630 1.588920
0.123572 1.613192
0.126515 1.633425
0.129457 1.599427
0.132399 1.376357
0.135341 1.326931
0.138283 1.340778
0.141226 1.350990
0.144168 1.357252
0.147110 1.359362

0.147110 1.359362
0.148809 1.359717
0.150507 1.360710
0.152206 1.362153
0.153905 1.363820
0.155604 1.365506
0.157302 1.367068
0.159001 1.368418
0.160699 1.369519
0.162398 1.370365
0.164097 1.370967
0.165796 1.371347
0.167494 1.371530
0.169193 1.371544
0.170892 1.371412
0.172590 1.371160
0.174289 1.370807
0.175988 1.370376
0.177686 1.369884
0.179385 1.369348
0.181084 1.368785
0.182782 1.368208
0.184481 1.367632
0.186180 1.367070
0.187878 1.366532
0.189577 1.366031
0.191276 1.365576
0.192974 1.365176
0.194673 1.364840
0.196372 1.364574
0.198071 1.364385
0.199769 1.364276
0.201468 1.364252
0.203166 1.364314
0.204865 1.364461
0.206564 1.364693
0.208262 1.365007
0.209961 1.365397
0.211660 1.365856
0.213359 1.366375
0.215057 1.366945
0.216756 1.367550
0.218455 1.368178
0.220153 1.368810
0.221852 1.369430
0.223551 1.370016
0.225249 1.370548
0.226948 1.371003
0.228647 1.371358
0.230345 1.371588
0.232044 1.371670

0.232044 1.371670
0.235441 1.371295
0.238839 1.370057
0.242236 1.367809
0.245634 1.364457
0.249031 1.359981
0.252428 1.354462
0.255826 1.348118
0.259223 1.341342
0.262620 1.334774
0.266018 1.329414
0.269415 1.326848
0.272812 1.073800
0.276210 0.170043
0.279607 -1.266869
0.283004 -1.712179
0.286402 -1.140740
0.289799 -0.449403
0.293197 0.569942
0.296594 0.743670
0.299991 0.811763
0.303389 0.843411
0.306786 0.858937
0.310183 0.866455
0.313581 0.869806
0.316978 0.871031
0.320375 0.871321
0.323773 0.871437
0.327170 0.871934
0.330568 0.873287
0.333965 0.875989
0.337362 0.880641
0.340760 0.888058
0.344157 0.927893
0.347554 1.062720
0.350952 1.155662
0.354349 1.216332
0.357746 1.249843
0.361144 1.259122
0.364541 1.249117
0.367939 1.410908
0.371336 1.591394
0.374733 1.767705
0.378131 1.926289
0.381528 2.062381
0.384925 2.175354
0.388323 2.265963
0.391720 2.335227
0.395117 2.384043
0.398515 2.413070
0.401912 2.422702


0.000000 5.976456
0.002942 5.980725
0.005884 5.993332
0.008827 6.013688
0.011769 6.040848
0.014711 6.073552
0.017653 6.110298
0.020595 6.149407
0.023538 6.189114
0.026480 6.227643
0.029422 6.263294
0.032364 6.294518
0.035306 6.319984
0.038249 6.338637
0.041191 6.349742
0.044133 6.352921
0.047075 6.348168
0.050017 6.335861
0.052960 6.316749
0.055902 6.291928
0.058844 6.262806
0.061786 6.196345
0.064728 6.047552
0.067671 5.892757
0.070613 5.732094
0.073555 5.565706
0.076497 5.393744
0.079439 5.216368
0.082382 5.033749
0.085324 4.846066
0.088266 4.653509
0.091208 4.456282
0.094150 4.254599
0.097093 4.048690
0.100035 3.838799
0.102977 3.625191
0.105919 3.408153
0.108861 3.188001
0.111804 2.965087
0.114746 2.739812
0.117688 2.512646
0.120630 2.284161
0.123572 2.055080
0.126515 1.826374
0.129457 1.650081
0.132399 1.663558
0.135341 1.674177
0.138283 1.682191
0.141226 1.687788
0.144168 1.691097
0.147110 1.692191

0.147110 1.692191
0.148809 1.691932
0.150507 1.691157
0.152206 1.689881
0.153905 1.688123
0.155604 1.685914
0.157302 1.683291
0.159001 1.680298
0.160699 1.676988
0.162398 1.673419
0.164097 1.669655
0.165796 1.665766
0.167494 1.661826
0.169193 1.657910
0.170892 1.654094
0.172590 1.650454
0.174289 1.647063
0.175988 1.643988
0.177686 1.641286
0.179385 1.639005
0.181084 1.637178
0.182782 1.635818
0.184481 1.634922
0.186180 1.634462
0.187878 1.634391
0.189577 1.634636
0.191276 1.635106
0.192974 1.635691
0.194673 1.636269
0.196372 1.636713
0.198071 1.636895
0.199769 1.636694
0.201468 1.636006
0.203166 1.634747
0.204865 1.632862
0.206564 1.630322
0.208262 1.627134
0.209961 1.623334
0.211660 1.618988
0.213359 1.614188
0.215057 1.609049
0.216756 1.603704
0.218455 1.598301
0.220153 1.592993
0.221852 1.587940
0.223551 1.583299
0.225249 1.579225
0.226948 1.575860
0.228647 1.573335
0.230345 1.571759
0.232044 1.571219

0.232044 1.571219
0.235441 1.573443
0.238839 1.580028
0.242236 1.590325
0.245634 1.602925
0.249031 1.615597
0.252428 1.625196
0.255826 1.627391
0.259223 1.616004
0.262620 1.581511
0.266018 1.507663
0.269415 1.363106
0.272812 1.329719
0.276210 1.342813
0.279607 1.375790
0.283004 1.450437
0.286402 1.615408
0.289799 1.926641
0.293197 2.333535
0.296594 2.743818
0.299991 3.126901
0.303389 3.321193
0.306786 3.392419
0.310183 3.483590
0.313581 3.595249
0.316978 3.728193
0.320375 3.882857
0.323773 4.058629
0.327170 4.253224
0.330568 4.462371
0.333965 4.680023
0.337362 4.899079
0.340760 5.112336
0.344157 5.313326
0.347554 5.496828
0.350952 5.659052
0.354349 5.797604
0.357746 5.911345
0.361144 6.000209
0.364541 6.065039
0.367939 6.107448
0.371336 6.129695
0.374733 6.134583
0.378131 6.125361
0.381528 6.105616
0.384925 6.079157
0.388323 6.049877
0.391720 6.021605
0.395117 5.997942
0.398515 5.982077
0.401912 5.976456


0.000000 5.976457
0.002942 5.981624
0.005884 5.996905
0.008827 6.021645
0.011769 6.054775
0.014711 6.094850
0.017653 6.140106
0.020595 6.188532
0.023538 6.237967
0.026480 6.286206
0.029422 6.331106
0.032364 6.370699
0.035306 6.403284
0.038249 6.427514
0.041191 6.442459
0.044133 6.447657
0.047075 6.443138
0.050017 6.429440
0.052960 6.407606
0.055902 6.379159
0.058844 6.339008
0.061786 6.231045
0.064728 6.198502
0.067671 6.167150
0.070613 6.139007
0.073555 6.116064
0.076497 6.100213
0.079439 5.996923
0.082382 5.870806
0.085324 5.743704
0.088266 5.616265
0.091208 5.489149
0.094150 5.363019
0.097093 5.238535
0.100035 5.116349
0.102977 4.997103
0.105919 4.881423
0.108861 4.769927
0.111804 4.663219
0.114746 4.561897
0.117688 4.466553
0.120630 4.377778
0.123572 4.296161
0.126515 4.222293
0.129457 4.156754
0.132399 4.100111
0.135341 4.052901
0.138283 4.015610
0.141226 3.988652
0.144168 3.972343
0.147110 3.966884

0.147110 3.966884
0.148809 3.967596
0.150507 3.969713
0.152206 3.973177
0.153905 3.977896
0.155604 3.983749
0.157302 3.990592
0.159001 3.998265
0.160699 4.006600
0.162398 4.015426
0.164097 4.024577
0.165796 4.033893
0.167494 4.043225
0.169193 4.052436
0.170892 4.061405
0.172590 4.070025
0.174289 4.078204
0.175988 4.085864
0.177686 4.092941
0.179385 4.099386
0.181084 4.105157
0.182782 4.110229
0.184481 4.114584
0.186180 4.118212
0.187878 4.121115
0.189577 4.123300
0.191276 4.124781
0.192974 4.125580
0.194673 4.125723
0.196372 4.125242
0.198071 4.124173
0.199769 4.122557
0.201468 4.120439
0.203166 4.117867
0.204865 4.114893
0.206564 4.111571
0.208262 4.107960
0.209961 4.104119
0.211660 4.100113
0.213359 4.096006
0.215057 4.091865
0.216756 4.087761
0.218455 4.083766
0.220153 4.079951
0.221852 4.076393
0.223551 4.073166
0.225249 4.070350
0.226948 4.068021
0.228647 4.066259
0.230345 4.065144
0.232044 4.064754

0.232044 4.064754
0.235441 4.066471
0.238839 4.072035
0.242236 4.082055
0.245634 4.097106
0.249031 4.117717
0.252428 4.144360
0.255826 4.177439
0.259223 4.217285
0.262620 4.264145
0.266018 4.318183
0.269415 4.379481
0.272812 4.345602
0.276210 3.992096
0.279607 3.696031
0.283004 3.480029
0.286402 3.342664
0.289799 3.267586
0.293197 3.237758
0.296594 3.241063
0.299991 3.270179
0.303389 3.480762
0.306786 3.808872
0.310183 4.114874
0.313581 4.401712
0.316978 4.671635
0.320375 4.926345
0.323773 5.167135
0.327170 5.394990
0.330568 5.610670
0.333965 5.814762
0.337362 6.007723
0.340760 6.189909
0.344157 6.361600
0.347554 6.523012
0.350952 6.674316
0.354349 6.815642
0.357746 6.818983
0.361144 6.744229
0.364541 6.662370
0.367939 6.575217
0.371336 6.485091
0.374733 6.394717
0.378131 6.307063
0.381528 6.225140
0.384925 6.151784
0.388323 6.089436
0.391720 6.039956
0.395117 6.004487
0.398515 5.983401
0.401912 5.976457


0.000000 7.770084
0.002942 7.766421
0.005884 7.755431
0.008827 7.737124
0.011769 7.711512
0.014711 7.678613
0.017653 7.638450
0.020595 7.591050
0.023538 7.536447
0.026480 7.474679
0.029422 7.405791
0.032364 7.329832
0.035306 7.246857
0.038249 7.156927
0.041191 7.060107
0.044133 6.956471
0.047075 6.846097
0.050017 6.729069
0.052960 6.605478
0.055902 6.475423
0.058844 6.346072
0.061786 6.310715
0.064728 6.275785
0.067671 6.244230
0.070613 6.219154
0.073555 6.203710
0.076497 6.121425
0.079439 6.093196
0.082382 6.096556
0.085324 6.111603
0.088266 6.139380
0.091208 6.180628
0.094150 6.235760
0.097093 6.304813
0.100035 6.387417
0.102977 6.482757
0.105919 6.589553
0.108861 6.706064
0.111804 6.830119
0.114746 6.959180
0.117688 7.090427
0.120630 7.220871
0.123572 7.347469
0.126515 7.467231
0.129457 7.577325
0.132399 7.675161
0.135341 7.758457
0.138283 7.825292
0.141226 7.874140
0.144168 7.903894
0.147110 7.913887

0.147110 7.913887
0.148809 7.910626
0.150507 7.900879
0.152206 7.884749
0.153905 7.862408
0.155604 7.834093
0.157302 7.800097
0.159001 7.760768
0.160699 7.716503
0.162398 7.667742
0.164097 7.614959
0.165796 7.558665
0.167494 7.499393
0.169193 7.437702
0.170892 7.374168
0.172590 7.309382
0.174289 7.243943
0.175988 7.178456
0.177686 7.113529
0.179385 7.049765
0.181084 6.987757
0.182782 6.928084
0.184481 6.871306
0.186180 6.817952
0.187878 6.768515
0.189577 6.723445
0.191276 6.683137
0.192974 6.647924
0.194673 6.618065
0.196372 6.593742
0.198071 6.575047
0.199769 6.561980
0.201468 6.554444
0.203166 6.552247
0.204865 6.555103
0.206564 6.562634
0.208262 6.574385
0.209961 6.589827
0.211660 6.608373
0.213359 6.629388
0.215057 6.652204
0.216756 6.676128
0.218455 6.700455
0.220153 6.724479
0.221852 6.747494
0.223551 6.768802
0.225249 6.787719
0.226948 6.803570
0.228647 6.815692
0.230345 6.823434
0.232044 6.826155

0.232044 6.826155
0.235441 6.814024
0.238839 6.774398
0.242236 6.702683
0.245634 6.594801
0.249031 6.447474
0.252428 6.258484
0.255826 6.026899
0.259223 5.753304
0.262620 5.440236
0.266018 5.093122
0.269415 4.722188
0.272812 4.448040
0.276210 4.523783
0.279607 4.606558
0.283004 4.696143
0.286402 4.792248
0.289799 4.894517
0.293197 5.002530
0.296594 5.115803
0.299991 5.233788
0.303389 5.355879
0.306786 5.481409
0.310183 5.609662
0.313581 5.739870
0.316978 5.871231
0.320375 6.002915
0.323773 6.134079
0.327170 6.263878
0.330568 6.391487
0.333965 6.516108
0.337362 6.636994
0.340760 6.753454
0.344157 6.864870
0.347554 6.970704
0.350952 6.942780
0.354349 6.885390
0.357746 6.947088
0.361144 7.068727
0.364541 7.180610
0.367939 7.282770
0.371336 7.375226
0.374733 7.457986
0.378131 7.531048
0.381528 7.594405
0.384925 7.648046
0.388323 7.691958
0.391720 7.726128
0.395117 7.750545
0.398515 7.765199
0.401912 7.770084


0.000000 7.770085
0.002942 7.767943
0.005884 7.761504
0.008827 7.750726
0.011769 7.735541
0.014711 7.715858
0.017653 7.691565
0.020595 7.662536
0.023538 7.628634
0.026480 7.589716
0.029422 7.545641
0.032364 7.496275
0.035306 7.441499
0.038249 7.381213
0.041191 7.315343
0.044133 7.243849
0.047075 7.166730
0.050017 7.084028
0.052960 6.995832
0.055902 6.902285
0.058844 6.803585
0.061786 6.699986
0.064728 6.591801
0.067671 6.479401
0.070613 6.363211
0.073555 6.243711
0.076497 6.200986
0.079439 6.213883
0.082382 6.244979
0.085324 6.296390
0.088266 6.369631
0.091208 6.465480
0.094150 6.583882
0.097093 6.723890
0.100035 6.883679
0.102977 7.060627
0.105919 7.251449
0.108861 7.452371
0.111804 7.659317
0.114746 7.868079
0.117688 8.074471
0.120630 8.274451
0.123572 8.464206
0.126515 8.640225
0.129457 8.799346
0.132399 8.938784
0.135341 9.056157
0.138283 9.149500
0.141226 9.217277
0.144168 9.258385
0.147110 9.272162

0.147110 9.272162
0.148809 9.270661
0.150507 9.266161
0.152206 9.258667
0.153905 9.248193
0.155604 9.234760
0.157302 9.218400
0.159001 9.199162
0.160699 9.177115
0.162398 9.152347
0.164097 9.124971
0.165796 9.095127
0.167494 9.062980
0.169193 9.028722
0.170892 8.992569
0.172590 8.954764
0.174289 8.915566
0.175988 8.875258
0.177686 8.834134
0.179385 8.792501
0.181084 8.750673
0.182782 8.708967
0.184481 8.667698
0.186180 8.627175
0.187878 8.587697
0.189577 8.549549
0.191276 8.512997
0.192974 8.478284
0.194673 8.445629
0.196372 8.415219
0.198071 8.387214
0.199769 8.361736
0.201468 8.338874
0.203166 8.318678
0.204865 8.301163
0.206564 8.286300
0.208262 8.274027
0.209961 8.264239
0.211660 8.256795
0.213359 8.251519
0.215057 8.248200
0.216756 8.246595
0.218455 8.246437
0.220153 8.247435
0.221852 8.249284
0.223551 8.251667
0.225249 8.254267
0.226948 8.256774
0.228647 8.258889
0.230345 8.260337
0.232044 8.260869

0.232044 8.260869
0.235441 8.258365
0.238839 8.250102
0.242236 8.235379
0.245634 8.213943
0.249031 8.185802
0.252428 8.151058
0.255826 8.109844
0.259223 8.062344
0.262620 8.008877
0.266018 7.949979
0.269415 7.886445
0.272812 7.819335
0.276210 7.749926
0.279607 7.679652
0.283004 7.610011
0.286402 7.542476
0.289799 7.478408
0.293197 7.418980
0.296594 7.365115
0.299991 7.317446
0.303389 7.276288
0.306786 7.241637
0.310183 7.213171
0.313581 7.190268
0.316978 7.172036
0.320375 7.157348
0.323773 7.144880
0.327170 7.133156
0.330568 7.120604
0.333965 7.105609
0.337362 7.086574
0.340760 7.061990
0.344157 7.030511
0.347554 6.991033
0.350952 7.070505
0.354349 7.163911
0.357746 7.250651
0.361144 7.330543
0.364541 7.403485
0.367939 7.469452
0.371336 7.528483
0.374733 7.580670
0.378131 7.626145
0.381528 7.665068
0.384925 7.697613
0.388323 7.723952
0.391720 7.744248
0.395117 7.758639
0.398515 7.767229
0.401912 7.770085


0.000000 50.666913
0.002942 50.662552
0.005884 50.649439
0.008827 50.627490
0.011769 50.596569
0.014711 50.556491
0.017653 50.507041
0.020595 50.447973
0.023538 50.379035
0.026480 50.299978
0.029422 50.210574
0.032364 50.110633
0.035306 50.000023
0.038249 49.878688
0.041191 49.746660
0.044133 49.604082
0.047075 49.451213
0.050017 49.288447
0.052960 49.116312
0.055902 48.935480
0.058844 48.746760
0.061786 48.551100
0.064728 48.349571
0.067671 48.143357
0.070613 47.933737
0.073555 47.722062
0.076497 47.509734
0.079439 47.298175
0.082382 47.088806
0.085324 46.883012
0.088266 46.682124
0.091208 46.487386
0.094150 46.299937
0.097093 46.120789
0.100035 45.950818
0.102977 45.790748
0.105919 45.641148
0.108861 45.502437
0.111804 45.374880
0.114746 45.258608
0.117688 45.153627
0.120630 45.059834
0.123572 44.977044
0.126515 44.905004
0.129457 44.843424
0.132399 44.791995
0.135341 44.750412
0.138283 44.718396
0.141226 44.695710
0.144168 44.682174
0.147110 44.677674

0.147110 44.677674
0.148809 44.677335
0.150507 44.676321
0.152206 44.674642
0.153905 44.672315
0.155604 44.669364
0.157302 44.665817
0.159001 44.661711
0.160699 44.657084
0.162398 44.651983
0.164097 44.646456
0.165796 44.640556
0.167494 44.634339
0.169193 44.627860
0.170892 44.621179
0.172590 44.614354
0.174289 44.607445
0.175988 44.600508
0.177686 44.593601
0.179385 44.586778
0.181084 44.580088
0.182782 44.573579
0.184481 44.567296
0.186180 44.561276
0.187878 44.555555
0.189577 44.550160
0.191276 44.545116
0.192974 44.540440
0.194673 44.536145
0.196372 44.532238
0.198071 44.528720
0.199769 44.525587
0.201468 44.522829
0.203166 44.520432
0.204865 44.518379
0.206564 44.516646
0.208262 44.515208
0.209961 44.514037
0.211660 44.513102
0.213359 44.512371
0.215057 44.511814
0.216756 44.511398
0.218455 44.511093
0.220153 44.510871
0.221852 44.510708
0.223551 44.510584
0.225249 44.510483
0.226948 44.510396
0.228647 44.510321
0.230345 44.510265
0.232044 44.510242

0.232044 44.510242
0.235441 44.510399
0.238839 44.511109
0.242236 44.512863
0.245634 44.516337
0.249031 44.522386
0.252428 44.532037
0.255826 44.546469
0.259223 44.566981
0.262620 44.594960
0.266018 44.631831
0.269415 44.679018
0.272812 44.737891
0.276210 44.809716
0.279607 44.895609
0.283004 44.996495
0.286402 45.113063
0.289799 45.245740
0.293197 45.394659
0.296594 45.559644
0.299991 45.740198
0.303389 45.935505
0.306786 46.144430
0.310183 46.365547
0.313581 46.597159
0.316978 46.837334
0.320375 47.083959
0.323773 47.334782
0.327170 47.587477
0.330568 47.839701
0.333965 48.089153
0.337362 48.333638
0.340760 48.571113
0.344157 48.799736
0.347554 49.017896
0.350952 49.224243
0.354349 49.417697
0.357746 49.597449
0.361144 49.762951
0.364541 49.913896
0.367939 50.050190
0.371336 50.171919
0.374733 50.279311
0.378131 50.372696
0.381528 50.452468
0.384925 50.519050
0.388323 50.572855
0.391720 50.614264
0.395117 50.643597
0.398515 50.661097
0.401912 50.666913



