# distance  frequency (bands are separated by blank lines)
# End points of segments: 
#   0.00000000 0.15968320 0.31936640 0.47904960 0.63873270 
0.000000 -0.015686
0.003194 -0.222310
0.006387 -0.273094
0.009581 -0.288852
0.012775 -0.284942
0.015968 -0.266400
0.019162 -0.233577
0.022356 -0.181634
0.025549 -0.082858
0.028743 0.153246
0.031937 0.240630
0.035130 0.310444
0.038324 0.372847
0.041518 0.431342
0.044711 0.487705
0.047905 0.543046
0.051099 0.598154
0.054292 0.653635
0.057486 0.709972
0.060680 0.767552
0.063873 0.826674
0.067067 0.887554
0.070261 0.950321
0.073454 1.015024
0.076648 1.081632
0.079842 1.150040
0.083035 1.220077
0.086229 1.291519
0.089423 1.364092
0.092616 1.437493
0.095810 1.511395
0.099004 1.585462
0.102197 1.659356
0.105391 1.732750
0.108585 1.805335
0.111778 1.876823
0.114972 1.946956
0.118166 2.015507
0.121359 2.082275
0.124553 2.147086
0.127747 2.209778
0.130940 2.270183
0.134134 2.328098
0.137327 2.383242
0.140521 2.435193
0.143715 2.483301
0.146908 2.526579
0.150102 2.563600
0.153296 2.592469
0.156490 2.611038
0.159683 2.617473

0.159683 2.617473
0.162877 2.615250
0.166071 2.609686
0.169264 2.602568
0.172458 2.594896
0.175651 2.587041
0.178845 2.579156
0.182039 2.571376
0.185232 2.563868
0.188426 2.556825
0.191620 2.550436
0.194814 2.544859
0.198007 2.540186
0.201201 2.536421
0.204395 2.533459
0.207588 2.531082
0.210782 2.528974
0.213976 2.526741
0.217169 2.523975
0.220363 2.520314
0.223556 2.515543
0.226750 2.509684
0.229944 2.503103
0.233137 2.496580
0.236331 2.491338
0.239525 2.489006
0.242718 2.491489
0.245912 2.500762
0.249106 2.518623
0.252299 2.546451
0.255493 2.585027
0.258687 2.634445
0.261880 2.694135
0.265074 2.762960
0.268268 2.839361
0.271461 2.921523
0.274655 3.007516
0.277849 3.095422
0.281042 3.183413
0.284236 3.269814
0.287430 3.353124
0.290623 3.432027
0.293817 3.505384
0.297011 3.572221
0.300204 3.631712
0.303398 3.683168
0.306592 3.726019
0.309785 3.759811
0.312979 3.784195
0.316173 3.798923
0.319366 3.803849

0.319366 3.803849
0.322560 3.798923
0.325754 3.784195
0.328947 3.759811
0.332141 3.726019
0.335335 3.683168
0.338528 3.631712
0.341722 3.572221
0.344916 3.505384
0.348109 3.432027
0.351303 3.353124
0.354497 3.269814
0.357690 3.183413
0.360884 3.095422
0.364078 3.007516
0.367271 2.921523
0.370465 2.839361
0.373659 2.762960
0.376852 2.694135
0.380046 2.634445
0.383240 2.585027
0.386433 2.546451
0.389627 2.518623
0.392821 2.500762
0.396014 2.491489
0.399208 2.489006
0.402402 2.491338
0.405595 2.496580
0.408789 2.503103
0.411983 2.509684
0.415176 2.515543
0.418370 2.520314
0.421564 2.523975
0.424757 2.526741
0.427951 2.528974
0.431145 2.531082
0.434338 2.533459
0.437532 2.536421
0.440726 2.540186
0.443919 2.544859
0.447113 2.550436
0.450307 2.556825
0.453500 2.563868
0.456694 2.571376
0.459888 2.579156
0.463081 2.587041
0.466275 2.594896
0.469469 2.602568
0.472662 2.609686
0.475856 2.615250
0.479050 2.617473

0.479050 2.617473
0.482243 2.611038
0.485437 2.592469
0.488631 2.563600
0.491824 2.526579
0.495018 2.483301
0.498211 2.435193
0.501405 2.383242
0.504599 2.328098
0.507792 2.270183
0.510986 2.209778
0.514180 2.147086
0.517374 2.082275
0.520567 2.015507
0.523761 1.946956
0.526954 1.876823
0.530148 1.805335
0.533342 1.732750
0.536536 1.659356
0.539729 1.585462
0.542923 1.511395
0.546117 1.437493
0.549310 1.364092
0.552504 1.291519
0.555697 1.220077
0.558891 1.150040
0.562085 1.081632
0.565279 1.015024
0.568472 0.950321
0.571666 0.887554
0.574859 0.826674
0.578053 0.767552
0.581247 0.709972
0.584441 0.653635
0.587634 0.598154
0.590828 0.543046
0.594021 0.487705
0.597215 0.431342
0.600409 0.372847
0.603602 0.310444
0.606796 0.240630
0.609990 0.153246
0.613183 -0.082858
0.616377 -0.181634
0.619571 -0.233577
0.622764 -0.266400
0.625958 -0.284942
0.629152 -0.288852
0.632345 -0.273094
0.635539 -0.222310
0.638733 -0.015686


0.000000 -0.015686
0.003194 0.074491
0.006387 0.151340
0.009581 0.227441
0.012775 0.303122
0.015968 0.378382
0.019162 0.453176
0.022356 0.527456
0.025549 0.601180
0.028743 0.674316
0.031937 0.746846
0.035130 0.818761
0.038324 0.890061
0.041518 0.960756
0.044711 1.030860
0.047905 1.100390
0.051099 1.169367
0.054292 1.237808
0.057486 1.305727
0.060680 1.373134
0.063873 1.440032
0.067067 1.506418
0.070261 1.572277
0.073454 1.637588
0.076648 1.702315
0.079842 1.766412
0.083035 1.829814
0.086229 1.892442
0.089423 1.954199
0.092616 2.014968
0.095810 2.074612
0.099004 2.132979
0.102197 2.189896
0.105391 2.245178
0.108585 2.298631
0.111778 2.350052
0.114972 2.399237
0.118166 2.445983
0.121359 2.490092
0.124553 2.531376
0.127747 2.569660
0.130940 2.604781
0.134134 2.636591
0.137327 2.664959
0.140521 2.689771
0.143715 2.710929
0.146908 2.728349
0.150102 2.741966
0.153296 2.751728
0.156490 2.757600
0.159683 2.759560

0.159683 2.759560
0.162877 2.769505
0.166071 2.797907
0.169264 2.842021
0.172458 2.899360
0.175651 2.967665
0.178845 3.044640
0.182039 3.127880
0.185232 3.214920
0.188426 3.239832
0.191620 3.235947
0.194814 3.229926
0.198007 3.221465
0.201201 3.210317
0.204395 3.196298
0.207588 3.179309
0.210782 3.159362
0.213976 3.136607
0.217169 3.111385
0.220363 3.084276
0.223556 3.056164
0.226750 3.028294
0.229944 3.002289
0.233137 2.980114
0.236331 2.963965
0.239525 2.956066
0.242718 2.958426
0.245912 2.972602
0.249106 2.999533
0.252299 3.039493
0.255493 3.092159
0.258687 3.156752
0.261880 3.232193
0.265074 3.317234
0.268268 3.410540
0.271461 3.510719
0.274655 3.616326
0.277849 3.725853
0.281042 3.837719
0.284236 3.950263
0.287430 4.061751
0.290623 4.170393
0.293817 4.274355
0.297011 4.371796
0.300204 4.460894
0.303398 4.539890
0.306592 4.607136
0.309785 4.661154
0.312979 4.700699
0.316173 4.724823
0.319366 4.732932

0.319366 4.732932
0.322560 4.724823
0.325754 4.700699
0.328947 4.661154
0.332141 4.607136
0.335335 4.539890
0.338528 4.460894
0.341722 4.371796
0.344916 4.274355
0.348109 4.170393
0.351303 4.061751
0.354497 3.950263
0.357690 3.837719
0.360884 3.725853
0.364078 3.616326
0.367271 3.510719
0.370465 3.410540
0.373659 3.317234
0.376852 3.232193
0.380046 3.156752
0.383240 3.092159
0.386433 3.039493
0.389627 2.999533
0.392821 2.972602
0.396014 2.958426
0.399208 2.956066
0.402402 2.963965
0.405595 2.980114
0.408789 3.002289
0.411983 3.028294
0.415176 3.056164
0.418370 3.084276
0.421564 3.111385
0.424757 3.136607
0.427951 3.159362
0.431145 3.179309
0.434338 3.196298
0.437532 3.210317
0.440726 3.221465
0.443919 3.229926
0.447113 3.235947
0.450307 3.239832
0.453500 3.214920
0.456694 3.127880
0.459888 3.044640
0.463081 2.967665
0.466275 2.899360
0.469469 2.842021
0.472662 2.797907
0.475856 2.769505
0.479050 2.759560

0.479050 2.759560
0.482243 2.757600
0.485437 2.751728
0.488631 2.741966
0.491824 2.728349
0.495018 2.710929
0.498211 2.689771
0.501405 2.664959
0.504599 2.636591
0.507792 2.604781
0.510986 2.569660
0.514180 2.531376
0.517374 2.490092
0.520567 2.445983
0.523761 2.399237
0.526954 2.350052
0.530148 2.298631
0.533342 2.245178
0.536536 2.189896
0.539729 2.132979
0.542923 2.074612
0.546117 2.014968
0.549310 1.954199
0.552504 1.892442
0.555697 1.829814
0.558891 1.766412
0.562085 1.702315
0.565279 1.637588
0.568472 1.572277
0.571666 1.506418
0.574859 1.440032
0.578053 1.373134
0.581247 1.305727
0.584441 1.237808
0.587634 1.169367
0.590828 1.100390
0.594021 1.030860
0.597215 0.960756
0.600409 0.890061
0.603602 0.818761
0.606796 0.746846
0.609990 0.674316
0.613183 0.601180
0.616377 0.527456
0.619571 0.453176
0.622764 0.378382
0.625958 0.303122
0.629152 0.227441
0.632345 0.151340
0.635539 0.074491
0.638733 -0.015686


0.000000 -0.010472
0.003194 0.287626
0.006387 0.456450
0.009581 0.618780
0.012775 0.780392
0.015968 0.941487
0.019162 1.101198
0.022356 1.258551
0.025549 1.412686
0.028743 1.562895
0.031937 1.708617
0.035130 1.849419
0.038324 1.984979
0.041518 2.115072
0.044711 2.239554
0.047905 2.358347
0.051099 2.471428
0.054292 2.578811
0.057486 2.680544
0.060680 2.776690
0.063873 2.867324
0.067067 2.952520
0.070261 3.032350
0.073454 3.106874
0.076648 3.176138
0.079842 3.240169
0.083035 3.298970
0.086229 3.352520
0.089423 3.400767
0.092616 3.443634
0.095810 3.481013
0.099004 3.512769
0.102197 3.538750
0.105391 3.558794
0.108585 3.572744
0.111778 3.580465
0.114972 3.581872
0.118166 3.576954
0.121359 3.565800
0.124553 3.548635
0.127747 3.525839
0.130940 3.497981
0.134134 3.465832
0.137327 3.430396
0.140521 3.392929
0.143715 3.354989
0.146908 3.318474
0.150102 3.285674
0.153296 3.259231
0.156490 3.241874
0.159683 3.235800

0.159683 3.235800
0.162877 3.236090
0.166071 3.236918
0.169264 3.238165
0.172458 3.239637
0.175651 3.241074
0.178845 3.242169
0.182039 3.242573
0.185232 3.241919
0.188426 3.303316
0.191620 3.390707
0.194814 3.474863
0.198007 3.553719
0.201201 3.625408
0.204395 3.688292
0.207588 3.741006
0.210782 3.782521
0.213976 3.812218
0.217169 3.829973
0.220363 3.836236
0.223556 3.832080
0.226750 3.819194
0.229944 3.799810
0.233137 3.776546
0.236331 3.752196
0.239525 3.729505
0.242718 3.710958
0.245912 3.698635
0.249106 3.694139
0.252299 3.698581
0.255493 3.712607
0.258687 3.736444
0.261880 3.769950
0.265074 3.812659
0.268268 3.863821
0.271461 3.922444
0.274655 3.987326
0.277849 4.057098
0.281042 4.130261
0.284236 4.205233
0.287430 4.280389
0.290623 4.354107
0.293817 4.424810
0.297011 4.491007
0.300204 4.551322
0.303398 4.604524
0.306592 4.649545
0.309785 4.685497
0.312979 4.711681
0.316173 4.727594
0.319366 4.732932

0.319366 4.732932
0.322560 4.727594
0.325754 4.711681
0.328947 4.685497
0.332141 4.649545
0.335335 4.604524
0.338528 4.551322
0.341722 4.491007
0.344916 4.424810
0.348109 4.354107
0.351303 4.280389
0.354497 4.205233
0.357690 4.130261
0.360884 4.057098
0.364078 3.987326
0.367271 3.922444
0.370465 3.863821
0.373659 3.812659
0.376852 3.769950
0.380046 3.736444
0.383240 3.712607
0.386433 3.698581
0.389627 3.694139
0.392821 3.698635
0.396014 3.710958
0.399208 3.729505
0.402402 3.752196
0.405595 3.776546
0.408789 3.799810
0.411983 3.819194
0.415176 3.832080
0.418370 3.836236
0.421564 3.829973
0.424757 3.812218
0.427951 3.782521
0.431145 3.741006
0.434338 3.688292
0.437532 3.625408
0.440726 3.553719
0.443919 3.474863
0.447113 3.390707
0.450307 3.303316
0.453500 3.241919
0.456694 3.242573
0.459888 3.242169
0.463081 3.241074
0.466275 3.239637
0.469469 3.238165
0.472662 3.236918
0.475856 3.236090
0.479050 3.235800

0.479050 3.235800
0.482243 3.241874
0.485437 3.259231
0.488631 3.285674
0.491824 3.318474
0.495018 3.354989
0.498211 3.392929
0.501405 3.430396
0.504599 3.465832
0.507792 3.497981
0.510986 3.525839
0.514180 3.548635
0.517374 3.565800
0.520567 3.576954
0.523761 3.581872
0.526954 3.580465
0.530148 3.572744
0.533342 3.558794
0.536536 3.538750
0.539729 3.512769
0.542923 3.481013
0.546117 3.443634
0.549310 3.400767
0.552504 3.352520
0.555697 3.298970
0.558891 3.240169
0.562085 3.176138
0.565279 3.106874
0.568472 3.032350
0.571666 2.952520
0.574859 2.867324
0.578053 2.776690
0.581247 2.680544
0.584441 2.578811
0.587634 2.471428
0.590828 2.358347
0.594021 2.239554
0.597215 2.115072
0.600409 1.984979
0.603602 1.849419
0.606796 1.708617
0.609990 1.562895
0.613183 1.412686
0.616377 1.258551
0.619571 1.101198
0.622764 0.941487
0.625958 0.780392
0.629152 0.618780
0.632345 0.456450
0.635539 0.287626
0.638733 -0.010472


0.000000 7.694851
0.003194 7.693347
0.006387 7.688886
0.009581 7.681612
0.012775 7.671768
0.015968 7.659689
0.019162 7.645799
0.022356 7.630603
0.025549 7.614684
0.028743 7.598688
0.031937 7.583312
0.035130 7.569293
0.038324 7.557383
0.041518 7.548336
0.044711 7.542881
0.047905 7.541704
0.051099 7.545425
0.054292 7.554578
0.057486 7.569598
0.060680 7.590805
0.063873 7.618406
0.067067 7.652488
0.070261 7.693029
0.073454 7.739908
0.076648 7.792922
0.079842 7.851803
0.083035 7.916233
0.086229 7.985861
0.089423 8.060309
0.092616 8.139183
0.095810 8.222066
0.099004 8.308514
0.102197 8.398048
0.105391 8.490137
0.108585 8.584193
0.111778 8.679551
0.114972 8.775470
0.118166 8.871127
0.121359 8.840439
0.124553 8.790988
0.127747 8.745274
0.130940 8.703804
0.134134 8.666909
0.137327 8.634756
0.140521 8.607371
0.143715 8.584670
0.146908 8.566493
0.150102 8.552644
0.153296 8.542924
0.156490 8.537166
0.159683 8.535259

0.159683 8.535259
0.162877 8.530201
0.166071 8.515011
0.169264 8.489638
0.172458 8.453974
0.175651 8.407813
0.178845 8.350790
0.182039 8.282307
0.185232 8.201440
0.188426 8.106890
0.191620 7.997061
0.194814 7.870411
0.198007 7.726089
0.201201 7.564631
0.204395 7.388248
0.207588 7.200516
0.210782 7.005794
0.213976 6.808707
0.217169 6.613856
0.220363 6.425673
0.223556 6.248337
0.226750 6.085689
0.229944 5.941134
0.233137 5.817530
0.236331 5.717093
0.239525 5.641332
0.242718 5.591015
0.245912 5.566172
0.249106 5.566103
0.252299 5.589409
0.255493 5.634027
0.258687 5.697303
0.261880 5.776094
0.265074 5.866922
0.268268 5.966152
0.271461 6.070179
0.274655 6.175613
0.277849 6.279419
0.281042 6.379029
0.284236 6.472391
0.287430 6.557990
0.290623 6.634818
0.293817 6.702327
0.297011 6.760359
0.300204 6.809068
0.303398 6.848842
0.306592 6.880215
0.309785 6.903784
0.312979 6.920125
0.316173 6.929718
0.319366 6.932879

0.319366 6.932879
0.322560 6.929718
0.325754 6.920125
0.328947 6.903784
0.332141 6.880215
0.335335 6.848842
0.338528 6.809068
0.341722 6.760359
0.344916 6.702327
0.348109 6.634818
0.351303 6.557990
0.354497 6.472391
0.357690 6.379029
0.360884 6.279419
0.364078 6.175613
0.367271 6.070179
0.370465 5.966152
0.373659 5.866922
0.376852 5.776094
0.380046 5.697303
0.383240 5.634027
0.386433 5.589409
0.389627 5.566103
0.392821 5.566172
0.396014 5.591015
0.399208 5.641332
0.402402 5.717093
0.405595 5.817530
0.408789 5.941134
0.411983 6.085689
0.415176 6.248337
0.418370 6.425673
0.421564 6.613856
0.424757 6.808707
0.427951 7.005794
0.431145 7.200516
0.434338 7.388248
0.437532 7.564631
0.440726 7.726089
0.443919 7.870411
0.447113 7.997061
0.450307 8.106890
0.453500 8.201440
0.456694 8.282307
0.459888 8.350790
0.463081 8.407813
0.466275 8.453974
0.469469 8.489638
0.472662 8.515011
0.475856 8.530201
0.479050 8.535259

0.479050 8.535259
0.482243 8.537166
0.485437 8.542924
0.488631 8.552644
0.491824 8.566493
0.495018 8.584670
0.498211 8.607371
0.501405 8.634756
0.504599 8.666909
0.507792 8.703804
0.510986 8.745274
0.514180 8.790988
0.517374 8.840439
0.520567 8.871127
0.523761 8.775470
0.526954 8.679551
0.530148 8.584193
0.533342 8.490137
0.536536 8.398048
0.539729 8.308514
0.542923 8.222066
0.546117 8.139183
0.549310 8.060309
0.552504 7.985861
0.555697 7.916233
0.558891 7.851803
0.562085 7.792922
0.565279 7.739908
0.568472 7.693029
0.571666 7.652488
0.574859 7.618406
0.578053 7.590805
0.581247 7.569598
0.584441 7.554578
0.587634 7.545425
0.590828 7.541704
0.594021 7.542881
0.597215 7.548336
0.600409 7.557383
0.603602 7.569293
0.606796 7.583312
0.609990 7.598688
0.613183 7.614684
0.616377 7.630603
0.619571 7.645799
0.622764 7.659689
0.625958 7.671768
0.629152 7.681612
0.632345 7.688886
0.635539 7.693347
0.638733 7.694851


0.000000 7.694851
0.003194 7.700086
0.006387 7.715764
0.009581 7.741795
0.012775 7.778019
0.015968 7.824196
0.019162 7.879983
0.022356 7.944920
0.025549 8.018409
0.028743 8.099699
0.031937 8.187872
0.035130 8.281838
0.038324 8.380331
0.041518 8.481922
0.044711 8.585029
0.047905 8.687948
0.051099 8.788889
0.054292 8.886021
0.057486 8.977528
0.060680 9.061679
0.063873 9.136890
0.067067 9.201799
0.070261 9.255323
0.073454 9.296715
0.076648 9.325585
0.079842 9.341914
0.083035 9.346033
0.086229 9.338591
0.089423 9.320506
0.092616 9.292905
0.095810 9.257069
0.099004 9.214375
0.102197 9.166254
0.105391 9.114142
0.108585 9.059450
0.111778 9.003530
0.114972 8.947644
0.118166 8.892943
0.121359 8.965620
0.124553 9.057977
0.127747 9.147174
0.130940 9.232147
0.134134 9.311821
0.137327 9.385135
0.140521 9.451065
0.143715 9.508658
0.146908 9.557052
0.150102 9.595506
0.153296 9.623419
0.156490 9.640347
0.159683 9.646020

0.159683 9.646020
0.162877 9.636081
0.166071 9.606423
0.169264 9.557529
0.172458 9.490234
0.175651 9.405761
0.178845 9.305790
0.182039 9.192541
0.185232 9.068865
0.188426 8.938306
0.191620 8.805021
0.194814 8.673437
0.198007 8.547614
0.201201 8.430543
0.204395 8.323854
0.207588 8.228095
0.210782 8.143293
0.213976 8.069404
0.217169 8.006534
0.220363 7.954970
0.223556 7.915121
0.226750 7.887439
0.229944 7.872335
0.233137 7.870108
0.236331 7.880908
0.239525 7.904695
0.242718 7.941244
0.245912 7.990145
0.249106 8.050826
0.252299 8.122584
0.255493 8.204611
0.258687 8.296023
0.261880 8.395872
0.265074 8.503150
0.268268 8.616781
0.271461 8.735600
0.274655 8.858331
0.277849 8.983568
0.281042 9.109758
0.284236 9.235215
0.287430 9.358138
0.290623 9.476654
0.293817 9.588872
0.297011 9.692935
0.300204 9.787082
0.303398 9.869693
0.306592 9.939338
0.309785 9.994805
0.312979 10.035128
0.316173 10.059606
0.319366 10.067812

0.319366 10.067812
0.322560 10.059606
0.325754 10.035128
0.328947 9.994805
0.332141 9.939338
0.335335 9.869693
0.338528 9.787082
0.341722 9.692935
0.344916 9.588872
0.348109 9.476654
0.351303 9.358138
0.354497 9.235215
0.357690 9.109758
0.360884 8.983568
0.364078 8.858331
0.367271 8.735600
0.370465 8.616781
0.373659 8.503150
0.376852 8.395872
0.380046 8.296023
0.383240 8.204611
0.386433 8.122584
0.389627 8.050826
0.392821 7.990145
0.396014 7.941244
0.399208 7.904695
0.402402 7.880908
0.405595 7.870108
0.408789 7.872335
0.411983 7.887439
0.415176 7.915121
0.418370 7.954970
0.421564 8.006534
0.424757 8.069404
0.427951 8.143293
0.431145 8.228095
0.434338 8.323854
0.437532 8.430543
0.440726 8.547614
0.443919 8.673437
0.447113 8.805021
0.450307 8.938306
0.453500 9.068865
0.456694 9.192541
0.459888 9.305790
0.463081 9.405761
0.466275 9.490234
0.469469 9.557529
0.472662 9.606423
0.475856 9.636081
0.479050 9.646020

0.479050 9.646020
0.482243 9.640347
0.485437 9.623419
0.488631 9.595506
0.491824 9.557052
0.495018 9.508658
0.498211 9.451065
0.501405 9.385135
0.504599 9.311821
0.507792 9.232147
0.510986 9.147174
0.514180 9.057977
0.517374 8.965620
0.520567 8.892943
0.523761 8.947644
0.526954 9.003530
0.530148 9.059450
0.533342 9.114142
0.536536 9.166254
0.539729 9.214375
0.542923 9.257069
0.546117 9.292905
0.549310 9.320506
0.552504 9.338591
0.555697 9.346033
0.558891 9.341914
0.562085 9.325585
0.565279 9.296715
0.568472 9.255323
0.571666 9.201799
0.574859 9.136890
0.578053 9.061679
0.581247 8.977528
0.584441 8.886021
0.587634 8.788889
0.590828 8.687948
0.594021 8.585029
0.597215 8.481922
0.600409 8.380331
0.603602 8.281838
0.606796 8.187872
0.609990 8.099699
0.613183 8.018409
0.616377 7.944920
0.619571 7.879983
0.622764 7.824196
0.625958 7.778019
0.629152 7.741795
0.632345 7.715764
0.635539 7.700086
0.638733 7.694851


0.000000 18.575157
0.003194 18.572674
0.006387 18.564609
0.009581 18.549277
0.012775 18.524443
0.015968 18.488150
0.019162 18.439456
0.022356 18.378657
0.025549 18.306999
0.028743 18.226263
0.031937 18.138479
0.035130 18.045776
0.038324 17.950338
0.041518 17.854380
0.044711 17.760132
0.047905 17.669824
0.051099 17.585650
0.054292 17.509723
0.057486 17.444025
0.060680 17.390339
0.063873 17.350184
0.067067 17.324752
0.070261 17.314846
0.073454 17.320842
0.076648 17.342670
0.079842 17.340709
0.083035 17.323561
0.086229 17.317172
0.089423 17.321316
0.092616 17.335555
0.095810 17.359250
0.099004 17.391584
0.102197 17.431587
0.105391 17.478169
0.108585 17.530148
0.111778 17.586292
0.114972 17.645344
0.118166 17.706057
0.121359 17.767223
0.124553 17.827689
0.127747 17.759229
0.130940 17.684104
0.134134 17.615831
0.137327 17.554827
0.140521 17.501422
0.143715 17.455875
0.146908 17.418381
0.150102 17.389087
0.153296 17.368095
0.156490 17.355474
0.159683 17.351263

0.159683 17.351263
0.162877 17.348844
0.166071 17.341636
0.169264 17.329781
0.172458 17.313515
0.175651 17.293159
0.178845 17.269116
0.182039 17.148116
0.185232 16.884224
0.188426 16.606745
0.191620 16.320092
0.194814 16.028869
0.198007 15.737928
0.201201 15.452381
0.204395 15.177567
0.207588 14.918976
0.210782 14.682133
0.213976 14.472420
0.217169 14.294881
0.220363 14.153976
0.223556 14.053356
0.226750 13.995641
0.229944 13.982268
0.233137 14.013397
0.236331 14.087892
0.239525 14.203367
0.242718 14.356262
0.245912 14.541925
0.249106 14.754692
0.252299 14.987937
0.255493 15.234156
0.258687 15.485157
0.261880 15.732542
0.265074 15.968615
0.268268 16.187586
0.271461 16.386498
0.274655 16.565216
0.277849 16.725476
0.281042 16.869682
0.284236 17.000051
0.287430 17.118232
0.290623 17.225264
0.293817 17.321675
0.297011 17.407614
0.300204 17.482981
0.303398 17.547528
0.306592 17.600939
0.309785 17.642889
0.312979 17.673085
0.316173 17.691300
0.319366 17.697388

0.319366 17.697388
0.322560 17.691300
0.325754 17.673085
0.328947 17.642889
0.332141 17.600939
0.335335 17.547528
0.338528 17.482981
0.341722 17.407614
0.344916 17.321675
0.348109 17.225264
0.351303 17.118232
0.354497 17.000051
0.357690 16.869682
0.360884 16.725476
0.364078 16.565216
0.367271 16.386498
0.370465 16.187586
0.373659 15.968615
0.376852 15.732542
0.380046 15.485157
0.383240 15.234156
0.386433 14.987937
0.389627 14.754692
0.392821 14.541925
0.396014 14.356262
0.399208 14.203367
0.402402 14.087892
0.405595 14.013397
0.408789 13.982268
0.411983 13.995641
0.415176 14.053356
0.418370 14.153976
0.421564 14.294881
0.424757 14.472420
0.427951 14.682133
0.431145 14.918976
0.434338 15.177567
0.437532 15.452381
0.440726 15.737928
0.443919 16.028869
0.447113 16.320092
0.450307 16.606745
0.453500 16.884224
0.456694 17.148116
0.459888 17.269116
0.463081 17.293159
0.466275 17.313515
0.469469 17.329781
0.472662 17.341636
0.475856 17.348844
0.479050 17.351263

0.479050 17.351263
0.482243 17.355474
0.485437 17.368095
0.488631 17.389087
0.491824 17.418381
0.495018 17.455875
0.498211 17.501422
0.501405 17.554827
0.504599 17.615831
0.507792 17.684104
0.510986 17.759229
0.514180 17.827689
0.517374 17.767223
0.520567 17.706057
0.523761 17.645344
0.526954 17.586292
0.530148 17.530148
0.533342 17.478169
0.536536 17.431587
0.539729 17.391584
0.542923 17.359250
0.546117 17.335555
0.549310 17.321316
0.552504 17.317172
0.555697 17.323561
0.558891 17.340709
0.562085 17.342670
0.565279 17.320842
0.568472 17.314846
0.571666 17.324752
0.574859 17.350184
0.578053 17.390339
0.581247 17.444025
0.584441 17.509723
0.587634 17.585650
0.590828 17.669824
0.594021 17.760132
0.597215 17.854380
0.600409 17.950338
0.603602 18.045776
0.606796 18.138479
0.609990 18.226263
0.613183 18.306999
0.616377 18.378657
0.619571 18.439456
0.622764 18.488150
0.625958 18.524443
0.629152 18.549277
0.632345 18.564609
0.635539 18.572674
0.638733 18.575157


0.000000 18.971561
0.003194 18.966101
0.006387 18.949789
0.009581 18.922829
0.012775 18.885559
0.015968 18.838447
0.019162 18.782088
0.022356 18.717194
0.025549 18.644591
0.028743 18.565212
0.031937 18.480079
0.035130 18.390304
0.038324 18.297067
0.041518 18.201611
0.044711 18.105221
0.047905 18.009214
0.051099 17.914917
0.054292 17.823650
0.057486 17.736706
0.060680 17.655325
0.063873 17.580674
0.067067 17.513817
0.070261 17.455693
0.073454 17.407090
0.076648 17.368622
0.079842 17.379822
0.083035 17.431380
0.086229 17.496081
0.089423 17.572378
0.092616 17.658520
0.095810 17.752627
0.099004 17.852749
0.102197 17.956873
0.105391 18.062753
0.108585 18.166022
0.111778 18.203521
0.114972 18.114788
0.118166 18.019722
0.121359 17.927814
0.124553 17.840685
0.127747 17.886382
0.130940 17.942318
0.134134 17.994613
0.137327 18.042487
0.140521 18.085265
0.143715 18.122379
0.146908 18.153358
0.150102 18.177827
0.153296 18.195503
0.156490 18.206186
0.159683 18.209760

0.159683 18.209760
0.162877 18.182529
0.166071 18.103342
0.169264 17.978261
0.172458 17.814271
0.175651 17.617734
0.178845 17.394093
0.182039 17.241861
0.185232 17.211929
0.188426 17.179909
0.191620 17.146429
0.194814 17.112143
0.198007 17.077720
0.201201 17.043832
0.204395 17.011141
0.207588 16.980290
0.210782 16.951887
0.213976 16.926502
0.217169 16.904655
0.220363 16.886809
0.223556 16.873362
0.226750 16.864644
0.229944 16.860908
0.233137 16.862329
0.236331 16.869000
0.239525 16.880928
0.242718 16.898036
0.245912 16.920159
0.249106 16.947051
0.252299 16.978382
0.255493 17.013749
0.258687 17.052680
0.261880 17.094641
0.265074 17.139050
0.268268 17.185286
0.271461 17.232702
0.274655 17.280639
0.277849 17.328436
0.281042 17.375446
0.284236 17.421047
0.287430 17.464650
0.290623 17.505710
0.293817 17.543732
0.297011 17.578274
0.300204 17.608952
0.303398 17.635439
0.306592 17.657464
0.309785 17.674811
0.312979 17.687316
0.316173 17.694864
0.319366 17.697388

0.319366 17.697388
0.322560 17.694864
0.325754 17.687316
0.328947 17.674811
0.332141 17.657464
0.335335 17.635439
0.338528 17.608952
0.341722 17.578274
0.344916 17.543732
0.348109 17.505710
0.351303 17.464650
0.354497 17.421047
0.357690 17.375446
0.360884 17.328436
0.364078 17.280639
0.367271 17.232702
0.370465 17.185286
0.373659 17.139050
0.376852 17.094641
0.380046 17.052680
0.383240 17.013749
0.386433 16.978382
0.389627 16.947051
0.392821 16.920159
0.396014 16.898036
0.399208 16.880928
0.402402 16.869000
0.405595 16.862329
0.408789 16.860908
0.411983 16.864644
0.415176 16.873362
0.418370 16.886809
0.421564 16.904655
0.424757 16.926502
0.427951 16.951887
0.431145 16.980290
0.434338 17.011141
0.437532 17.043832
0.440726 17.077720
0.443919 17.112143
0.447113 17.146429
0.450307 17.179909
0.453500 17.211929
0.456694 17.241861
0.459888 17.394093
0.463081 17.617734
0.466275 17.814271
0.469469 17.978261
0.472662 18.103342
0.475856 18.182529
0.479050 18.209760

0.479050 18.209760
0.482243 18.206186
0.485437 18.195503
0.488631 18.177827
0.491824 18.153358
0.495018 18.122379
0.498211 18.085265
0.501405 18.042487
0.504599 17.994613
0.507792 17.942318
0.510986 17.886382
0.514180 17.840685
0.517374 17.927814
0.520567 18.019722
0.523761 18.114788
0.526954 18.203521
0.530148 18.166022
0.533342 18.062753
0.536536 17.956873
0.539729 17.852749
0.542923 17.752627
0.546117 17.658520
0.549310 17.572378
0.552504 17.496081
0.555697 17.431380
0.558891 17.379822
0.562085 17.368622
0.565279 17.407090
0.568472 17.455693
0.571666 17.513817
0.574859 17.580674
0.578053 17.655325
0.581247 17.736706
0.584441 17.823650
0.587634 17.914917
0.590828 18.009214
0.594021 18.105221
0.597215 18.201611
0.600409 18.297067
0.603602 18.390304
0.606796 18.480079
0.609990 18.565212
0.613183 18.644591
0.616377 18.717194
0.619571 18.782088
0.622764 18.838447
0.625958 18.885559
0.629152 18.922829
0.632345 18.949789
0.635539 18.966101
0.638733 18.971561


0.000000 18.971561
0.003194 18.970694
0.006387 18.968718
0.009581 18.967355
0.012775 18.968908
0.015968 18.975454
0.019162 18.988116
0.022356 19.006872
0.025549 19.030854
0.028743 19.058784
0.031937 19.089285
0.035130 19.121026
0.038324 19.152783
0.041518 19.183441
0.044711 19.211990
0.047905 19.237506
0.051099 19.259128
0.054292 19.276028
0.057486 19.287378
0.060680 19.292323
0.063873 19.289955
0.067067 19.279322
0.070261 19.259463
0.073454 19.229505
0.076648 19.188798
0.079842 19.137061
0.083035 19.074490
0.086229 19.001780
0.089423 18.920055
0.092616 18.830742
0.095810 18.735438
0.099004 18.635811
0.102197 18.533572
0.105391 18.430654
0.108585 18.331113
0.111778 18.297815
0.114972 18.390968
0.118166 18.490456
0.121359 18.586619
0.124553 18.677713
0.127747 18.762763
0.130940 18.841066
0.134134 18.912084
0.137327 18.975405
0.140521 19.030721
0.143715 19.077804
0.146908 19.116492
0.150102 19.146672
0.153296 19.168273
0.156490 19.181250
0.159683 19.185578

0.159683 19.185578
0.162877 19.185204
0.166071 19.181940
0.169264 19.170831
0.172458 19.146778
0.175651 19.106136
0.178845 19.047041
0.182039 18.969170
0.185232 18.873391
0.188426 18.761443
0.191620 18.635681
0.194814 18.498876
0.198007 18.354055
0.201201 18.204380
0.204395 18.053049
0.207588 17.903207
0.210782 17.757876
0.213976 17.619889
0.217169 17.491827
0.220363 17.375979
0.223556 17.274299
0.226750 17.188399
0.229944 17.119550
0.233137 17.068717
0.236331 17.036619
0.239525 17.023815
0.242718 17.030819
0.245912 17.058230
0.249106 17.106889
0.252299 17.178029
0.255493 17.273378
0.258687 17.395118
0.261880 17.545527
0.265074 17.726175
0.268268 17.936790
0.271461 18.174397
0.274655 18.433383
0.277849 18.706484
0.281042 18.986028
0.284236 19.264819
0.287430 19.536538
0.290623 19.795813
0.293817 20.038143
0.297011 20.259773
0.300204 20.457589
0.303398 20.629026
0.306592 20.771999
0.309785 20.884858
0.312979 20.966349
0.316173 21.015591
0.319366 21.032063

0.319366 21.032063
0.322560 21.015591
0.325754 20.966349
0.328947 20.884858
0.332141 20.771999
0.335335 20.629026
0.338528 20.457589
0.341722 20.259773
0.344916 20.038143
0.348109 19.795813
0.351303 19.536538
0.354497 19.264819
0.357690 18.986028
0.360884 18.706484
0.364078 18.433383
0.367271 18.174397
0.370465 17.936790
0.373659 17.726175
0.376852 17.545527
0.380046 17.395118
0.383240 17.273378
0.386433 17.178029
0.389627 17.106889
0.392821 17.058230
0.396014 17.030819
0.399208 17.023815
0.402402 17.036619
0.405595 17.068717
0.408789 17.119550
0.411983 17.188399
0.415176 17.274299
0.418370 17.375979
0.421564 17.491827
0.424757 17.619889
0.427951 17.757876
0.431145 17.903207
0.434338 18.053049
0.437532 18.204380
0.440726 18.354055
0.443919 18.498876
0.447113 18.635681
0.450307 18.761443
0.453500 18.873391
0.456694 18.969170
0.459888 19.047041
0.463081 19.106136
0.466275 19.146778
0.469469 19.170831
0.472662 19.181940
0.475856 19.185204
0.479050 19.185578

0.479050 19.185578
0.482243 19.181250
0.485437 19.168273
0.488631 19.146672
0.491824 19.116492
0.495018 19.077804
0.498211 19.030721
0.501405 18.975405
0.504599 18.912084
0.507792 18.841066
0.510986 18.762763
0.514180 18.677713
0.517374 18.586619
0.520567 18.490456
0.523761 18.390968
0.526954 18.297815
0.530148 18.331113
0.533342 18.430654
0.536536 18.533572
0.539729 18.635811
0.542923 18.735438
0.546117 18.830742
0.549310 18.920055
0.552504 19.001780
0.555697 19.074490
0.558891 19.137061
0.562085 19.188798
0.565279 19.229505
0.568472 19.259463
0.571666 19.279322
0.574859 19.289955
0.578053 19.292323
0.581247 19.287378
0.584441 19.276028
0.587634 19.259128
0.590828 19.237506
0.594021 19.211990
0.597215 19.183441
0.600409 19.152783
0.603602 19.121026
0.606796 19.089285
0.609990 19.058784
0.613183 19.030854
0.616377 19.006872
0.619571 18.988116
0.622764 18.975454
0.625958 18.968908
0.629152 18.967355
0.632345 18.968718
0.635539 18.970694
0.638733 18.971561


0.000000 21.792254
0.003194 21.788686
0.006387 21.778022
0.009581 21.760379
0.012775 21.735949
0.015968 21.704992
0.019162 21.667830
0.022356 21.624836
0.025549 21.576428
0.028743 21.523059
0.031937 21.465207
0.035130 21.403376
0.038324 21.338086
0.041518 21.269883
0.044711 21.199339
0.047905 21.127073
0.051099 21.053764
0.054292 20.980184
0.057486 20.907221
0.060680 20.835909
0.063873 20.767445
0.067067 20.703176
0.070261 20.644554
0.073454 20.593027
0.076648 20.549892
0.079842 20.516135
0.083035 20.492305
0.086229 20.478477
0.089423 20.474300
0.092616 20.479112
0.095810 20.492058
0.099004 20.512188
0.102197 20.538525
0.105391 20.570095
0.108585 20.605945
0.111778 20.645146
0.114972 20.686792
0.118166 20.730003
0.121359 20.773922
0.124553 20.817726
0.127747 20.860622
0.130940 20.901866
0.134134 20.940756
0.137327 20.976653
0.140521 21.008975
0.143715 21.037212
0.146908 21.060924
0.150102 21.079747
0.153296 21.093397
0.156490 21.101669
0.159683 21.104440

0.159683 21.104440
0.162877 21.100649
0.166071 21.089385
0.169264 21.070966
0.172458 21.045872
0.175651 21.014695
0.178845 20.978099
0.182039 20.936799
0.185232 20.891576
0.188426 20.843303
0.191620 20.792996
0.194814 20.741848
0.198007 20.691254
0.201201 20.642821
0.204395 20.598358
0.207588 20.559850
0.210782 20.529428
0.213976 20.509315
0.217169 20.501776
0.220363 20.509048
0.223556 20.533271
0.226750 20.576404
0.229944 20.640148
0.233137 20.725855
0.236331 20.834457
0.239525 20.966400
0.242718 21.121597
0.245912 21.299411
0.249106 21.498655
0.252299 21.717626
0.255493 21.954161
0.258687 22.205703
0.261880 22.469388
0.265074 22.742125
0.268268 23.020685
0.271461 23.301770
0.274655 23.582088
0.277849 23.858409
0.281042 24.127613
0.284236 24.386729
0.287430 24.632965
0.290623 24.863732
0.293817 25.076661
0.297011 25.269616
0.300204 25.440700
0.303398 25.588264
0.306592 25.710910
0.309785 25.807490
0.312979 25.877113
0.316173 25.919142
0.319366 25.933195

0.319366 25.933195
0.322560 25.919142
0.325754 25.877113
0.328947 25.807490
0.332141 25.710910
0.335335 25.588264
0.338528 25.440700
0.341722 25.269616
0.344916 25.076661
0.348109 24.863732
0.351303 24.632965
0.354497 24.386729
0.357690 24.127613
0.360884 23.858409
0.364078 23.582088
0.367271 23.301770
0.370465 23.020685
0.373659 22.742125
0.376852 22.469388
0.380046 22.205703
0.383240 21.954161
0.386433 21.717626
0.389627 21.498655
0.392821 21.299411
0.396014 21.121597
0.399208 20.966400
0.402402 20.834457
0.405595 20.725855
0.408789 20.640148
0.411983 20.576404
0.415176 20.533271
0.418370 20.509048
0.421564 20.501776
0.424757 20.509315
0.427951 20.529428
0.431145 20.559850
0.434338 20.598358
0.437532 20.642821
0.440726 20.691254
0.443919 20.741848
0.447113 20.792996
0.450307 20.843303
0.453500 20.891576
0.456694 20.936799
0.459888 20.978099
0.463081 21.014695
0.466275 21.045872
0.469469 21.070966
0.472662 21.089385
0.475856 21.100649
0.479050 21.104440

0.479050 21.104440
0.482243 21.101669
0.485437 21.093397
0.488631 21.079747
0.491824 21.060924
0.495018 21.037212
0.498211 21.008975
0.501405 20.976653
0.504599 20.940756
0.507792 20.901866
0.510986 20.860622
0.514180 20.817726
0.517374 20.773922
0.520567 20.730003
0.523761 20.686792
0.526954 20.645146
0.530148 20.605945
0.533342 20.570095
0.536536 20.538525
0.539729 20.512188
0.542923 20.492058
0.546117 20.479112
0.549310 20.474300
0.552504 20.478477
0.555697 20.492305
0.558891 20.516135
0.562085 20.549892
0.565279 20.593027
0.568472 20.644554
0.571666 20.703176
0.574859 20.767445
0.578053 20.835909
0.581247 20.907221
0.584441 20.980184
0.587634 21.053764
0.590828 21.127073
0.594021 21.199339
0.597215 21.269883
0.600409 21.338086
0.603602 21.403376
0.606796 21.465207
0.609990 21.523059
0.613183 21.576428
0.616377 21.624836
0.619571 21.667830
0.622764 21.704992
0.625958 21.735949
0.629152 21.760379
0.632345 21.778022
0.635539 21.788686
0.638733 21.792254



