# distance  frequency (bands are separated by blank lines)
# End points of segments: 
#   0.00000000 0.16481520 0.32963050 0.49444570 0.65926090 
0.000000 -2.024467
0.003296 -2.019459
0.006593 -2.004287
0.009889 -1.978511
0.013185 -1.941389
0.016481 -1.891836
0.019778 -1.828323
0.023074 -1.748703
0.026370 -1.649914
0.029667 -1.527422
0.032963 -1.374069
0.036259 -1.177162
0.039556 -0.908627
0.042852 -0.457720
0.046148 0.676588
0.049445 1.080536
0.052741 1.380875
0.056037 1.630447
0.059333 1.844468
0.062630 2.029096
0.065926 2.187645
0.069222 2.322840
0.072519 2.437775
0.075815 2.536212
0.079111 2.622484
0.082408 2.701196
0.085704 2.776870
0.089000 2.853631
0.092297 2.934973
0.095593 3.023604
0.098889 3.121380
0.102185 3.229305
0.105482 3.347593
0.108778 3.475770
0.112074 3.612808
0.115371 3.757269
0.118667 3.907438
0.121963 4.061449
0.125260 4.217395
0.128556 4.373400
0.131852 4.527686
0.135149 4.678601
0.138445 4.741779
0.141741 4.760233
0.145037 4.775379
0.148334 4.787538
0.151630 4.797013
0.154926 4.804074
0.158223 4.808947
0.161519 4.811801
0.164815 4.812740

0.164815 4.812740
0.168111 4.819569
0.171408 4.839860
0.174704 4.873039
0.178000 4.918173
0.181297 4.974001
0.184593 5.038981
0.187889 5.111326
0.191186 5.189057
0.194482 5.270053
0.197778 5.352110
0.201075 5.433018
0.204371 5.510666
0.207667 5.583152
0.210963 5.648892
0.214260 5.706666
0.217556 5.755593
0.220852 5.795018
0.224149 5.824263
0.227445 5.842107
0.230741 5.845833
0.234038 5.829811
0.237334 5.784202
0.240630 5.695858
0.243926 5.552799
0.247223 5.347926
0.250519 5.077772
0.253815 4.739213
0.257112 4.326590
0.260408 3.828035
0.263704 3.217370
0.267001 2.427342
0.270297 1.160066
0.273593 -1.796101
0.276890 -2.787466
0.280186 -3.498525
0.283482 -4.073583
0.286778 -4.560336
0.290075 -4.981432
0.293371 -5.349624
0.296667 -5.672854
0.299964 -5.956404
0.303260 -6.203944
0.306556 -6.418106
0.309853 -6.600815
0.313149 -6.753493
0.316445 -6.877196
0.319742 -6.972696
0.323038 -7.040546
0.326334 -7.081114
0.329630 -7.094614

0.329630 -7.094614
0.332927 -7.081114
0.336223 -7.040546
0.339519 -6.972696
0.342816 -6.877196
0.346112 -6.753493
0.349408 -6.600815
0.352705 -6.418106
0.356001 -6.203944
0.359297 -5.956404
0.362594 -5.672854
0.365890 -5.349624
0.369186 -4.981432
0.372482 -4.560336
0.375779 -4.073583
0.379075 -3.498525
0.382371 -2.787466
0.385668 -1.796101
0.388964 1.160066
0.392260 2.427342
0.395556 3.217370
0.398853 3.828035
0.402149 4.326590
0.405446 4.739213
0.408742 5.077772
0.412038 5.347926
0.415334 5.552799
0.418631 5.695858
0.421927 5.784202
0.425223 5.829811
0.428520 5.845833
0.431816 5.842107
0.435112 5.824263
0.438408 5.795018
0.441705 5.755593
0.445001 5.706666
0.448297 5.648892
0.451594 5.583152
0.454890 5.510666
0.458186 5.433018
0.461483 5.352110
0.464779 5.270053
0.468075 5.189057
0.471371 5.111326
0.474668 5.038981
0.477964 4.974001
0.481260 4.918173
0.484557 4.873039
0.487853 4.839860
0.491149 4.819569
0.494446 4.812740

0.494446 4.812740
0.497742 4.811801
0.501038 4.808947
0.504335 4.804074
0.507631 4.797013
0.510927 4.787538
0.514223 4.775379
0.517520 4.760233
0.520816 4.741779
0.524112 4.678601
0.527409 4.527686
0.530705 4.373400
0.534001 4.217395
0.537298 4.061449
0.540594 3.907438
0.543890 3.757269
0.547187 3.612808
0.550483 3.475770
0.553779 3.347593
0.557075 3.229305
0.560372 3.121380
0.563668 3.023604
0.566964 2.934973
0.570261 2.853631
0.573557 2.776870
0.576853 2.701196
0.580150 2.622484
0.583446 2.536212
0.586742 2.437775
0.590039 2.322840
0.593335 2.187645
0.596631 2.029096
0.599927 1.844468
0.603224 1.630447
0.606520 1.380875
0.609816 1.080536
0.613113 0.676588
0.616409 -0.457720
0.619705 -0.908627
0.623002 -1.177162
0.626298 -1.374069
0.629594 -1.527422
0.632891 -1.649914
0.636187 -1.748703
0.639483 -1.828323
0.642779 -1.891836
0.646076 -1.941389
0.649372 -1.978511
0.652668 -2.004287
0.655965 -2.019459
0.659261 -2.024467


0.000000 -0.503726
0.003296 -0.578670
0.006593 -0.609533
0.009889 -0.583727
0.013185 -0.504180
0.016481 -0.344212
0.019778 0.252731
0.023074 0.540976
0.026370 0.754276
0.029667 0.945758
0.032963 1.127495
0.036259 1.304266
0.039556 1.478196
0.042852 1.649983
0.046148 1.819290
0.049445 1.984882
0.052741 2.144726
0.056037 2.296188
0.059333 2.436395
0.062630 2.562760
0.065926 2.673574
0.069222 2.768494
0.072519 2.848755
0.075815 2.917041
0.079111 2.977092
0.082408 3.033202
0.085704 3.089724
0.089000 3.150673
0.092297 3.219439
0.095593 3.298599
0.098889 3.389821
0.102185 3.493854
0.105482 3.610588
0.108778 3.739174
0.112074 3.878186
0.115371 4.025782
0.118667 4.179866
0.121963 4.338226
0.125260 4.498631
0.128556 4.658911
0.131852 4.693662
0.135149 4.719694
0.138445 4.824644
0.141741 4.964462
0.145037 5.096832
0.148334 5.216430
0.151630 5.223515
0.154926 5.228862
0.158223 5.232594
0.161519 5.234798
0.164815 5.235527

0.164815 5.235527
0.168111 5.241725
0.171408 5.260121
0.174704 5.290118
0.178000 5.330732
0.181297 5.380603
0.184593 5.438016
0.187889 5.500938
0.191186 5.567100
0.194482 5.634152
0.197778 5.699867
0.201075 5.762318
0.204371 5.819911
0.207667 5.871382
0.210963 5.916002
0.214260 5.953887
0.217556 5.985869
0.220852 6.012744
0.224149 6.034369
0.227445 6.048926
0.230741 6.052149
0.234038 6.036390
0.237334 5.990645
0.240630 5.903337
0.243926 5.765159
0.247223 5.569395
0.250519 5.311591
0.253815 4.988451
0.257112 4.595742
0.260408 4.125264
0.263704 3.559373
0.267001 2.856561
0.270297 1.888038
0.273593 -1.025908
0.276890 -2.374140
0.280186 -3.184330
0.283482 -3.810687
0.286778 -4.329460
0.290075 -4.772444
0.293371 -5.156387
0.296667 -5.491307
0.299964 -5.783697
0.303260 -6.037993
0.306556 -6.257340
0.309853 -6.444020
0.313149 -6.599716
0.316445 -6.725670
0.319742 -6.822794
0.323038 -6.891738
0.326334 -6.932938
0.329630 -6.946644

0.329630 -6.946644
0.332927 -6.932938
0.336223 -6.891738
0.339519 -6.822794
0.342816 -6.725670
0.346112 -6.599716
0.349408 -6.444020
0.352705 -6.257340
0.356001 -6.037993
0.359297 -5.783697
0.362594 -5.491307
0.365890 -5.156387
0.369186 -4.772444
0.372482 -4.329460
0.375779 -3.810687
0.379075 -3.184330
0.382371 -2.374140
0.385668 -1.025908
0.388964 1.888038
0.392260 2.856561
0.395556 3.559373
0.398853 4.125264
0.402149 4.595742
0.405446 4.988451
0.408742 5.311591
0.412038 5.569395
0.415334 5.765159
0.418631 5.903337
0.421927 5.990645
0.425223 6.036390
0.428520 6.052149
0.431816 6.048926
0.435112 6.034369
0.438408 6.012744
0.441705 5.985869
0.445001 5.953887
0.448297 5.916002
0.451594 5.871382
0.454890 5.819911
0.458186 5.762318
0.461483 5.699867
0.464779 5.634152
0.468075 5.567100
0.471371 5.500938
0.474668 5.438016
0.477964 5.380603
0.481260 5.330732
0.484557 5.290118
0.487853 5.260121
0.491149 5.241725
0.494446 5.235527

0.494446 5.235527
0.497742 5.234798
0.501038 5.232594
0.504335 5.228862
0.507631 5.223515
0.510927 5.216430
0.514223 5.096832
0.517520 4.964462
0.520816 4.824644
0.524112 4.719694
0.527409 4.693662
0.530705 4.658911
0.534001 4.498631
0.537298 4.338226
0.540594 4.179866
0.543890 4.025782
0.547187 3.878186
0.550483 3.739174
0.553779 3.610588
0.557075 3.493854
0.560372 3.389821
0.563668 3.298599
0.566964 3.219439
0.570261 3.150673
0.573557 3.089724
0.576853 3.033202
0.580150 2.977092
0.583446 2.917041
0.586742 2.848755
0.590039 2.768494
0.593335 2.673574
0.596631 2.562760
0.599927 2.436395
0.603224 2.296188
0.606520 2.144726
0.609816 1.984882
0.613113 1.819290
0.616409 1.649983
0.619705 1.478196
0.623002 1.304266
0.626298 1.127495
0.629594 0.945758
0.632891 0.754276
0.636187 0.540976
0.639483 0.252731
0.642779 -0.344212
0.646076 -0.504180
0.649372 -0.583727
0.652668 -0.609533
0.655965 -0.578670
0.659261 -0.503726


0.000000 -0.503726
0.003296 -0.465996
0.006593 -0.328241
0.009889 0.270979
0.013185 0.569727
0.016481 0.802026
0.019778 1.013008
0.023074 1.212213
0.026370 1.402999
0.029667 1.586714
0.032963 1.763870
0.036259 1.934592
0.039556 2.098842
0.042852 2.256550
0.046148 2.407711
0.049445 2.552451
0.052741 2.691052
0.056037 2.823935
0.059333 2.951603
0.062630 3.074570
0.065926 3.193289
0.069222 3.308111
0.072519 3.419262
0.075815 3.526845
0.079111 3.630861
0.082408 3.731225
0.085704 3.827789
0.089000 3.920371
0.092297 4.008767
0.095593 4.092769
0.098889 4.172179
0.102185 4.246822
0.105482 4.316551
0.108778 4.381255
0.112074 4.440864
0.115371 4.495355
0.118667 4.544754
0.121963 4.589134
0.125260 4.628622
0.128556 4.663392
0.131852 4.816998
0.135149 4.970946
0.138445 5.118920
0.141741 5.196385
0.145037 5.207451
0.148334 5.220624
0.151630 5.334708
0.154926 5.437743
0.158223 5.527547
0.161519 5.598582
0.164815 5.630926

0.164815 5.630926
0.168111 5.634480
0.171408 5.645123
0.174704 5.662807
0.178000 5.687465
0.181297 5.719036
0.184593 5.757486
0.187889 5.802802
0.191186 5.854684
0.194482 5.882624
0.197778 5.913115
0.201075 5.945950
0.204371 5.980924
0.207667 6.017830
0.210963 6.056471
0.214260 6.096658
0.217556 6.138218
0.220852 6.180996
0.224149 6.224859
0.227445 6.269696
0.230741 6.287540
0.234038 6.281119
0.237334 6.272011
0.240630 6.267103
0.243926 6.270659
0.247223 6.283910
0.250519 6.306362
0.253815 6.337021
0.257112 6.375001
0.260408 6.419653
0.263704 6.470493
0.267001 6.527116
0.270297 6.589119
0.273593 6.656056
0.276890 6.727425
0.280186 6.802666
0.283482 6.881191
0.286778 6.962402
0.290075 7.045714
0.293371 7.130539
0.296667 7.216265
0.299964 7.302215
0.303260 7.387619
0.306556 7.471587
0.309853 7.553072
0.313149 7.630797
0.316445 7.703108
0.319742 7.767669
0.323038 7.820903
0.326334 7.857392
0.329630 7.870655

0.329630 7.870655
0.332927 7.857392
0.336223 7.820903
0.339519 7.767669
0.342816 7.703108
0.346112 7.630797
0.349408 7.553072
0.352705 7.471587
0.356001 7.387619
0.359297 7.302215
0.362594 7.216265
0.365890 7.130539
0.369186 7.045714
0.372482 6.962402
0.375779 6.881191
0.379075 6.802666
0.382371 6.727425
0.385668 6.656056
0.388964 6.589119
0.392260 6.527116
0.395556 6.470493
0.398853 6.419653
0.402149 6.375001
0.405446 6.337021
0.408742 6.306362
0.412038 6.283910
0.415334 6.270659
0.418631 6.267103
0.421927 6.272011
0.425223 6.281119
0.428520 6.287540
0.431816 6.269696
0.435112 6.224859
0.438408 6.180996
0.441705 6.138218
0.445001 6.096658
0.448297 6.056471
0.451594 6.017830
0.454890 5.980924
0.458186 5.945950
0.461483 5.913115
0.464779 5.882624
0.468075 5.854684
0.471371 5.802802
0.474668 5.757486
0.477964 5.719036
0.481260 5.687465
0.484557 5.662807
0.487853 5.645123
0.491149 5.634480
0.494446 5.630926

0.494446 5.630926
0.497742 5.598582
0.501038 5.527547
0.504335 5.437743
0.507631 5.334708
0.510927 5.220624
0.514223 5.207451
0.517520 5.196385
0.520816 5.118920
0.524112 4.970946
0.527409 4.816998
0.530705 4.663392
0.534001 4.628622
0.537298 4.589134
0.540594 4.544754
0.543890 4.495355
0.547187 4.440864
0.550483 4.381255
0.553779 4.316551
0.557075 4.246822
0.560372 4.172179
0.563668 4.092769
0.566964 4.008767
0.570261 3.920371
0.573557 3.827789
0.576853 3.731225
0.580150 3.630861
0.583446 3.526845
0.586742 3.419262
0.590039 3.308111
0.593335 3.193289
0.596631 3.074570
0.599927 2.951603
0.603224 2.823935
0.606520 2.691052
0.609816 2.552451
0.613113 2.407711
0.616409 2.256550
0.619705 2.098842
0.623002 1.934592
0.626298 1.763870
0.629594 1.586714
0.632891 1.402999
0.636187 1.212213
0.639483 1.013008
0.642779 0.802026
0.646076 0.569727
0.649372 0.270979
0.652668 -0.328241
0.655965 -0.465996
0.659261 -0.503726


0.000000 -0.345382
0.003296 0.295366
0.006593 0.705882
0.009889 1.041706
0.013185 1.360228
0.016481 1.669394
0.019778 1.969944
0.023074 2.260766
0.026370 2.540162
0.029667 2.739276
0.032963 2.808483
0.036259 2.884937
0.039556 2.968441
0.042852 3.058661
0.046148 3.155080
0.049445 3.256965
0.052741 3.363360
0.056037 3.473127
0.059333 3.585014
0.062630 3.697740
0.065926 3.810077
0.069222 3.920910
0.072519 4.029262
0.075815 4.134311
0.079111 4.235377
0.082408 4.331918
0.085704 4.423508
0.089000 4.509832
0.092297 4.590669
0.095593 4.665884
0.098889 4.735420
0.102185 4.799291
0.105482 4.857577
0.108778 4.910415
0.112074 4.957994
0.115371 5.000550
0.118667 5.038353
0.121963 5.071704
0.125260 5.100923
0.128556 5.126338
0.131852 5.148279
0.135149 5.167068
0.138445 5.183009
0.141741 5.259149
0.145037 5.389799
0.148334 5.508694
0.151630 5.612569
0.154926 5.695182
0.158223 5.744466
0.161519 5.752084
0.164815 5.743444

0.164815 5.743444
0.168111 5.745260
0.171408 5.750694
0.174704 5.759699
0.178000 5.772198
0.181297 5.788087
0.184593 5.807236
0.187889 5.829492
0.191186 5.854937
0.194482 5.913644
0.197778 5.978134
0.201075 6.045624
0.204371 6.089949
0.207667 6.118344
0.210963 6.149963
0.214260 6.184276
0.217556 6.218505
0.220852 6.249003
0.224149 6.272187
0.227445 6.285328
0.230741 6.315424
0.234038 6.361983
0.237334 6.409344
0.240630 6.457499
0.243926 6.506466
0.247223 6.519973
0.250519 6.536977
0.253815 6.561189
0.257112 6.591546
0.260408 6.627439
0.263704 6.668637
0.267001 6.715138
0.270297 6.767059
0.273593 6.824540
0.276890 6.887674
0.280186 6.956441
0.283482 7.030662
0.286778 7.109958
0.290075 7.193740
0.293371 7.281232
0.296667 7.371525
0.299964 7.463633
0.303260 7.556545
0.306556 7.623595
0.309853 7.680662
0.313149 7.733031
0.316445 7.779210
0.319742 7.817575
0.323038 7.846494
0.326334 7.864523
0.329630 7.870655

0.329630 7.870655
0.332927 7.864523
0.336223 7.846494
0.339519 7.817575
0.342816 7.779210
0.346112 7.733031
0.349408 7.680662
0.352705 7.623595
0.356001 7.556545
0.359297 7.463633
0.362594 7.371525
0.365890 7.281232
0.369186 7.193740
0.372482 7.109958
0.375779 7.030662
0.379075 6.956441
0.382371 6.887674
0.385668 6.824540
0.388964 6.767059
0.392260 6.715138
0.395556 6.668637
0.398853 6.627439
0.402149 6.591546
0.405446 6.561189
0.408742 6.536977
0.412038 6.519973
0.415334 6.506466
0.418631 6.457499
0.421927 6.409344
0.425223 6.361983
0.428520 6.315424
0.431816 6.285328
0.435112 6.272187
0.438408 6.249003
0.441705 6.218505
0.445001 6.184276
0.448297 6.149963
0.451594 6.118344
0.454890 6.089949
0.458186 6.045624
0.461483 5.978134
0.464779 5.913644
0.468075 5.854937
0.471371 5.829492
0.474668 5.807236
0.477964 5.788087
0.481260 5.772198
0.484557 5.759699
0.487853 5.750694
0.491149 5.745260
0.494446 5.743444

0.494446 5.743444
0.497742 5.752084
0.501038 5.744466
0.504335 5.695182
0.507631 5.612569
0.510927 5.508694
0.514223 5.389799
0.517520 5.259149
0.520816 5.183009
0.524112 5.167068
0.527409 5.148279
0.530705 5.126338
0.534001 5.100923
0.537298 5.071704
0.540594 5.038353
0.543890 5.000550
0.547187 4.957994
0.550483 4.910415
0.553779 4.857577
0.557075 4.799291
0.560372 4.735420
0.563668 4.665884
0.566964 4.590669
0.570261 4.509832
0.573557 4.423508
0.576853 4.331918
0.580150 4.235377
0.583446 4.134311
0.586742 4.029262
0.590039 3.920910
0.593335 3.810077
0.596631 3.697740
0.599927 3.585014
0.603224 3.473127
0.606520 3.363360
0.609816 3.256965
0.613113 3.155080
0.616409 3.058661
0.619705 2.968441
0.623002 2.884937
0.626298 2.808483
0.629594 2.739276
0.632891 2.540162
0.636187 2.260766
0.639483 1.969944
0.642779 1.669394
0.646076 1.360228
0.649372 1.041706
0.652668 0.705882
0.655965 0.295366
0.659261 -0.345382


0.000000 2.446105
0.003296 2.449690
0.006593 2.460452
0.009889 2.478411
0.013185 2.503599
0.016481 2.536053
0.019778 2.575817
0.023074 2.622927
0.026370 2.677412
0.029667 2.806212
0.032963 3.056913
0.036259 3.290324
0.039556 3.504832
0.042852 3.699538
0.046148 3.874615
0.049445 4.031371
0.052741 4.171979
0.056037 4.299090
0.059333 4.415519
0.062630 4.523982
0.065926 4.626835
0.069222 4.725849
0.072519 4.822084
0.075815 4.915943
0.079111 5.007365
0.082408 5.096061
0.085704 5.181708
0.089000 5.264058
0.092297 5.342964
0.095593 5.418352
0.098889 5.490179
0.102185 5.558392
0.105482 5.622903
0.108778 5.683572
0.112074 5.740209
0.115371 5.792573
0.118667 5.840368
0.121963 5.883244
0.125260 5.920795
0.128556 5.952566
0.131852 5.978078
0.135149 5.996859
0.138445 6.008497
0.141741 6.012708
0.145037 6.009471
0.148334 5.999298
0.151630 5.983922
0.154926 5.968072
0.158223 5.962103
0.161519 5.972848
0.164815 5.982021

0.164815 5.982021
0.168111 5.982657
0.171408 5.984567
0.174704 5.987762
0.178000 5.992264
0.181297 5.998116
0.184593 6.005396
0.187889 6.014238
0.191186 6.024864
0.194482 6.037643
0.197778 6.053232
0.201075 6.073850
0.204371 6.124560
0.207667 6.196379
0.210963 6.267438
0.214260 6.334169
0.217556 6.393927
0.220852 6.444345
0.224149 6.483369
0.227445 6.509513
0.230741 6.522394
0.234038 6.523636
0.237334 6.517751
0.240630 6.511609
0.243926 6.511432
0.247223 6.556287
0.250519 6.607016
0.253815 6.658723
0.257112 6.711487
0.260408 6.765385
0.263704 6.820493
0.267001 6.876873
0.270297 6.934570
0.273593 6.993603
0.276890 7.053957
0.280186 7.115576
0.283482 7.178348
0.286778 7.242100
0.290075 7.306580
0.293371 7.371444
0.296667 7.436239
0.299964 7.500380
0.303260 7.563135
0.306556 7.649266
0.309853 7.740839
0.313149 7.830359
0.316445 7.916982
0.319742 7.999913
0.323038 8.078366
0.326334 8.151275
0.329630 8.213191

0.329630 8.213191
0.332927 8.151275
0.336223 8.078366
0.339519 7.999913
0.342816 7.916982
0.346112 7.830359
0.349408 7.740839
0.352705 7.649266
0.356001 7.563135
0.359297 7.500380
0.362594 7.436239
0.365890 7.371444
0.369186 7.306580
0.372482 7.242100
0.375779 7.178348
0.379075 7.115576
0.382371 7.053957
0.385668 6.993603
0.388964 6.934570
0.392260 6.876873
0.395556 6.820493
0.398853 6.765385
0.402149 6.711487
0.405446 6.658723
0.408742 6.607016
0.412038 6.556287
0.415334 6.511432
0.418631 6.511609
0.421927 6.517751
0.425223 6.523636
0.428520 6.522394
0.431816 6.509513
0.435112 6.483369
0.438408 6.444345
0.441705 6.393927
0.445001 6.334169
0.448297 6.267438
0.451594 6.196379
0.454890 6.124560
0.458186 6.073850
0.461483 6.053232
0.464779 6.037643
0.468075 6.024864
0.471371 6.014238
0.474668 6.005396
0.477964 5.998116
0.481260 5.992264
0.484557 5.987762
0.487853 5.984567
0.491149 5.982657
0.494446 5.982021

0.494446 5.982021
0.497742 5.972848
0.501038 5.962103
0.504335 5.968072
0.507631 5.983922
0.510927 5.999298
0.514223 6.009471
0.517520 6.012708
0.520816 6.008497
0.524112 5.996859
0.527409 5.978078
0.530705 5.952566
0.534001 5.920795
0.537298 5.883244
0.540594 5.840368
0.543890 5.792573
0.547187 5.740209
0.550483 5.683572
0.553779 5.622903
0.557075 5.558392
0.560372 5.490179
0.563668 5.418352
0.566964 5.342964
0.570261 5.264058
0.573557 5.181708
0.576853 5.096061
0.580150 5.007365
0.583446 4.915943
0.586742 4.822084
0.590039 4.725849
0.593335 4.626835
0.596631 4.523982
0.599927 4.415519
0.603224 4.299090
0.606520 4.171979
0.609816 4.031371
0.613113 3.874615
0.616409 3.699538
0.619705 3.504832
0.623002 3.290324
0.626298 3.056913
0.629594 2.806212
0.632891 2.677412
0.636187 2.622927
0.639483 2.575817
0.642779 2.536053
0.646076 2.503599
0.649372 2.478411
0.652668 2.460452
0.655965 2.449690
0.659261 2.446105


0.000000 2.446105
0.003296 2.462381
0.006593 2.510275
0.009889 2.587178
0.013185 2.689299
0.016481 2.812256
0.019778 2.951602
0.023074 3.103179
0.026370 3.263334
0.029667 3.429004
0.032963 3.597712
0.036259 3.767474
0.039556 3.936565
0.042852 4.103203
0.046148 4.265303
0.049445 4.420577
0.052741 4.566978
0.056037 4.703180
0.059333 4.828802
0.062630 4.944302
0.065926 5.050627
0.069222 5.148813
0.072519 5.239706
0.075815 5.323887
0.079111 5.401779
0.082408 5.473795
0.085704 5.540462
0.089000 5.602445
0.092297 5.660520
0.095593 5.715498
0.098889 5.768140
0.102185 5.819085
0.105482 5.868782
0.108778 5.917458
0.112074 5.965092
0.115371 6.011428
0.118667 6.056003
0.121963 6.098189
0.125260 6.137251
0.128556 6.172391
0.131852 6.202790
0.135149 6.227640
0.138445 6.246178
0.141741 6.257711
0.145037 6.261670
0.148334 6.257683
0.151630 6.245726
0.154926 6.226462
0.158223 6.202080
0.161519 6.178409
0.164815 6.167522

0.164815 6.167522
0.168111 6.168532
0.171408 6.171561
0.174704 6.176612
0.178000 6.183685
0.181297 6.192781
0.184593 6.203898
0.187889 6.217029
0.191186 6.232162
0.194482 6.249279
0.197778 6.268351
0.201075 6.289344
0.204371 6.312211
0.207667 6.336902
0.210963 6.363357
0.214260 6.391513
0.217556 6.421306
0.220852 6.452675
0.224149 6.485564
0.227445 6.519929
0.230741 6.555738
0.234038 6.592975
0.237334 6.631647
0.240630 6.671781
0.243926 6.713427
0.247223 6.756657
0.250519 6.801565
0.253815 6.848260
0.257112 6.896866
0.260408 6.947514
0.263704 7.000334
0.267001 7.055447
0.270297 7.112954
0.273593 7.172929
0.276890 7.235404
0.280186 7.300360
0.283482 7.367716
0.286778 7.437320
0.290075 7.508934
0.293371 7.582225
0.296667 7.656745
0.299964 7.731912
0.303260 7.806978
0.306556 7.880984
0.309853 7.952696
0.313149 8.020521
0.316445 8.082403
0.319742 8.135747
0.323038 8.177452
0.326334 8.204263
0.329630 8.213545

0.329630 8.213545
0.332927 8.204263
0.336223 8.177452
0.339519 8.135747
0.342816 8.082403
0.346112 8.020521
0.349408 7.952696
0.352705 7.880984
0.356001 7.806978
0.359297 7.731912
0.362594 7.656745
0.365890 7.582225
0.369186 7.508934
0.372482 7.437320
0.375779 7.367716
0.379075 7.300360
0.382371 7.235404
0.385668 7.172929
0.388964 7.112954
0.392260 7.055447
0.395556 7.000334
0.398853 6.947514
0.402149 6.896866
0.405446 6.848260
0.408742 6.801565
0.412038 6.756657
0.415334 6.713427
0.418631 6.671781
0.421927 6.631647
0.425223 6.592975
0.428520 6.555738
0.431816 6.519929
0.435112 6.485564
0.438408 6.452675
0.441705 6.421306
0.445001 6.391513
0.448297 6.363357
0.451594 6.336902
0.454890 6.312211
0.458186 6.289344
0.461483 6.268351
0.464779 6.249279
0.468075 6.232162
0.471371 6.217029
0.474668 6.203898
0.477964 6.192781
0.481260 6.183685
0.484557 6.176612
0.487853 6.171561
0.491149 6.168532
0.494446 6.167522

0.494446 6.167522
0.497742 6.178409
0.501038 6.202080
0.504335 6.226462
0.507631 6.245726
0.510927 6.257683
0.514223 6.261670
0.517520 6.257711
0.520816 6.246178
0.524112 6.227640
0.527409 6.202790
0.530705 6.172391
0.534001 6.137251
0.537298 6.098189
0.540594 6.056003
0.543890 6.011428
0.547187 5.965092
0.550483 5.917458
0.553779 5.868782
0.557075 5.819085
0.560372 5.768140
0.563668 5.715498
0.566964 5.660520
0.570261 5.602445
0.573557 5.540462
0.576853 5.473795
0.580150 5.401779
0.583446 5.323887
0.586742 5.239706
0.590039 5.148813
0.593335 5.050627
0.596631 4.944302
0.599927 4.828802
0.603224 4.703180
0.606520 4.566978
0.609816 4.420577
0.613113 4.265303
0.616409 4.103203
0.619705 3.936565
0.623002 3.767474
0.626298 3.597712
0.629594 3.429004
0.632891 3.263334
0.636187 3.103179
0.639483 2.951602
0.642779 2.812256
0.646076 2.689299
0.649372 2.587178
0.652668 2.510275
0.655965 2.462381
0.659261 2.446105


0.000000 9.840610
0.003296 9.838595
0.006593 9.831441
0.009889 9.815794
0.013185 9.786273
0.016481 9.736602
0.019778 9.661722
0.023074 9.558471
0.026370 9.426664
0.029667 9.276522
0.032963 9.118712
0.036259 8.961089
0.039556 8.810772
0.042852 8.674704
0.046148 8.559692
0.049445 8.472252
0.052741 8.418306
0.056037 8.402805
0.059333 8.429300
0.062630 8.499586
0.065926 8.613473
0.069222 8.768748
0.072519 8.961289
0.075815 9.185291
0.079111 9.433545
0.082408 9.687319
0.085704 9.658148
0.089000 9.626777
0.092297 9.593321
0.095593 9.557934
0.098889 9.520813
0.102185 9.482189
0.105482 9.442333
0.108778 9.401551
0.112074 9.360177
0.115371 9.318572
0.118667 9.277118
0.121963 9.236212
0.125260 9.196259
0.128556 9.157665
0.131852 9.120833
0.135149 9.086155
0.138445 9.054005
0.141741 9.024735
0.145037 8.998668
0.148334 8.976095
0.151630 8.957268
0.154926 8.942400
0.158223 8.931658
0.161519 8.925163
0.164815 8.922990

0.164815 8.922990
0.168111 8.923301
0.171408 8.924262
0.174704 8.925952
0.178000 8.928500
0.181297 8.932066
0.184593 8.936834
0.187889 8.942996
0.191186 8.950735
0.194482 8.960211
0.197778 8.971550
0.201075 8.984835
0.204371 9.000096
0.207667 9.017308
0.210963 9.036389
0.214260 9.057201
0.217556 9.079553
0.220852 9.103208
0.224149 9.127885
0.227445 9.153273
0.230741 9.179030
0.234038 9.204801
0.237334 9.230216
0.240630 9.254905
0.243926 9.250560
0.247223 9.088660
0.250519 8.951680
0.253815 8.839097
0.257112 8.748874
0.260408 8.678073
0.263704 8.623460
0.267001 8.581925
0.270297 8.550686
0.273593 8.527349
0.276890 8.509875
0.280186 8.496531
0.283482 8.485828
0.286778 8.476481
0.290075 8.467370
0.293371 8.457522
0.296667 8.446099
0.299964 8.432402
0.303260 8.415881
0.306556 8.396159
0.309853 8.373088
0.313149 8.346836
0.316445 8.318062
0.319742 8.288239
0.323038 8.260173
0.326334 8.238137
0.329630 8.213545

0.329630 8.213545
0.332927 8.238137
0.336223 8.260173
0.339519 8.288239
0.342816 8.318062
0.346112 8.346836
0.349408 8.373088
0.352705 8.396159
0.356001 8.415881
0.359297 8.432402
0.362594 8.446099
0.365890 8.457522
0.369186 8.467370
0.372482 8.476481
0.375779 8.485828
0.379075 8.496531
0.382371 8.509875
0.385668 8.527349
0.388964 8.550686
0.392260 8.581925
0.395556 8.623460
0.398853 8.678073
0.402149 8.748874
0.405446 8.839097
0.408742 8.951680
0.412038 9.088660
0.415334 9.250560
0.418631 9.254905
0.421927 9.230216
0.425223 9.204801
0.428520 9.179030
0.431816 9.153273
0.435112 9.127885
0.438408 9.103208
0.441705 9.079553
0.445001 9.057201
0.448297 9.036389
0.451594 9.017308
0.454890 9.000096
0.458186 8.984835
0.461483 8.971550
0.464779 8.960211
0.468075 8.950735
0.471371 8.942996
0.474668 8.936834
0.477964 8.932066
0.481260 8.928500
0.484557 8.925952
0.487853 8.924262
0.491149 8.923301
0.494446 8.922990

0.494446 8.922990
0.497742 8.925163
0.501038 8.931658
0.504335 8.942400
0.507631 8.957268
0.510927 8.976095
0.514223 8.998668
0.517520 9.024735
0.520816 9.054005
0.524112 9.086155
0.527409 9.120833
0.530705 9.157665
0.534001 9.196259
0.537298 9.236212
0.540594 9.277118
0.543890 9.318572
0.547187 9.360177
0.550483 9.401551
0.553779 9.442333
0.557075 9.482189
0.560372 9.520813
0.563668 9.557934
0.566964 9.593321
0.570261 9.626777
0.573557 9.658148
0.576853 9.687319
0.580150 9.433545
0.583446 9.185291
0.586742 8.961289
0.590039 8.768748
0.593335 8.613473
0.596631 8.499586
0.599927 8.429300
0.603224 8.402805
0.606520 8.418306
0.609816 8.472252
0.613113 8.559692
0.616409 8.674704
0.619705 8.810772
0.623002 8.961089
0.626298 9.118712
0.629594 9.276522
0.632891 9.426664
0.636187 9.558471
0.639483 9.661722
0.642779 9.736602
0.646076 9.786273
0.649372 9.815794
0.652668 9.831441
0.655965 9.838595
0.659261 9.840610


0.000000 9.840610
0.003296 9.841219
0.006593 9.842987
0.009889 9.845748
0.013185 9.849245
0.016481 9.792139
0.019778 9.699152
0.023074 9.584927
0.026370 9.459085
0.029667 9.324118
0.032963 9.183012
0.036259 9.041673
0.039556 8.906693
0.042852 8.784724
0.046148 8.682267
0.049445 8.605463
0.052741 8.559824
0.056037 8.549922
0.059333 8.579057
0.062630 8.648983
0.065926 8.759716
0.069222 8.909455
0.072519 9.094599
0.075815 9.309868
0.079111 9.548492
0.082408 9.697764
0.085704 9.780511
0.089000 9.752033
0.092297 9.721349
0.095593 9.688582
0.098889 9.653895
0.102185 9.617500
0.105482 9.579646
0.108778 9.540627
0.112074 9.500770
0.115371 9.460437
0.118667 9.420013
0.121963 9.379907
0.125260 9.340538
0.128556 9.302334
0.131852 9.265722
0.135149 9.231119
0.138445 9.198930
0.141741 9.169535
0.145037 9.143288
0.148334 9.120506
0.151630 9.101470
0.154926 9.086412
0.158223 9.075521
0.161519 9.068932
0.164815 9.066726

0.164815 9.066726
0.168111 9.067295
0.171408 9.069018
0.174704 9.071936
0.178000 9.076117
0.181297 9.081645
0.184593 9.088612
0.187889 9.097111
0.191186 9.107223
0.194482 9.119011
0.197778 9.132512
0.201075 9.147730
0.204371 9.164632
0.207667 9.183146
0.210963 9.203158
0.214260 9.224516
0.217556 9.247032
0.220852 9.270483
0.224149 9.294613
0.227445 9.319146
0.230741 9.343780
0.234038 9.368202
0.237334 9.392087
0.240630 9.415105
0.243926 9.278502
0.247223 9.197266
0.250519 9.067618
0.253815 8.961065
0.257112 8.875533
0.260408 8.808275
0.263704 8.756352
0.267001 8.716948
0.270297 8.687523
0.273593 8.665846
0.276890 8.649975
0.280186 8.638205
0.283482 8.629026
0.286778 8.621081
0.290075 8.613146
0.293371 8.604111
0.296667 8.592975
0.299964 8.578841
0.303260 8.560919
0.306556 8.538533
0.309853 8.511120
0.313149 8.478242
0.316445 8.439594
0.319742 8.395031
0.323038 8.344674
0.326334 8.289692
0.329630 8.249968

0.329630 8.249968
0.332927 8.289692
0.336223 8.344674
0.339519 8.395031
0.342816 8.439594
0.346112 8.478242
0.349408 8.511120
0.352705 8.538533
0.356001 8.560919
0.359297 8.578841
0.362594 8.592975
0.365890 8.604111
0.369186 8.613146
0.372482 8.621081
0.375779 8.629026
0.379075 8.638205
0.382371 8.649975
0.385668 8.665846
0.388964 8.687523
0.392260 8.716948
0.395556 8.756352
0.398853 8.808275
0.402149 8.875533
0.405446 8.961065
0.408742 9.067618
0.412038 9.197266
0.415334 9.278502
0.418631 9.415105
0.421927 9.392087
0.425223 9.368202
0.428520 9.343780
0.431816 9.319146
0.435112 9.294613
0.438408 9.270483
0.441705 9.247032
0.445001 9.224516
0.448297 9.203158
0.451594 9.183146
0.454890 9.164632
0.458186 9.147730
0.461483 9.132512
0.464779 9.119011
0.468075 9.107223
0.471371 9.097111
0.474668 9.088612
0.477964 9.081645
0.481260 9.076117
0.484557 9.071936
0.487853 9.069018
0.491149 9.067295
0.494446 9.066726

0.494446 9.066726
0.497742 9.068932
0.501038 9.075521
0.504335 9.086412
0.507631 9.101470
0.510927 9.120506
0.514223 9.143288
0.517520 9.169535
0.520816 9.198930
0.524112 9.231119
0.527409 9.265722
0.530705 9.302334
0.534001 9.340538
0.537298 9.379907
0.540594 9.420013
0.543890 9.460437
0.547187 9.500770
0.550483 9.540627
0.553779 9.579646
0.557075 9.617500
0.560372 9.653895
0.563668 9.688582
0.566964 9.721349
0.570261 9.752033
0.573557 9.780511
0.576853 9.697764
0.580150 9.548492
0.583446 9.309868
0.586742 9.094599
0.590039 8.909455
0.593335 8.759716
0.596631 8.648983
0.599927 8.579057
0.603224 8.549922
0.606520 8.559824
0.609816 8.605463
0.613113 8.682267
0.616409 8.784724
0.619705 8.906693
0.623002 9.041673
0.626298 9.183012
0.629594 9.324118
0.632891 9.459085
0.636187 9.584927
0.639483 9.699152
0.642779 9.792139
0.646076 9.849245
0.649372 9.845748
0.652668 9.842987
0.655965 9.841219
0.659261 9.840610


0.000000 9.935208
0.003296 9.932239
0.006593 9.921825
0.009889 9.899461
0.013185 9.858343
0.016481 9.853170
0.019778 9.857189
0.023074 9.860979
0.026370 9.864242
0.029667 9.866723
0.032963 9.868205
0.036259 9.868513
0.039556 9.867499
0.042852 9.865038
0.046148 9.861019
0.049445 9.855339
0.052741 9.847897
0.056037 9.838595
0.059333 9.827338
0.062630 9.814032
0.065926 9.798592
0.069222 9.780940
0.072519 9.761017
0.075815 9.738779
0.079111 9.714210
0.082408 9.802508
0.085704 9.968979
0.089000 10.238063
0.092297 10.496467
0.095593 10.737111
0.098889 10.955211
0.102185 11.148642
0.105482 11.317642
0.108778 11.464052
0.112074 11.590476
0.115371 11.699649
0.118667 11.794094
0.121963 11.875973
0.125260 11.947069
0.128556 12.008799
0.131852 12.062196
0.135149 12.107697
0.138445 12.145542
0.141741 12.177058
0.145037 12.203298
0.148334 12.224821
0.151630 12.242002
0.154926 12.255110
0.158223 12.264341
0.161519 12.269828
0.164815 12.271649

0.164815 12.271649
0.168111 12.273109
0.171408 12.277425
0.174704 12.284402
0.178000 12.293724
0.181297 12.304966
0.184593 12.317619
0.187889 12.331115
0.191186 12.344874
0.194482 12.358325
0.197778 12.370927
0.201075 12.261541
0.204371 12.044209
0.207667 11.817063
0.210963 11.581694
0.214260 11.339749
0.217556 11.092979
0.220852 10.843304
0.224149 10.592904
0.227445 10.344320
0.230741 10.100568
0.234038 9.865206
0.237334 9.642284
0.240630 9.436081
0.243926 9.350887
0.247223 9.300651
0.250519 9.321014
0.253815 9.339273
0.257112 9.355135
0.260408 9.368340
0.263704 9.378657
0.267001 9.385891
0.270297 9.389883
0.273593 9.390511
0.276890 9.387696
0.280186 9.381400
0.283482 9.371627
0.286778 9.358437
0.290075 9.341941
0.293371 9.322322
0.296667 9.299840
0.299964 9.274857
0.303260 9.247852
0.306556 9.219447
0.309853 9.190411
0.313149 9.161653
0.316445 9.134170
0.319742 9.109038
0.323038 9.087757
0.326334 9.072914
0.329630 9.067518

0.329630 9.067518
0.332927 9.072914
0.336223 9.087757
0.339519 9.109038
0.342816 9.134170
0.346112 9.161653
0.349408 9.190411
0.352705 9.219447
0.356001 9.247852
0.359297 9.274857
0.362594 9.299840
0.365890 9.322322
0.369186 9.341941
0.372482 9.358437
0.375779 9.371627
0.379075 9.381400
0.382371 9.387696
0.385668 9.390511
0.388964 9.389883
0.392260 9.385891
0.395556 9.378657
0.398853 9.368340
0.402149 9.355135
0.405446 9.339273
0.408742 9.321014
0.412038 9.300651
0.415334 9.350887
0.418631 9.436081
0.421927 9.642284
0.425223 9.865206
0.428520 10.100568
0.431816 10.344320
0.435112 10.592904
0.438408 10.843304
0.441705 11.092979
0.445001 11.339749
0.448297 11.581694
0.451594 11.817063
0.454890 12.044209
0.458186 12.261541
0.461483 12.370927
0.464779 12.358325
0.468075 12.344874
0.471371 12.331115
0.474668 12.317619
0.477964 12.304966
0.481260 12.293724
0.484557 12.284402
0.487853 12.277425
0.491149 12.273109
0.494446 12.271649

0.494446 12.271649
0.497742 12.269828
0.501038 12.264341
0.504335 12.255110
0.507631 12.242002
0.510927 12.224821
0.514223 12.203298
0.517520 12.177058
0.520816 12.145542
0.524112 12.107697
0.527409 12.062196
0.530705 12.008799
0.534001 11.947069
0.537298 11.875973
0.540594 11.794094
0.543890 11.699649
0.547187 11.590476
0.550483 11.464052
0.553779 11.317642
0.557075 11.148642
0.560372 10.955211
0.563668 10.737111
0.566964 10.496467
0.570261 10.238063
0.573557 9.968979
0.576853 9.802508
0.580150 9.714210
0.583446 9.738779
0.586742 9.761017
0.590039 9.780940
0.593335 9.798592
0.596631 9.814032
0.599927 9.827338
0.603224 9.838595
0.606520 9.847897
0.609816 9.855339
0.613113 9.861019
0.616409 9.865038
0.619705 9.867499
0.623002 9.868513
0.626298 9.868205
0.629594 9.866723
0.632891 9.864242
0.636187 9.860979
0.639483 9.857189
0.642779 9.853170
0.646076 9.858343
0.649372 9.899461
0.652668 9.921825
0.655965 9.932239
0.659261 9.935208


0.000000 9.935208
0.003296 9.935745
0.006593 9.937303
0.009889 9.939724
0.013185 9.942774
0.016481 9.946173
0.019778 9.949629
0.023074 9.952866
0.026370 9.955645
0.029667 9.957771
0.032963 9.959085
0.036259 9.959460
0.039556 9.958788
0.042852 9.956970
0.046148 9.953907
0.049445 9.949500
0.052741 9.943639
0.056037 9.936212
0.059333 9.927097
0.062630 9.916174
0.065926 9.903323
0.069222 9.888431
0.072519 9.871395
0.075815 9.852131
0.079111 9.830579
0.082408 9.806706
0.085704 10.063179
0.089000 10.321607
0.092297 10.569547
0.095593 10.800310
0.098889 11.009480
0.102185 11.195137
0.105482 11.357496
0.108778 11.498203
0.112074 11.619608
0.115371 11.724218
0.118667 11.814390
0.121963 11.892196
0.125260 11.959402
0.128556 12.017501
0.131852 12.067828
0.135149 12.111860
0.138445 12.150899
0.141741 12.184856
0.145037 12.213673
0.148334 12.237572
0.151630 12.256797
0.154926 12.271550
0.158223 12.281983
0.161519 12.288201
0.164815 12.290267

0.164815 12.290267
0.168111 12.291601
0.171408 12.295558
0.174704 12.302003
0.178000 12.310722
0.181297 12.321424
0.184593 12.333752
0.187889 12.347283
0.191186 12.361523
0.194482 12.375908
0.197778 12.389827
0.201075 12.318342
0.204371 12.101234
0.207667 11.874416
0.210963 11.639508
0.214260 11.398220
0.217556 11.152419
0.220852 10.904196
0.224149 10.655960
0.227445 10.410524
0.230741 10.171164
0.234038 9.941599
0.237334 9.725834
0.240630 9.527811
0.243926 9.436926
0.247223 9.457225
0.250519 9.475685
0.253815 9.492001
0.257112 9.505883
0.260408 9.517061
0.263704 9.525284
0.267001 9.530323
0.270297 9.531973
0.273593 9.530053
0.276890 9.524407
0.280186 9.514910
0.283482 9.501465
0.286778 9.484015
0.290075 9.462548
0.293371 9.437116
0.296667 9.407856
0.299964 9.375027
0.303260 9.339056
0.306556 9.300610
0.309853 9.260692
0.313149 9.220776
0.316445 9.182961
0.319742 9.150023
0.323038 9.124907
0.326334 9.109524
0.329630 9.104391

0.329630 9.104391
0.332927 9.109524
0.336223 9.124907
0.339519 9.150023
0.342816 9.182961
0.346112 9.220776
0.349408 9.260692
0.352705 9.300610
0.356001 9.339056
0.359297 9.375027
0.362594 9.407856
0.365890 9.437116
0.369186 9.462548
0.372482 9.484015
0.375779 9.501465
0.379075 9.514910
0.382371 9.524407
0.385668 9.530053
0.388964 9.531973
0.392260 9.530323
0.395556 9.525284
0.398853 9.517061
0.402149 9.505883
0.405446 9.492001
0.408742 9.475685
0.412038 9.457225
0.415334 9.436926
0.418631 9.527811
0.421927 9.725834
0.425223 9.941599
0.428520 10.171164
0.431816 10.410524
0.435112 10.655960
0.438408 10.904196
0.441705 11.152419
0.445001 11.398220
0.448297 11.639508
0.451594 11.874416
0.454890 12.101234
0.458186 12.318342
0.461483 12.389827
0.464779 12.375908
0.468075 12.361523
0.471371 12.347283
0.474668 12.333752
0.477964 12.321424
0.481260 12.310722
0.484557 12.302003
0.487853 12.295558
0.491149 12.291601
0.494446 12.290267

0.494446 12.290267
0.497742 12.288201
0.501038 12.281983
0.504335 12.271550
0.507631 12.256797
0.510927 12.237572
0.514223 12.213673
0.517520 12.184856
0.520816 12.150899
0.524112 12.111860
0.527409 12.067828
0.530705 12.017501
0.534001 11.959402
0.537298 11.892196
0.540594 11.814390
0.543890 11.724218
0.547187 11.619608
0.550483 11.498203
0.553779 11.357496
0.557075 11.195137
0.560372 11.009480
0.563668 10.800310
0.566964 10.569547
0.570261 10.321607
0.573557 10.063179
0.576853 9.806706
0.580150 9.830579
0.583446 9.852131
0.586742 9.871395
0.590039 9.888431
0.593335 9.903323
0.596631 9.916174
0.599927 9.927097
0.603224 9.936212
0.606520 9.943639
0.609816 9.949500
0.613113 9.953907
0.616409 9.956970
0.619705 9.958788
0.623002 9.959460
0.626298 9.959085
0.629594 9.957771
0.632891 9.955645
0.636187 9.952866
0.639483 9.949629
0.642779 9.946173
0.646076 9.942774
0.649372 9.939724
0.652668 9.937303
0.655965 9.935745
0.659261 9.935208


0.000000 10.480328
0.003296 10.473959
0.006593 10.456622
0.009889 10.433644
0.013185 10.413308
0.016481 10.404269
0.019778 10.411797
0.023074 10.436604
0.026370 10.476810
0.029667 10.529978
0.032963 10.593974
0.036259 10.667116
0.039556 10.748103
0.042852 10.835923
0.046148 10.929784
0.049445 11.029068
0.052741 11.133312
0.056037 11.242207
0.059333 11.355612
0.062630 11.473585
0.065926 11.596418
0.069222 11.724691
0.072519 11.859330
0.075815 11.954776
0.079111 12.047202
0.082408 12.138921
0.085704 12.229786
0.089000 12.319636
0.092297 12.408283
0.095593 12.495520
0.098889 12.581123
0.102185 12.664857
0.105482 12.746474
0.108778 12.825720
0.112074 12.902336
0.115371 12.976058
0.118667 13.046619
0.121963 13.113751
0.125260 13.177190
0.128556 13.236676
0.131852 13.291955
0.135149 13.342785
0.138445 13.388938
0.141741 13.430199
0.145037 13.466376
0.148334 13.497293
0.151630 13.522801
0.154926 13.542774
0.158223 13.557112
0.161519 13.565744
0.164815 13.568626

0.164815 13.568626
0.168111 13.556410
0.171408 13.519935
0.174704 13.459718
0.178000 13.376579
0.181297 13.271593
0.184593 13.146034
0.187889 13.001317
0.191186 12.838948
0.194482 12.660481
0.197778 12.467488
0.201075 12.382169
0.204371 12.391559
0.207667 12.398631
0.210963 12.402945
0.214260 12.404098
0.217556 12.401723
0.220852 12.395499
0.224149 12.385150
0.227445 12.370449
0.230741 12.351216
0.234038 12.327322
0.237334 12.298681
0.240630 12.265256
0.243926 12.227049
0.247223 12.184102
0.250519 12.136486
0.253815 12.084301
0.257112 12.027674
0.260408 11.966782
0.263704 11.901893
0.267001 11.833402
0.270297 11.761834
0.273593 11.687802
0.276890 11.611979
0.280186 11.535072
0.283482 11.457824
0.286778 11.381009
0.290075 11.305426
0.293371 11.231897
0.296667 11.161256
0.299964 11.094334
0.303260 11.031947
0.306556 10.974876
0.309853 10.923847
0.313149 10.879517
0.316445 10.842455
0.319742 10.813135
0.323038 10.791927
0.326334 10.779097
0.329630 10.774803

0.329630 10.774803
0.332927 10.779097
0.336223 10.791927
0.339519 10.813135
0.342816 10.842455
0.346112 10.879517
0.349408 10.923847
0.352705 10.974876
0.356001 11.031947
0.359297 11.094334
0.362594 11.161256
0.365890 11.231897
0.369186 11.305426
0.372482 11.381009
0.375779 11.457824
0.379075 11.535072
0.382371 11.611979
0.385668 11.687802
0.388964 11.761834
0.392260 11.833402
0.395556 11.901893
0.398853 11.966782
0.402149 12.027674
0.405446 12.084301
0.408742 12.136486
0.412038 12.184102
0.415334 12.227049
0.418631 12.265256
0.421927 12.298681
0.425223 12.327322
0.428520 12.351216
0.431816 12.370449
0.435112 12.385150
0.438408 12.395499
0.441705 12.401723
0.445001 12.404098
0.448297 12.402945
0.451594 12.398631
0.454890 12.391559
0.458186 12.382169
0.461483 12.467488
0.464779 12.660481
0.468075 12.838948
0.471371 13.001317
0.474668 13.146034
0.477964 13.271593
0.481260 13.376579
0.484557 13.459718
0.487853 13.519935
0.491149 13.556410
0.494446 13.568626

0.494446 13.568626
0.497742 13.565744
0.501038 13.557112
0.504335 13.542774
0.507631 13.522801
0.510927 13.497293
0.514223 13.466376
0.517520 13.430199
0.520816 13.388938
0.524112 13.342785
0.527409 13.291955
0.530705 13.236676
0.534001 13.177190
0.537298 13.113751
0.540594 13.046619
0.543890 12.976058
0.547187 12.902336
0.550483 12.825720
0.553779 12.746474
0.557075 12.664857
0.560372 12.581123
0.563668 12.495520
0.566964 12.408283
0.570261 12.319636
0.573557 12.229786
0.576853 12.138921
0.580150 12.047202
0.583446 11.954776
0.586742 11.859330
0.590039 11.724691
0.593335 11.596418
0.596631 11.473585
0.599927 11.355612
0.603224 11.242207
0.606520 11.133312
0.609816 11.029068
0.613113 10.929784
0.616409 10.835923
0.619705 10.748103
0.623002 10.667116
0.626298 10.593974
0.629594 10.529978
0.632891 10.476810
0.636187 10.436604
0.639483 10.411797
0.642779 10.404269
0.646076 10.413308
0.649372 10.433644
0.652668 10.456622
0.655965 10.473959
0.659261 10.480328


0.000000 10.480328
0.003296 10.483801
0.006593 10.494243
0.009889 10.511707
0.013185 10.536256
0.016481 10.529139
0.019778 10.527512
0.023074 10.542860
0.026370 10.574694
0.029667 10.620870
0.032963 10.679029
0.036259 10.747199
0.039556 10.823883
0.042852 10.907982
0.046148 10.998710
0.049445 11.095517
0.052741 11.198053
0.056037 11.306139
0.059333 11.419769
0.062630 11.539116
0.065926 11.664569
0.069222 11.768447
0.072519 11.861793
0.075815 11.976206
0.079111 12.068759
0.082408 12.161258
0.085704 12.253362
0.089000 12.344753
0.092297 12.435143
0.095593 12.524262
0.098889 12.611847
0.102185 12.697638
0.105482 12.781368
0.108778 12.862766
0.112074 12.941556
0.115371 13.017453
0.118667 13.090171
0.121963 13.159423
0.125260 13.224921
0.128556 13.286386
0.131852 13.343544
0.135149 13.396134
0.138445 13.443909
0.141741 13.486642
0.145037 13.524122
0.148334 13.556164
0.151630 13.582606
0.154926 13.603315
0.158223 13.618184
0.161519 13.627136
0.164815 13.630125

0.164815 13.630125
0.168111 13.617740
0.171408 13.580790
0.174704 13.519870
0.178000 13.435911
0.181297 13.330106
0.184593 13.203828
0.187889 13.058556
0.191186 12.895824
0.194482 12.717180
0.197778 12.524172
0.201075 12.402648
0.204371 12.413750
0.207667 12.422545
0.210963 12.428489
0.214260 12.431091
0.217556 12.429918
0.220852 12.424597
0.224149 12.414816
0.227445 12.400326
0.230741 12.380939
0.234038 12.356531
0.237334 12.327042
0.240630 12.292475
0.243926 12.252903
0.247223 12.208471
0.250519 12.159399
0.253815 12.105996
0.257112 12.048648
0.260408 11.987805
0.263704 11.923939
0.267001 11.857498
0.270297 11.788916
0.273593 11.718640
0.276890 11.647163
0.280186 11.575037
0.283482 11.502872
0.286778 11.431328
0.290075 11.361103
0.293371 11.292926
0.296667 11.227543
0.299964 11.165702
0.303260 11.108135
0.306556 11.055542
0.309853 11.008575
0.313149 10.967819
0.316445 10.933779
0.319742 10.906873
0.323038 10.887424
0.326334 10.875664
0.329630 10.871729

0.329630 10.871729
0.332927 10.875664
0.336223 10.887424
0.339519 10.906873
0.342816 10.933779
0.346112 10.967819
0.349408 11.008575
0.352705 11.055542
0.356001 11.108135
0.359297 11.165702
0.362594 11.227543
0.365890 11.292926
0.369186 11.361103
0.372482 11.431328
0.375779 11.502872
0.379075 11.575037
0.382371 11.647163
0.385668 11.718640
0.388964 11.788916
0.392260 11.857498
0.395556 11.923939
0.398853 11.987805
0.402149 12.048648
0.405446 12.105996
0.408742 12.159399
0.412038 12.208471
0.415334 12.252903
0.418631 12.292475
0.421927 12.327042
0.425223 12.356531
0.428520 12.380939
0.431816 12.400326
0.435112 12.414816
0.438408 12.424597
0.441705 12.429918
0.445001 12.431091
0.448297 12.428489
0.451594 12.422545
0.454890 12.413750
0.458186 12.402648
0.461483 12.524172
0.464779 12.717180
0.468075 12.895824
0.471371 13.058556
0.474668 13.203828
0.477964 13.330106
0.481260 13.435911
0.484557 13.519870
0.487853 13.580790
0.491149 13.617740
0.494446 13.630125

0.494446 13.630125
0.497742 13.627136
0.501038 13.618184
0.504335 13.603315
0.507631 13.582606
0.510927 13.556164
0.514223 13.524122
0.517520 13.486642
0.520816 13.443909
0.524112 13.396134
0.527409 13.343544
0.530705 13.286386
0.534001 13.224921
0.537298 13.159423
0.540594 13.090171
0.543890 13.017453
0.547187 12.941556
0.550483 12.862766
0.553779 12.781368
0.557075 12.697638
0.560372 12.611847
0.563668 12.524262
0.566964 12.435143
0.570261 12.344753
0.573557 12.253362
0.576853 12.161258
0.580150 12.068759
0.583446 11.976206
0.586742 11.861793
0.590039 11.768447
0.593335 11.664569
0.596631 11.539116
0.599927 11.419769
0.603224 11.306139
0.606520 11.198053
0.609816 11.095517
0.613113 10.998710
0.616409 10.907982
0.619705 10.823883
0.623002 10.747199
0.626298 10.679029
0.629594 10.620870
0.632891 10.574694
0.636187 10.542860
0.639483 10.527512
0.642779 10.529139
0.646076 10.536256
0.649372 10.511707
0.652668 10.494243
0.655965 10.483801
0.659261 10.480328


0.000000 10.614676
0.003296 10.608601
0.006593 10.591766
0.009889 10.568320
0.013185 10.544865
0.016481 10.567915
0.019778 10.606644
0.023074 10.652303
0.026370 10.704640
0.029667 10.763300
0.032963 10.827833
0.036259 10.897722
0.039556 10.972407
0.042852 11.051305
0.046148 11.133833
0.049445 11.219417
0.052741 11.307509
0.056037 11.397587
0.059333 11.489161
0.062630 11.581773
0.065926 11.674996
0.069222 11.792366
0.072519 11.883959
0.075815 12.001678
0.079111 12.153559
0.082408 12.317309
0.085704 12.495702
0.089000 12.691678
0.092297 12.907788
0.095593 13.145402
0.098889 13.403910
0.102185 13.680319
0.105482 13.969418
0.108778 14.264361
0.112074 14.557260
0.115371 14.839607
0.118667 15.102782
0.121963 15.339454
0.125260 15.546186
0.128556 15.725061
0.131852 15.881699
0.135149 16.021629
0.138445 16.148398
0.141741 16.263529
0.145037 16.367104
0.148334 16.458322
0.151630 16.535896
0.154926 16.598344
0.158223 16.644213
0.161519 16.672282
0.164815 16.681734

0.164815 16.681734
0.168111 16.680246
0.171408 16.675794
0.174704 16.668410
0.178000 16.658150
0.181297 16.645087
0.184593 16.629317
0.187889 16.610955
0.191186 16.590130
0.194482 16.566991
0.197778 16.541699
0.201075 16.514429
0.204371 16.485368
0.207667 16.454713
0.210963 16.422668
0.214260 16.389446
0.217556 16.355261
0.220852 16.320333
0.224149 16.284881
0.227445 16.199407
0.230741 16.063030
0.234038 15.935237
0.237334 15.817484
0.240630 15.710952
0.243926 15.616508
0.247223 15.534689
0.250519 15.465706
0.253815 15.409449
0.257112 15.365526
0.260408 15.333295
0.263704 15.311916
0.267001 15.300399
0.270297 15.297652
0.273593 15.302525
0.276890 15.313846
0.280186 15.330456
0.283482 15.351233
0.286778 15.375105
0.290075 15.401073
0.293371 15.428211
0.296667 15.455674
0.299964 15.482702
0.303260 15.508616
0.306556 15.532821
0.309853 15.554802
0.313149 15.574119
0.316445 15.590408
0.319742 15.603377
0.323038 15.612798
0.326334 15.618514
0.329630 15.620430

0.329630 15.620430
0.332927 15.618514
0.336223 15.612798
0.339519 15.603377
0.342816 15.590408
0.346112 15.574119
0.349408 15.554802
0.352705 15.532821
0.356001 15.508616
0.359297 15.482702
0.362594 15.455674
0.365890 15.428211
0.369186 15.401073
0.372482 15.375105
0.375779 15.351233
0.379075 15.330456
0.382371 15.313846
0.385668 15.302525
0.388964 15.297652
0.392260 15.300399
0.395556 15.311916
0.398853 15.333295
0.402149 15.365526
0.405446 15.409449
0.408742 15.465706
0.412038 15.534689
0.415334 15.616508
0.418631 15.710952
0.421927 15.817484
0.425223 15.935237
0.428520 16.063030
0.431816 16.199407
0.435112 16.284881
0.438408 16.320333
0.441705 16.355261
0.445001 16.389446
0.448297 16.422668
0.451594 16.454713
0.454890 16.485368
0.458186 16.514429
0.461483 16.541699
0.464779 16.566991
0.468075 16.590130
0.471371 16.610955
0.474668 16.629317
0.477964 16.645087
0.481260 16.658150
0.484557 16.668410
0.487853 16.675794
0.491149 16.680246
0.494446 16.681734

0.494446 16.681734
0.497742 16.672282
0.501038 16.644213
0.504335 16.598344
0.507631 16.535896
0.510927 16.458322
0.514223 16.367104
0.517520 16.263529
0.520816 16.148398
0.524112 16.021629
0.527409 15.881699
0.530705 15.725061
0.534001 15.546186
0.537298 15.339454
0.540594 15.102782
0.543890 14.839607
0.547187 14.557260
0.550483 14.264361
0.553779 13.969418
0.557075 13.680319
0.560372 13.403910
0.563668 13.145402
0.566964 12.907788
0.570261 12.691678
0.573557 12.495702
0.576853 12.317309
0.580150 12.153559
0.583446 12.001678
0.586742 11.883959
0.590039 11.792366
0.593335 11.674996
0.596631 11.581773
0.599927 11.489161
0.603224 11.397587
0.606520 11.307509
0.609816 11.219417
0.613113 11.133833
0.616409 11.051305
0.619705 10.972407
0.623002 10.897722
0.626298 10.827833
0.629594 10.763300
0.632891 10.704640
0.636187 10.652303
0.639483 10.606644
0.642779 10.567915
0.646076 10.544865
0.649372 10.568320
0.652668 10.591766
0.655965 10.608601
0.659261 10.614676


0.000000 10.614676
0.003296 10.617764
0.006593 10.627036
0.009889 10.642508
0.013185 10.664192
0.016481 10.692081
0.019778 10.726130
0.023074 10.766242
0.026370 10.812252
0.029667 10.863933
0.032963 10.920993
0.036259 10.983086
0.039556 11.049827
0.042852 11.120805
0.046148 11.195594
0.049445 11.273771
0.052741 11.354920
0.056037 11.438647
0.059333 11.524582
0.062630 11.612385
0.065926 11.701743
0.069222 11.796785
0.072519 11.936764
0.075815 12.085920
0.079111 12.246152
0.082408 12.419840
0.085704 12.609716
0.089000 12.818511
0.092297 13.048350
0.095593 13.299980
0.098889 13.572128
0.102185 13.861294
0.105482 14.162036
0.108778 14.467511
0.112074 14.769895
0.115371 15.060520
0.118667 15.330052
0.121963 15.569925
0.125260 15.776128
0.128556 15.952085
0.131852 16.105556
0.135149 16.243308
0.138445 16.369139
0.141741 16.484422
0.145037 16.589016
0.148334 16.681908
0.151630 16.761587
0.154926 16.826285
0.158223 16.874193
0.161519 16.903700
0.164815 16.913672

0.164815 16.913672
0.168111 16.912105
0.171408 16.907416
0.174704 16.899650
0.178000 16.888877
0.181297 16.875196
0.184593 16.858728
0.187889 16.839618
0.191186 16.818028
0.194482 16.794139
0.197778 16.768141
0.201075 16.740238
0.204371 16.710635
0.207667 16.679545
0.210963 16.647179
0.214260 16.613745
0.217556 16.579451
0.220852 16.490960
0.224149 16.342677
0.227445 16.249124
0.230741 16.213274
0.234038 16.137261
0.237334 16.023477
0.240630 15.920787
0.243926 15.829910
0.247223 15.751271
0.250519 15.685004
0.253815 15.630964
0.257112 15.588744
0.260408 15.557719
0.263704 15.537075
0.267001 15.525863
0.270297 15.523034
0.273593 15.527486
0.276890 15.538094
0.280186 15.553745
0.283482 15.573360
0.286778 15.595912
0.290075 15.620442
0.293371 15.646064
0.296667 15.671974
0.299964 15.675971
0.303260 15.664490
0.306556 15.654298
0.309853 15.645408
0.313149 15.637836
0.316445 15.631604
0.319742 15.626731
0.323038 15.623236
0.326334 15.621133
0.329630 15.620430

0.329630 15.620430
0.332927 15.621133
0.336223 15.623236
0.339519 15.626731
0.342816 15.631604
0.346112 15.637836
0.349408 15.645408
0.352705 15.654298
0.356001 15.664490
0.359297 15.675971
0.362594 15.671974
0.365890 15.646064
0.369186 15.620442
0.372482 15.595912
0.375779 15.573360
0.379075 15.553745
0.382371 15.538094
0.385668 15.527486
0.388964 15.523034
0.392260 15.525863
0.395556 15.537075
0.398853 15.557719
0.402149 15.588744
0.405446 15.630964
0.408742 15.685004
0.412038 15.751271
0.415334 15.829910
0.418631 15.920787
0.421927 16.023477
0.425223 16.137261
0.428520 16.213274
0.431816 16.249124
0.435112 16.342677
0.438408 16.490960
0.441705 16.579451
0.445001 16.613745
0.448297 16.647179
0.451594 16.679545
0.454890 16.710635
0.458186 16.740238
0.461483 16.768141
0.464779 16.794139
0.468075 16.818028
0.471371 16.839618
0.474668 16.858728
0.477964 16.875196
0.481260 16.888877
0.484557 16.899650
0.487853 16.907416
0.491149 16.912105
0.494446 16.913672

0.494446 16.913672
0.497742 16.903700
0.501038 16.874193
0.504335 16.826285
0.507631 16.761587
0.510927 16.681908
0.514223 16.589016
0.517520 16.484422
0.520816 16.369139
0.524112 16.243308
0.527409 16.105556
0.530705 15.952085
0.534001 15.776128
0.537298 15.569925
0.540594 15.330052
0.543890 15.060520
0.547187 14.769895
0.550483 14.467511
0.553779 14.162036
0.557075 13.861294
0.560372 13.572128
0.563668 13.299980
0.566964 13.048350
0.570261 12.818511
0.573557 12.609716
0.576853 12.419840
0.580150 12.246152
0.583446 12.085920
0.586742 11.936764
0.590039 11.796785
0.593335 11.701743
0.596631 11.612385
0.599927 11.524582
0.603224 11.438647
0.606520 11.354920
0.609816 11.273771
0.613113 11.195594
0.616409 11.120805
0.619705 11.049827
0.623002 10.983086
0.626298 10.920993
0.629594 10.863933
0.632891 10.812252
0.636187 10.766242
0.639483 10.726130
0.642779 10.692081
0.646076 10.664192
0.649372 10.642508
0.652668 10.627036
0.655965 10.617764
0.659261 10.614676


0.000000 18.907638
0.003296 18.902217
0.006593 18.885776
0.009889 18.857799
0.013185 18.817488
0.016481 18.763868
0.019778 18.695958
0.023074 18.612971
0.026370 18.514524
0.029667 18.400759
0.032963 18.272374
0.036259 18.130553
0.039556 17.976868
0.042852 17.813169
0.046148 17.641508
0.049445 17.464078
0.052741 17.283173
0.056037 17.101158
0.059333 16.920434
0.062630 16.743413
0.065926 16.572490
0.069222 16.410006
0.072519 16.258217
0.075815 16.119238
0.079111 15.994971
0.082408 15.887029
0.085704 15.796684
0.089000 15.724861
0.092297 15.672204
0.095593 15.639171
0.098889 15.626105
0.102185 15.633290
0.105482 15.661019
0.108778 15.709720
0.112074 15.780170
0.115371 15.873712
0.118667 15.992221
0.121963 16.137116
0.125260 16.306735
0.128556 16.493957
0.131852 16.687909
0.135149 16.878108
0.138445 17.056606
0.141741 17.217976
0.145037 17.358697
0.148334 17.476681
0.151630 17.571037
0.154926 17.641964
0.158223 17.690599
0.161519 17.718665
0.164815 17.727793

0.164815 17.727793
0.168111 17.730676
0.171408 17.739039
0.174704 17.751948
0.178000 17.767416
0.181297 17.780590
0.184593 17.777995
0.187889 17.744456
0.191186 17.681619
0.194482 17.594612
0.197778 17.488241
0.201075 17.366834
0.204371 17.233960
0.207667 17.092580
0.210963 16.945272
0.214260 16.794406
0.217556 16.642241
0.220852 16.544496
0.224149 16.509075
0.227445 16.393891
0.230741 16.261147
0.234038 16.177538
0.237334 16.142116
0.240630 16.107192
0.243926 16.072942
0.247223 16.039521
0.250519 16.007070
0.253815 15.975708
0.257112 15.945536
0.260408 15.916633
0.263704 15.889058
0.267001 15.862851
0.270297 15.838036
0.273593 15.814619
0.276890 15.792597
0.280186 15.771954
0.283482 15.752672
0.286778 15.734728
0.290075 15.718102
0.293371 15.702774
0.296667 15.688733
0.299964 15.697451
0.303260 15.721854
0.306556 15.744626
0.309853 15.765285
0.313149 15.783424
0.316445 15.798708
0.319742 15.810868
0.323038 15.819698
0.326334 15.825053
0.329630 15.826847

0.329630 15.826847
0.332927 15.825053
0.336223 15.819698
0.339519 15.810868
0.342816 15.798708
0.346112 15.783424
0.349408 15.765285
0.352705 15.744626
0.356001 15.721854
0.359297 15.697451
0.362594 15.688733
0.365890 15.702774
0.369186 15.718102
0.372482 15.734728
0.375779 15.752672
0.379075 15.771954
0.382371 15.792597
0.385668 15.814619
0.388964 15.838036
0.392260 15.862851
0.395556 15.889058
0.398853 15.916633
0.402149 15.945536
0.405446 15.975708
0.408742 16.007070
0.412038 16.039521
0.415334 16.072942
0.418631 16.107192
0.421927 16.142116
0.425223 16.177538
0.428520 16.261147
0.431816 16.393891
0.435112 16.509075
0.438408 16.544496
0.441705 16.642241
0.445001 16.794406
0.448297 16.945272
0.451594 17.092580
0.454890 17.233960
0.458186 17.366834
0.461483 17.488241
0.464779 17.594612
0.468075 17.681619
0.471371 17.744456
0.474668 17.777995
0.477964 17.780590
0.481260 17.767416
0.484557 17.751948
0.487853 17.739039
0.491149 17.730676
0.494446 17.727793

0.494446 17.727793
0.497742 17.718665
0.501038 17.690599
0.504335 17.641964
0.507631 17.571037
0.510927 17.476681
0.514223 17.358697
0.517520 17.217976
0.520816 17.056606
0.524112 16.878108
0.527409 16.687909
0.530705 16.493957
0.534001 16.306735
0.537298 16.137116
0.540594 15.992221
0.543890 15.873712
0.547187 15.780170
0.550483 15.709720
0.553779 15.661019
0.557075 15.633290
0.560372 15.626105
0.563668 15.639171
0.566964 15.672204
0.570261 15.724861
0.573557 15.796684
0.576853 15.887029
0.580150 15.994971
0.583446 16.119238
0.586742 16.258217
0.590039 16.410006
0.593335 16.572490
0.596631 16.743413
0.599927 16.920434
0.603224 17.101158
0.606520 17.283173
0.609816 17.464078
0.613113 17.641508
0.616409 17.813169
0.619705 17.976868
0.623002 18.130553
0.626298 18.272374
0.629594 18.400759
0.632891 18.514524
0.636187 18.612971
0.639483 18.695958
0.642779 18.763868
0.646076 18.817488
0.649372 18.857799
0.652668 18.885776
0.655965 18.902217
0.659261 18.907638


0.000000 19.253582
0.003296 19.246209
0.006593 19.224035
0.009889 19.186911
0.013185 19.134600
0.016481 19.066817
0.019778 18.983278
0.023074 18.883793
0.026370 18.768387
0.029667 18.637432
0.032963 18.491737
0.036259 18.332560
0.039556 18.161565
0.042852 17.980740
0.046148 17.792323
0.049445 17.598726
0.052741 17.402486
0.056037 17.206213
0.059333 17.012545
0.062630 16.824095
0.065926 16.643398
0.069222 16.472850
0.072519 16.314660
0.075815 16.170816
0.079111 16.043075
0.082408 15.932977
0.085704 15.841857
0.089000 15.770818
0.092297 15.720680
0.095593 15.691924
0.098889 15.684703
0.102185 15.698943
0.105482 15.734521
0.108778 15.791524
0.112074 15.870601
0.115371 15.973350
0.118667 16.102319
0.121963 16.259416
0.125260 16.442173
0.128556 16.641524
0.131852 16.845066
0.135149 17.041741
0.138445 17.223456
0.141741 17.384580
0.145037 17.521241
0.148334 17.631137
0.151630 17.713928
0.154926 17.771665
0.158223 17.808330
0.161519 17.828265
0.164815 17.834554

0.164815 17.834554
0.168111 17.835467
0.171408 17.837804
0.174704 17.840335
0.178000 17.841086
0.181297 17.838571
0.184593 17.836939
0.187889 17.838694
0.191186 17.825155
0.194482 17.773279
0.197778 17.680192
0.201075 17.560588
0.204371 17.425849
0.207667 17.282084
0.210963 17.133024
0.214260 16.981444
0.217556 16.829694
0.220852 16.679900
0.224149 16.534026
0.227445 16.473378
0.230741 16.437584
0.234038 16.401867
0.237334 16.366393
0.240630 16.331319
0.243926 16.296793
0.247223 16.262952
0.250519 16.229924
0.253815 16.197824
0.257112 16.166756
0.260408 16.136811
0.263704 16.108068
0.267001 16.080591
0.270297 16.054437
0.273593 16.029647
0.276890 16.006254
0.280186 15.984284
0.283482 15.963753
0.286778 15.944671
0.290075 15.927042
0.293371 15.910868
0.296667 15.896145
0.299964 15.882866
0.303260 15.871024
0.306556 15.860610
0.309853 15.851612
0.313149 15.844020
0.316445 15.837824
0.319742 15.833016
0.323038 15.829587
0.326334 15.827532
0.329630 15.826847

0.329630 15.826847
0.332927 15.827532
0.336223 15.829587
0.339519 15.833016
0.342816 15.837824
0.346112 15.844020
0.349408 15.851612
0.352705 15.860610
0.356001 15.871024
0.359297 15.882866
0.362594 15.896145
0.365890 15.910868
0.369186 15.927042
0.372482 15.944671
0.375779 15.963753
0.379075 15.984284
0.382371 16.006254
0.385668 16.029647
0.388964 16.054437
0.392260 16.080591
0.395556 16.108068
0.398853 16.136811
0.402149 16.166756
0.405446 16.197824
0.408742 16.229924
0.412038 16.262952
0.415334 16.296793
0.418631 16.331319
0.421927 16.366393
0.425223 16.401867
0.428520 16.437584
0.431816 16.473378
0.435112 16.534026
0.438408 16.679900
0.441705 16.829694
0.445001 16.981444
0.448297 17.133024
0.451594 17.282084
0.454890 17.425849
0.458186 17.560588
0.461483 17.680192
0.464779 17.773279
0.468075 17.825155
0.471371 17.838694
0.474668 17.836939
0.477964 17.838571
0.481260 17.841086
0.484557 17.840335
0.487853 17.837804
0.491149 17.835467
0.494446 17.834554

0.494446 17.834554
0.497742 17.828265
0.501038 17.808330
0.504335 17.771665
0.507631 17.713928
0.510927 17.631137
0.514223 17.521241
0.517520 17.384580
0.520816 17.223456
0.524112 17.041741
0.527409 16.845066
0.530705 16.641524
0.534001 16.442173
0.537298 16.259416
0.540594 16.102319
0.543890 15.973350
0.547187 15.870601
0.550483 15.791524
0.553779 15.734521
0.557075 15.698943
0.560372 15.684703
0.563668 15.691924
0.566964 15.720680
0.570261 15.770818
0.573557 15.841857
0.576853 15.932977
0.580150 16.043075
0.583446 16.170816
0.586742 16.314660
0.590039 16.472850
0.593335 16.643398
0.596631 16.824095
0.599927 17.012545
0.603224 17.206213
0.606520 17.402486
0.609816 17.598726
0.613113 17.792323
0.616409 17.980740
0.619705 18.161565
0.623002 18.332560
0.626298 18.491737
0.629594 18.637432
0.632891 18.768387
0.636187 18.883793
0.639483 18.983278
0.642779 19.066817
0.646076 19.134600
0.649372 19.186911
0.652668 19.224035
0.655965 19.246209
0.659261 19.253582


0.000000 19.879235
0.003296 19.874328
0.006593 19.859568
0.009889 19.835013
0.013185 19.801217
0.016481 19.759520
0.019778 19.711914
0.023074 19.660628
0.026370 19.607700
0.029667 19.554682
0.032963 19.502530
0.036259 19.451640
0.039556 19.401999
0.042852 19.353340
0.046148 19.305277
0.049445 19.257393
0.052741 19.209303
0.056037 19.160711
0.059333 19.111472
0.062630 19.061646
0.065926 19.011515
0.069222 18.961537
0.072519 18.912254
0.075815 18.864209
0.079111 18.817889
0.082408 18.773701
0.085704 18.731961
0.089000 18.692890
0.092297 18.656624
0.095593 18.623202
0.098889 18.592575
0.102185 18.564599
0.105482 18.539035
0.108778 18.515550
0.112074 18.493740
0.115371 18.473170
0.118667 18.453457
0.121963 18.434370
0.125260 18.415909
0.128556 18.398316
0.131852 18.382064
0.135149 18.367837
0.138445 18.356539
0.141741 18.349296
0.145037 18.347317
0.148334 18.351486
0.151630 18.361594
0.154926 18.375632
0.158223 18.389961
0.161519 18.400555
0.164815 18.404443

0.164815 18.404443
0.168111 18.398815
0.171408 18.382357
0.174704 18.356449
0.178000 18.323705
0.181297 18.288264
0.184593 18.252352
0.187889 18.184804
0.191186 18.121679
0.194482 18.089175
0.197778 18.089928
0.201075 18.109882
0.204371 18.138762
0.207667 18.171871
0.210963 18.207112
0.214260 18.243516
0.217556 18.280645
0.220852 18.318348
0.224149 18.356638
0.227445 18.395631
0.230741 18.435502
0.234038 18.476457
0.237334 18.518711
0.240630 18.562470
0.243926 18.607915
0.247223 18.655185
0.250519 18.704367
0.253815 18.755474
0.257112 18.808431
0.260408 18.863046
0.263704 18.918968
0.267001 18.975647
0.270297 19.032357
0.273593 19.088432
0.276890 19.143590
0.280186 19.197865
0.283482 19.251280
0.286778 19.303688
0.290075 19.354790
0.293371 19.404189
0.296667 19.451433
0.299964 19.496042
0.303260 19.537531
0.306556 19.575426
0.309853 19.609281
0.313149 19.638682
0.316445 19.663265
0.319742 19.682720
0.323038 19.696798
0.326334 19.705319
0.329630 19.708171

0.329630 19.708171
0.332927 19.705319
0.336223 19.696798
0.339519 19.682720
0.342816 19.663265
0.346112 19.638682
0.349408 19.609281
0.352705 19.575426
0.356001 19.537531
0.359297 19.496042
0.362594 19.451433
0.365890 19.404189
0.369186 19.354790
0.372482 19.303688
0.375779 19.251280
0.379075 19.197865
0.382371 19.143590
0.385668 19.088432
0.388964 19.032357
0.392260 18.975647
0.395556 18.918968
0.398853 18.863046
0.402149 18.808431
0.405446 18.755474
0.408742 18.704367
0.412038 18.655185
0.415334 18.607915
0.418631 18.562470
0.421927 18.518711
0.425223 18.476457
0.428520 18.435502
0.431816 18.395631
0.435112 18.356638
0.438408 18.318348
0.441705 18.280645
0.445001 18.243516
0.448297 18.207112
0.451594 18.171871
0.454890 18.138762
0.458186 18.109882
0.461483 18.089928
0.464779 18.089175
0.468075 18.121679
0.471371 18.184804
0.474668 18.252352
0.477964 18.288264
0.481260 18.323705
0.484557 18.356449
0.487853 18.382357
0.491149 18.398815
0.494446 18.404443

0.494446 18.404443
0.497742 18.400555
0.501038 18.389961
0.504335 18.375632
0.507631 18.361594
0.510927 18.351486
0.514223 18.347317
0.517520 18.349296
0.520816 18.356539
0.524112 18.367837
0.527409 18.382064
0.530705 18.398316
0.534001 18.415909
0.537298 18.434370
0.540594 18.453457
0.543890 18.473170
0.547187 18.493740
0.550483 18.515550
0.553779 18.539035
0.557075 18.564599
0.560372 18.592575
0.563668 18.623202
0.566964 18.656624
0.570261 18.692890
0.573557 18.731961
0.576853 18.773701
0.580150 18.817889
0.583446 18.864209
0.586742 18.912254
0.590039 18.961537
0.593335 19.011515
0.596631 19.061646
0.599927 19.111472
0.603224 19.160711
0.606520 19.209303
0.609816 19.257393
0.613113 19.305277
0.616409 19.353340
0.619705 19.401999
0.623002 19.451640
0.626298 19.502530
0.629594 19.554682
0.632891 19.607700
0.636187 19.660628
0.639483 19.711914
0.642779 19.759520
0.646076 19.801217
0.649372 19.835013
0.652668 19.859568
0.655965 19.874328
0.659261 19.879235


0.000000 19.942595
0.003296 19.938346
0.006593 19.926006
0.009889 19.906597
0.013185 19.881298
0.016481 19.851033
0.019778 19.816410
0.023074 19.777860
0.026370 19.735762
0.029667 19.690495
0.032963 19.642459
0.036259 19.592077
0.039556 19.539804
0.042852 19.486131
0.046148 19.431588
0.049445 19.376741
0.052741 19.322169
0.056037 19.268430
0.059333 19.215988
0.062630 19.165153
0.065926 19.116050
0.069222 19.068648
0.072519 19.022837
0.075815 18.978495
0.079111 18.935536
0.082408 18.893917
0.085704 18.853645
0.089000 18.814763
0.092297 18.777349
0.095593 18.741503
0.098889 18.707357
0.102185 18.675068
0.105482 18.644827
0.108778 18.616865
0.112074 18.591443
0.115371 18.568828
0.118667 18.549229
0.121963 18.532734
0.125260 18.519268
0.128556 18.508635
0.131852 18.500591
0.135149 18.494937
0.138445 18.491560
0.141741 18.490432
0.145037 18.491542
0.148334 18.494780
0.151630 18.499761
0.154926 18.505696
0.158223 18.511405
0.161519 18.515555
0.164815 18.517075

0.164815 18.517075
0.168111 18.509397
0.171408 18.486518
0.174704 18.448941
0.178000 18.397639
0.181297 18.334462
0.184593 18.266322
0.187889 18.237149
0.191186 18.228385
0.194482 18.232665
0.197778 18.246812
0.201075 18.267740
0.204371 18.293131
0.207667 18.321410
0.210963 18.351556
0.214260 18.382920
0.217556 18.415110
0.220852 18.447913
0.224149 18.481244
0.227445 18.515114
0.230741 18.549597
0.234038 18.584819
0.237334 18.620934
0.240630 18.658113
0.243926 18.696531
0.247223 18.736357
0.250519 18.777748
0.253815 18.820841
0.257112 18.865760
0.260408 18.912631
0.263704 18.961612
0.267001 19.012929
0.270297 19.066854
0.273593 19.123469
0.276890 19.182353
0.280186 19.242655
0.283482 19.303441
0.286778 19.363865
0.290075 19.423175
0.293371 19.480674
0.296667 19.535705
0.299964 19.587643
0.303260 19.635894
0.306556 19.679902
0.309853 19.719156
0.313149 19.753195
0.316445 19.781617
0.319742 19.804083
0.323038 19.820326
0.326334 19.830151
0.329630 19.833439

0.329630 19.833439
0.332927 19.830151
0.336223 19.820326
0.339519 19.804083
0.342816 19.781617
0.346112 19.753195
0.349408 19.719156
0.352705 19.679902
0.356001 19.635894
0.359297 19.587643
0.362594 19.535705
0.365890 19.480674
0.369186 19.423175
0.372482 19.363865
0.375779 19.303441
0.379075 19.242655
0.382371 19.182353
0.385668 19.123469
0.388964 19.066854
0.392260 19.012929
0.395556 18.961612
0.398853 18.912631
0.402149 18.865760
0.405446 18.820841
0.408742 18.777748
0.412038 18.736357
0.415334 18.696531
0.418631 18.658113
0.421927 18.620934
0.425223 18.584819
0.428520 18.549597
0.431816 18.515114
0.435112 18.481244
0.438408 18.447913
0.441705 18.415110
0.445001 18.382920
0.448297 18.351556
0.451594 18.321410
0.454890 18.293131
0.458186 18.267740
0.461483 18.246812
0.464779 18.232665
0.468075 18.228385
0.471371 18.237149
0.474668 18.266322
0.477964 18.334462
0.481260 18.397639
0.484557 18.448941
0.487853 18.486518
0.491149 18.509397
0.494446 18.517075

0.494446 18.517075
0.497742 18.515555
0.501038 18.511405
0.504335 18.505696
0.507631 18.499761
0.510927 18.494780
0.514223 18.491542
0.517520 18.490432
0.520816 18.491560
0.524112 18.494937
0.527409 18.500591
0.530705 18.508635
0.534001 18.519268
0.537298 18.532734
0.540594 18.549229
0.543890 18.568828
0.547187 18.591443
0.550483 18.616865
0.553779 18.644827
0.557075 18.675068
0.560372 18.707357
0.563668 18.741503
0.566964 18.777349
0.570261 18.814763
0.573557 18.853645
0.576853 18.893917
0.580150 18.935536
0.583446 18.978495
0.586742 19.022837
0.590039 19.068648
0.593335 19.116050
0.596631 19.165153
0.599927 19.215988
0.603224 19.268430
0.606520 19.322169
0.609816 19.376741
0.613113 19.431588
0.616409 19.486131
0.619705 19.539804
0.623002 19.592077
0.626298 19.642459
0.629594 19.690495
0.632891 19.735762
0.636187 19.777860
0.639483 19.816410
0.642779 19.851033
0.646076 19.881298
0.649372 19.906597
0.652668 19.926006
0.655965 19.938346
0.659261 19.942595



