# distance  frequency (bands are separated by blank lines)
# End points of segments: 
#   0.00000000 0.18237400 0.28766760 0.49825500 
0.000000 -0.052293
0.003648 -0.072589
0.007295 -0.112914
0.010942 -0.157504
0.014590 -0.202094
0.018237 -0.245016
0.021885 -0.285249
0.025532 -0.321969
0.029180 -0.354420
0.032827 -0.381854
0.036475 -0.403493
0.040122 -0.418498
0.043770 -0.425904
0.047417 -0.424537
0.051065 -0.412830
0.054712 -0.388456
0.058360 -0.347420
0.062007 -0.281142
0.065655 -0.158903
0.069302 0.203062
0.072950 0.347695
0.076597 0.462748
0.080244 0.566843
0.083892 0.665340
0.087540 0.760514
0.091187 0.853470
0.094835 0.944745
0.098482 1.034552
0.102129 1.122891
0.105777 1.209615
0.109424 1.294464
0.113072 1.377094
0.116719 1.457091
0.120367 1.533995
0.124014 1.607313
0.127662 1.676539
0.131309 1.741177
0.134957 1.800766
0.138604 1.854909
0.142252 1.903300
0.145899 1.945754
0.149547 1.982228
0.153194 2.012841
0.156842 2.037870
0.160489 2.057743
0.164137 2.073009
0.167784 2.084289
0.171431 2.092222
0.175079 2.097399
0.178727 2.100297
0.182374 2.101227

0.182374 2.101227
0.184480 2.101798
0.186586 2.103507
0.188692 2.106344
0.190798 2.110289
0.192903 2.115317
0.195009 2.121394
0.197115 2.128482
0.199221 2.136534
0.201327 2.145499
0.203433 2.155318
0.205539 2.165930
0.207645 2.177267
0.209750 2.189257
0.211856 2.201826
0.213962 2.214896
0.216068 2.228387
0.218174 2.242218
0.220280 2.256305
0.222386 2.270567
0.224491 2.284921
0.226597 2.299287
0.228703 2.313584
0.230809 2.327737
0.232915 2.341673
0.235021 2.355323
0.237127 2.368622
0.239233 2.381510
0.241338 2.393934
0.243444 2.405845
0.245550 2.417202
0.247656 2.427970
0.249762 2.438121
0.251868 2.447632
0.253974 2.456490
0.256080 2.464686
0.258185 2.472219
0.260291 2.479093
0.262397 2.485317
0.264503 2.490907
0.266609 2.495882
0.268715 2.500265
0.270821 2.504080
0.272927 2.507354
0.275032 2.510117
0.277138 2.512394
0.279244 2.514214
0.281350 2.515599
0.283456 2.516571
0.285562 2.517146
0.287668 2.517336

0.287668 2.517336
0.291879 2.516577
0.296091 2.514258
0.300303 2.510222
0.304515 2.504195
0.308726 2.495789
0.312938 2.484525
0.317150 2.469866
0.321362 2.451255
0.325573 2.428148
0.329785 2.400050
0.333997 2.366547
0.338209 2.327318
0.342420 2.282152
0.346632 2.230949
0.350844 2.173718
0.355056 2.110568
0.359267 2.041700
0.363479 1.967393
0.367691 1.887982
0.371903 1.803844
0.376114 1.715370
0.380326 1.622947
0.384538 1.526936
0.388750 1.427663
0.392961 1.325410
0.397173 1.220411
0.401385 1.112844
0.405597 1.002811
0.409808 0.890274
0.414020 0.774939
0.418232 0.655986
0.422444 0.531411
0.426655 0.395977
0.430867 0.230486
0.435079 -0.171513
0.439290 -0.303292
0.443502 -0.368887
0.447714 -0.404326
0.451926 -0.419791
0.456137 -0.420178
0.460349 -0.408450
0.464561 -0.386690
0.468773 -0.356525
0.472984 -0.319338
0.477196 -0.276393
0.481408 -0.228934
0.485620 -0.178340
0.489831 -0.126559
0.494043 -0.078166
0.498255 -0.052293


0.000000 -0.018673
0.003648 0.142351
0.007295 0.286346
0.010942 0.429553
0.014590 0.572066
0.018237 0.713703
0.021885 0.854204
0.025532 0.993250
0.029180 1.130459
0.032827 1.265383
0.036475 1.397500
0.040122 1.526215
0.043770 1.650862
0.047417 1.770716
0.051065 1.885012
0.054712 1.992979
0.058360 2.093883
0.062007 2.187074
0.065655 2.272047
0.069302 2.348492
0.072950 2.416341
0.076597 2.475791
0.080244 2.527307
0.083892 2.571598
0.087540 2.609577
0.091187 2.642295
0.094835 2.670873
0.098482 2.696432
0.102129 2.720032
0.105777 2.742622
0.109424 2.765000
0.113072 2.787792
0.116719 2.811444
0.120367 2.836224
0.124014 2.862230
0.127662 2.889413
0.131309 2.917595
0.134957 2.946492
0.138604 2.975742
0.142252 3.004928
0.145899 3.033596
0.149547 3.061280
0.153194 3.087513
0.156842 3.111847
0.160489 3.133861
0.164137 3.153175
0.167784 3.169454
0.171431 3.182416
0.175079 3.191837
0.178727 3.197556
0.182374 3.199473

0.182374 3.199473
0.184480 3.201600
0.186586 3.207955
0.188692 3.218464
0.190798 3.233005
0.192903 3.251413
0.195009 3.273480
0.197115 3.298963
0.199221 3.327590
0.201327 3.359063
0.203433 3.393064
0.205539 3.429260
0.207645 3.467312
0.209750 3.506875
0.211856 3.547605
0.213962 3.589163
0.216068 3.631217
0.218174 3.673445
0.220280 3.715541
0.222386 3.757212
0.224491 3.798183
0.226597 3.838200
0.228703 3.877027
0.230809 3.914451
0.232915 3.950280
0.235021 3.984346
0.237127 4.016506
0.239233 4.046639
0.241338 4.074653
0.243444 4.100478
0.245550 4.124072
0.247656 4.145418
0.249762 4.164525
0.251868 4.181427
0.253974 4.196184
0.256080 4.208882
0.258185 4.219628
0.260291 4.228552
0.262397 4.235805
0.264503 4.241557
0.266609 4.245991
0.268715 4.249308
0.270821 4.251716
0.272927 4.253431
0.275032 4.254673
0.277138 4.255661
0.279244 4.256610
0.281350 4.257728
0.283456 4.259208
0.285562 4.261232
0.287668 4.263960

0.287668 4.263960
0.291879 4.257541
0.296091 4.249881
0.300303 4.239630
0.304515 4.225514
0.308726 4.206391
0.312938 4.181298
0.317150 4.149492
0.321362 4.110472
0.325573 4.063990
0.329785 4.010050
0.333997 3.948893
0.338209 3.880973
0.342420 3.806934
0.346632 3.727578
0.350844 3.643842
0.355056 3.556770
0.359267 3.467492
0.363479 3.377195
0.367691 3.287099
0.371903 3.198420
0.376114 3.112324
0.380326 3.029871
0.384538 2.951935
0.388750 2.879115
0.392961 2.811634
0.397173 2.749248
0.401385 2.691186
0.405597 2.636134
0.409808 2.582288
0.414020 2.527489
0.418232 2.469413
0.422444 2.405800
0.426655 2.334692
0.430867 2.254611
0.435079 2.164669
0.439290 2.064576
0.443502 1.954568
0.447714 1.835280
0.451926 1.707594
0.456137 1.572509
0.460349 1.431032
0.464561 1.284116
0.468773 1.132625
0.472984 0.977325
0.477196 0.818892
0.481408 0.657928
0.485620 0.494969
0.489831 0.330479
0.494043 0.164684
0.498255 -0.018673


0.000000 -0.018664
0.003648 0.235429
0.007295 0.470679
0.010942 0.703099
0.014590 0.931564
0.018237 1.154790
0.021885 1.371469
0.025532 1.580307
0.029180 1.780071
0.032827 1.969644
0.036475 2.148098
0.040122 2.314769
0.043770 2.469337
0.047417 2.611886
0.051065 2.742933
0.054712 2.863423
0.058360 2.974663
0.062007 3.078226
0.065655 3.175816
0.069302 3.269130
0.072950 3.359720
0.076597 3.448894
0.080244 3.537647
0.083892 3.626633
0.087540 3.716174
0.091187 3.806295
0.094835 3.896775
0.098482 3.987208
0.102129 4.077058
0.105777 4.165718
0.109424 4.252548
0.113072 4.336918
0.116719 4.418236
0.120367 4.495963
0.124014 4.569630
0.127662 4.638848
0.131309 4.703309
0.134957 4.762792
0.138604 4.817156
0.142252 4.866340
0.145899 4.910355
0.149547 4.949282
0.153194 4.983256
0.156842 5.012460
0.160489 5.037107
0.164137 5.057430
0.167784 5.073664
0.171431 5.086028
0.175079 5.094712
0.178727 5.099860
0.182374 5.101566

0.182374 5.101566
0.184480 5.100690
0.186586 5.098063
0.188692 5.093685
0.190798 5.087559
0.192903 5.079689
0.195009 5.070083
0.197115 5.058754
0.199221 5.045723
0.201327 5.031017
0.203433 5.014676
0.205539 4.996749
0.207645 4.977296
0.209750 4.956393
0.211856 4.934125
0.213962 4.910594
0.216068 4.885912
0.218174 4.860203
0.220280 4.833603
0.222386 4.806256
0.224491 4.778314
0.226597 4.749937
0.228703 4.721288
0.230809 4.692535
0.232915 4.663843
0.235021 4.635379
0.237127 4.607305
0.239233 4.579778
0.241338 4.552949
0.243444 4.526957
0.245550 4.501934
0.247656 4.477996
0.249762 4.455246
0.251868 4.433773
0.253974 4.413647
0.256080 4.394922
0.258185 4.377634
0.260291 4.361800
0.262397 4.347419
0.264503 4.334469
0.266609 4.322912
0.268715 4.312692
0.270821 4.303734
0.272927 4.295950
0.275032 4.289235
0.277138 4.283469
0.279244 4.278523
0.281350 4.274254
0.283456 4.270510
0.285562 4.267134
0.287668 4.263960

0.287668 4.263960
0.291879 4.272064
0.296091 4.284339
0.300303 4.301175
0.304515 4.322519
0.308726 4.347904
0.312938 4.376504
0.317150 4.407214
0.321362 4.438740
0.325573 4.469684
0.329785 4.498629
0.333997 4.524201
0.338209 4.545126
0.342420 4.560263
0.346632 4.568627
0.350844 4.569409
0.355056 4.561977
0.359267 4.545885
0.363479 4.520871
0.367691 4.486856
0.371903 4.443943
0.376114 4.392416
0.380326 4.332730
0.384538 4.265505
0.388750 4.191506
0.392961 4.111617
0.397173 4.026800
0.401385 3.938036
0.405597 3.846251
0.409808 3.752223
0.414020 3.656472
0.418232 3.559150
0.422444 3.459940
0.426655 3.357995
0.430867 3.251920
0.435079 3.139849
0.439290 3.019589
0.443502 2.888846
0.447714 2.745484
0.451926 2.587780
0.456137 2.414618
0.460349 2.225590
0.464561 2.020996
0.468773 1.801755
0.472984 1.569262
0.477196 1.325232
0.481408 1.071560
0.485620 0.810200
0.489831 0.543089
0.494043 0.272000
0.498255 -0.018664


0.000000 11.043797
0.003648 11.036057
0.007295 11.013006
0.010942 10.975152
0.014590 10.923338
0.018237 10.858724
0.021885 10.782779
0.025532 10.697256
0.029180 10.604168
0.032827 10.505756
0.036475 10.404447
0.040122 10.302812
0.043770 10.203508
0.047417 10.109212
0.051065 10.022552
0.054712 9.946021
0.058360 9.881890
0.062007 9.832123
0.065655 9.798286
0.069302 9.781483
0.072950 9.782302
0.076597 9.800793
0.080244 9.836483
0.083892 9.888420
0.087540 9.955243
0.091187 10.035278
0.094835 10.126639
0.098482 10.227328
0.102129 10.335331
0.105777 10.448689
0.109424 10.556570
0.113072 10.495670
0.116719 10.435020
0.120367 10.374992
0.124014 10.316059
0.127662 10.258776
0.131309 10.203759
0.134957 10.151649
0.138604 10.103071
0.142252 10.058594
0.145899 10.018686
0.149547 9.983674
0.153194 9.953715
0.156842 9.928779
0.160489 9.908652
0.164137 9.892959
0.167784 9.881206
0.171431 9.872841
0.175079 9.867329
0.178727 9.864221
0.182374 9.863220

0.182374 9.863220
0.184480 9.865659
0.186586 9.872960
0.188692 9.885072
0.190798 9.901907
0.192903 9.923346
0.195009 9.949237
0.197115 9.979398
0.199221 10.013616
0.201327 10.051652
0.203433 10.093243
0.205539 10.138103
0.207645 10.185927
0.209750 10.236398
0.211856 10.289183
0.213962 10.343945
0.216068 10.400340
0.218174 10.458025
0.220280 10.516661
0.222386 10.575915
0.224491 10.635463
0.226597 10.694996
0.228703 10.754219
0.230809 10.812855
0.232915 10.870649
0.235021 10.927366
0.237127 10.982793
0.239233 11.036743
0.241338 11.089051
0.243444 11.139577
0.245550 11.188205
0.247656 11.234842
0.249762 11.279416
0.251868 11.321874
0.253974 11.362185
0.256080 11.400327
0.258185 11.436297
0.260291 11.470096
0.262397 11.501732
0.264503 11.531211
0.266609 11.558538
0.268715 11.583703
0.270821 11.606686
0.272927 11.627440
0.275032 11.645897
0.277138 11.661957
0.279244 11.675488
0.281350 11.686331
0.283456 11.694304
0.285562 11.699215
0.287668 11.700886

0.287668 11.700886
0.291879 11.694019
0.296091 11.673569
0.300303 11.641135
0.304515 11.599921
0.308726 11.553855
0.312938 11.506595
0.317150 11.460909
0.321362 11.418491
0.325573 11.380034
0.329785 11.345415
0.333997 11.313891
0.338209 11.284287
0.342420 11.255147
0.346632 11.224868
0.350844 11.191788
0.355056 11.154261
0.359267 11.110698
0.363479 11.059600
0.367691 10.999596
0.371903 10.929498
0.376114 10.848400
0.380326 10.755850
0.384538 10.652068
0.388750 10.538189
0.392961 10.416447
0.397173 10.290211
0.401385 10.163843
0.405597 10.042397
0.409808 9.931240
0.414020 9.835623
0.418232 9.760285
0.422444 9.709082
0.426655 9.684684
0.430867 9.688366
0.435079 9.719917
0.439290 9.777685
0.443502 9.858734
0.447714 9.959107
0.451926 10.074129
0.456137 10.198734
0.460349 10.327774
0.464561 10.456286
0.468773 10.579713
0.472984 10.694052
0.477196 10.795933
0.481408 10.882640
0.485620 10.952075
0.489831 11.002700
0.494043 11.033474
0.498255 11.043797


0.000000 11.043797
0.003648 11.042282
0.007295 11.037939
0.010942 11.031377
0.014590 11.023597
0.018237 11.015963
0.021885 11.010168
0.025532 11.008148
0.029180 11.011981
0.032827 11.023707
0.036475 11.045079
0.040122 11.077180
0.043770 11.119830
0.047417 11.170641
0.051065 11.223614
0.054712 11.268011
0.058360 11.290831
0.062007 11.285316
0.065655 11.255618
0.069302 11.210474
0.072950 11.156950
0.076597 11.099318
0.080244 11.039881
0.083892 10.979788
0.087540 10.919543
0.091187 10.859306
0.094835 10.799057
0.098482 10.738712
0.102129 10.678191
0.105777 10.617460
0.109424 10.565565
0.113072 10.684282
0.116719 10.803348
0.120367 10.921467
0.124014 11.037536
0.127662 11.150631
0.131309 11.259985
0.134957 11.364964
0.138604 11.465036
0.142252 11.559741
0.145899 11.648657
0.149547 11.731375
0.153194 11.807472
0.156842 11.876493
0.160489 11.937943
0.164137 11.991288
0.167784 12.035970
0.171431 12.071439
0.175079 12.097192
0.178727 12.112821
0.182374 12.118062

0.182374 12.118062
0.184480 12.119236
0.186586 12.122727
0.188692 12.128447
0.190798 12.136255
0.192903 12.145959
0.195009 12.157331
0.197115 12.170110
0.199221 12.184020
0.201327 12.198776
0.203433 12.214098
0.205539 12.229722
0.207645 12.245406
0.209750 12.260938
0.211856 12.276145
0.213962 12.290888
0.216068 12.305069
0.218174 12.318626
0.220280 12.331533
0.222386 12.343797
0.224491 12.355451
0.226597 12.366554
0.228703 12.377183
0.230809 12.387432
0.232915 12.397409
0.235021 12.407230
0.237127 12.417019
0.239233 12.426904
0.241338 12.437018
0.243444 12.447491
0.245550 12.458455
0.247656 12.470039
0.249762 12.482369
0.251868 12.495566
0.253974 12.509746
0.256080 12.525016
0.258185 12.541478
0.260291 12.559223
0.262397 12.578334
0.264503 12.598883
0.266609 12.620931
0.268715 12.644527
0.270821 12.669708
0.272927 12.696499
0.275032 12.724913
0.277138 12.754948
0.279244 12.786591
0.281350 12.819817
0.283456 12.854585
0.285562 12.890847
0.287668 12.928539

0.287668 12.928539
0.291879 12.863132
0.296091 12.821578
0.300303 12.803668
0.304515 12.806768
0.308726 12.826617
0.312938 12.858276
0.317150 12.896763
0.321362 12.937322
0.325573 12.975511
0.329785 13.007261
0.333997 13.028977
0.338209 13.037678
0.342420 13.031136
0.346632 13.007982
0.350844 12.967734
0.355056 12.910768
0.359267 12.838248
0.363479 12.752034
0.367691 12.654598
0.371903 12.548927
0.376114 12.438401
0.380326 12.326615
0.384538 12.217141
0.388750 12.113261
0.392961 12.017743
0.397173 11.932716
0.401385 11.859699
0.405597 11.799716
0.409808 11.753457
0.414020 11.721407
0.418232 11.703921
0.422444 11.701245
0.426655 11.713504
0.430867 11.740661
0.435079 11.782479
0.439290 11.726425
0.443502 11.548174
0.447714 11.396987
0.451926 11.273721
0.456137 11.177874
0.460349 11.107672
0.464561 11.060270
0.468773 11.032035
0.472984 11.018868
0.477196 11.016538
0.481408 11.020984
0.485620 11.028562
0.489831 11.036251
0.494043 11.041793
0.498255 11.043797


0.000000 13.024612
0.003648 13.014923
0.007295 12.986316
0.010942 12.940117
0.014590 12.878341
0.018237 12.803472
0.021885 12.718253
0.025532 12.625517
0.029180 12.528086
0.032827 12.428754
0.036475 12.330354
0.040122 12.235957
0.043770 12.149287
0.047417 12.075506
0.051065 12.022478
0.054712 12.001806
0.058360 12.026321
0.062007 12.101591
0.065655 12.221326
0.069302 12.373814
0.072950 12.548322
0.076597 12.736379
0.080244 12.931136
0.083892 13.126750
0.087540 13.318089
0.091187 13.500671
0.094835 13.670726
0.098482 13.825306
0.102129 13.962365
0.105777 14.080780
0.109424 14.180279
0.113072 14.261296
0.116719 14.324782
0.120367 14.372016
0.124014 14.404450
0.127662 14.423594
0.131309 14.430953
0.134957 14.428003
0.138604 14.416195
0.142252 14.396972
0.145899 14.371792
0.149547 14.342145
0.153194 14.309568
0.156842 14.275639
0.160489 14.241956
0.164137 14.210101
0.167784 14.181585
0.171431 14.157786
0.175079 14.139876
0.178727 14.128753
0.182374 14.124981

0.182374 14.124981
0.184480 14.127073
0.186586 14.133347
0.188692 14.143799
0.190798 14.158422
0.192903 14.177197
0.195009 14.200093
0.197115 14.227057
0.199221 14.258011
0.201327 14.292843
0.203433 14.331404
0.205539 14.373501
0.207645 14.418899
0.209750 14.467316
0.211856 14.518429
0.213962 14.571878
0.216068 14.627269
0.218174 14.627828
0.220280 14.604408
0.222386 14.578659
0.224491 14.550493
0.226597 14.519830
0.228703 14.486610
0.230809 14.450784
0.232915 14.412325
0.235021 14.371220
0.237127 14.327481
0.239233 14.281137
0.241338 14.232241
0.243444 14.180869
0.245550 14.127117
0.247656 14.071108
0.249762 14.012988
0.251868 13.952925
0.253974 13.891114
0.256080 13.827776
0.258185 13.763155
0.260291 13.697523
0.262397 13.631180
0.264503 13.564452
0.266609 13.497695
0.268715 13.431297
0.270821 13.365674
0.272927 13.301278
0.275032 13.238591
0.277138 13.178128
0.279244 13.120430
0.281350 13.066060
0.283456 13.015588
0.285562 12.969573
0.287668 12.928539

0.287668 12.928539
0.291879 13.007912
0.296091 13.091995
0.300303 13.179938
0.304515 13.270778
0.308726 13.363474
0.312938 13.456942
0.317150 13.550100
0.321362 13.641906
0.325573 13.731396
0.329785 13.817717
0.333997 13.900147
0.338209 13.978102
0.342420 14.051129
0.346632 14.118879
0.350844 14.181051
0.355056 14.237324
0.359267 14.287239
0.363479 14.330054
0.367691 14.364525
0.371903 14.388604
0.376114 14.399048
0.380326 14.391019
0.384538 14.357988
0.388750 14.292597
0.392961 14.188919
0.397173 14.045085
0.401385 13.864062
0.405597 13.652161
0.409808 13.417066
0.414020 13.166604
0.418232 12.908284
0.422444 12.649160
0.426655 12.395788
0.430867 12.154153
0.435079 11.929552
0.439290 11.838479
0.443502 11.907904
0.447714 11.989691
0.451926 12.082433
0.456137 12.184350
0.460349 12.293246
0.464561 12.406474
0.468773 12.520906
0.472984 12.632943
0.477196 12.738566
0.481408 12.833465
0.485620 12.913258
0.489831 12.973821
0.494043 13.011710
0.498255 13.024612


0.000000 15.709912
0.003648 15.709799
0.007295 15.709456
0.010942 15.708874
0.014590 15.708034
0.018237 15.706916
0.021885 15.705494
0.025532 15.703738
0.029180 15.701617
0.032827 15.699100
0.036475 15.696154
0.040122 15.692747
0.043770 15.688848
0.047417 15.684424
0.051065 15.679445
0.054712 15.673874
0.058360 15.667674
0.062007 15.660801
0.065655 15.653207
0.069302 15.644829
0.072950 15.635599
0.076597 15.625430
0.080244 15.614224
0.083892 15.601864
0.087540 15.588218
0.091187 15.573136
0.094835 15.556455
0.098482 15.537999
0.102129 15.517585
0.105777 15.495032
0.109424 15.470166
0.113072 15.442834
0.116719 15.412914
0.120367 15.380332
0.124014 15.345072
0.127662 15.307193
0.131309 15.266846
0.134957 15.224280
0.138604 15.179859
0.142252 15.134067
0.145899 15.087511
0.149547 15.040925
0.153194 14.995154
0.156842 14.951150
0.160489 14.909942
0.164137 14.872602
0.167784 14.840202
0.171431 14.813757
0.175079 14.794156
0.178727 14.782096
0.182374 14.778025

0.182374 14.778025
0.184480 14.777663
0.186586 14.776569
0.188692 14.774721
0.190798 14.772081
0.192903 14.768599
0.195009 14.764209
0.197115 14.758835
0.199221 14.752389
0.201327 14.744771
0.203433 14.735875
0.205539 14.725587
0.207645 14.713789
0.209750 14.700356
0.211856 14.685165
0.213962 14.668094
0.216068 14.649020
0.218174 14.684185
0.220280 14.742195
0.222386 14.800860
0.224491 14.859749
0.226597 14.918442
0.228703 14.976543
0.230809 15.033684
0.232915 15.089537
0.235021 15.143813
0.237127 15.196270
0.239233 15.246713
0.241338 15.294995
0.243444 15.341016
0.245550 15.384724
0.247656 15.426106
0.249762 15.465188
0.251868 15.502029
0.253974 15.536716
0.256080 15.569360
0.258185 15.600087
0.260291 15.629035
0.262397 15.656350
0.264503 15.682181
0.266609 15.706673
0.268715 15.729970
0.270821 15.752207
0.272927 15.773508
0.275032 15.793990
0.277138 15.813753
0.279244 15.832889
0.281350 15.851473
0.283456 15.869569
0.285562 15.887227
0.287668 15.904483

0.287668 15.904483
0.291879 15.871453
0.296091 15.840970
0.300303 15.813610
0.304515 15.790038
0.308726 15.771013
0.312938 15.757383
0.317150 15.750073
0.321362 15.750040
0.325573 15.758200
0.329785 15.775318
0.333997 15.801866
0.338209 15.837884
0.342420 15.882877
0.346632 15.935775
0.350844 15.994991
0.355056 16.025412
0.359267 15.978205
0.363479 15.922086
0.367691 15.857405
0.371903 15.785150
0.376114 15.707371
0.380326 15.627698
0.384538 15.551626
0.388750 15.485916
0.392961 15.436580
0.397173 15.406456
0.401385 15.394520
0.405597 15.397330
0.409808 15.410880
0.414020 15.431641
0.418232 15.456827
0.422444 15.484339
0.426655 15.512609
0.430867 15.540477
0.435079 15.567086
0.439290 15.591823
0.443502 15.614265
0.447714 15.634152
0.451926 15.651359
0.456137 15.665879
0.460349 15.677805
0.464561 15.687313
0.468773 15.694646
0.472984 15.700091
0.477196 15.703966
0.481408 15.706589
0.485620 15.708263
0.489831 15.709251
0.494043 15.709758
0.498255 15.709912


0.000000 15.709913
0.003648 15.714525
0.007295 15.728072
0.010942 15.749733
0.014590 15.778313
0.018237 15.812432
0.021885 15.850703
0.025532 15.891870
0.029180 15.934881
0.032827 15.978924
0.036475 16.023419
0.040122 16.068001
0.043770 16.112481
0.047417 16.156819
0.051065 16.201081
0.054712 16.245415
0.058360 16.290022
0.062007 16.335128
0.065655 16.380964
0.069302 16.427728
0.072950 16.475554
0.076597 16.524448
0.080244 16.574224
0.083892 16.624411
0.087540 16.674176
0.091187 16.722292
0.094835 16.767206
0.098482 16.807252
0.102129 16.840949
0.105777 16.867303
0.109424 16.885946
0.113072 16.897091
0.116719 16.901359
0.120367 16.899588
0.124014 16.892694
0.127662 16.881585
0.131309 16.867127
0.134957 16.850134
0.138604 16.831367
0.142252 16.811538
0.145899 16.791303
0.149547 16.771265
0.153194 16.751966
0.156842 16.733885
0.160489 16.717436
0.164137 16.702967
0.167784 16.690764
0.171431 16.681051
0.175079 16.673997
0.178727 16.669719
0.182374 16.668285

0.182374 16.668285
0.184480 16.667751
0.186586 16.666152
0.188692 16.663493
0.190798 16.659783
0.192903 16.655035
0.195009 16.649266
0.197115 16.642496
0.199221 16.634749
0.201327 16.626050
0.203433 16.616431
0.205539 16.605925
0.207645 16.594567
0.209750 16.582395
0.211856 16.569451
0.213962 16.555776
0.216068 16.541414
0.218174 16.526410
0.220280 16.510809
0.222386 16.494655
0.224491 16.477994
0.226597 16.460869
0.228703 16.443323
0.230809 16.425397
0.232915 16.407128
0.235021 16.388555
0.237127 16.369711
0.239233 16.350629
0.241338 16.331338
0.243444 16.311867
0.245550 16.292242
0.247656 16.272488
0.249762 16.252627
0.251868 16.232682
0.253974 16.212674
0.256080 16.192626
0.258185 16.172557
0.260291 16.152492
0.262397 16.132452
0.264503 16.112460
0.266609 16.092543
0.268715 16.072728
0.270821 16.053042
0.272927 16.033517
0.275032 16.014186
0.277138 15.995085
0.279244 15.976252
0.281350 15.957729
0.283456 15.939560
0.285562 15.921794
0.287668 15.904483

0.287668 15.904483
0.291879 15.937881
0.296091 15.969822
0.300303 16.000197
0.304515 16.028748
0.308726 16.055091
0.312938 16.078733
0.317150 16.099095
0.321362 16.115532
0.325573 16.127357
0.329785 16.133866
0.333997 16.134360
0.338209 16.128172
0.342420 16.114688
0.346632 16.093358
0.350844 16.063721
0.355056 16.058552
0.359267 16.124273
0.363479 16.189938
0.367691 16.253450
0.371903 16.312945
0.376114 16.366863
0.380326 16.413976
0.384538 16.453403
0.388750 16.484586
0.392961 16.507265
0.397173 16.521444
0.401385 16.527341
0.405597 16.525351
0.409808 16.515996
0.414020 16.499886
0.418232 16.477673
0.422444 16.450025
0.426655 16.417590
0.430867 16.380977
0.435079 16.340741
0.439290 16.297379
0.443502 16.251332
0.447714 16.203002
0.451926 16.152777
0.456137 16.101068
0.460349 16.048360
0.464561 15.995266
0.468773 15.942601
0.472984 15.891442
0.477196 15.843179
0.481408 15.799525
0.485620 15.762449
0.489831 15.734006
0.494043 15.716055
0.498255 15.709913


0.000000 18.952889
0.003648 18.949406
0.007295 18.939003
0.010942 18.921821
0.014590 18.898093
0.018237 18.868142
0.021885 18.832376
0.025532 18.791290
0.029180 18.745453
0.032827 18.695510
0.036475 18.642170
0.040122 18.586207
0.043770 18.528446
0.047417 18.469765
0.051065 18.411084
0.054712 18.353365
0.058360 18.297613
0.062007 18.244872
0.065655 18.196240
0.069302 18.152882
0.072950 18.116048
0.076597 18.087110
0.080244 18.067587
0.083892 18.059175
0.087540 18.063727
0.091187 18.083171
0.094835 18.119304
0.098482 18.173459
0.102129 18.246122
0.105777 18.336649
0.109424 18.443207
0.113072 18.563004
0.116719 18.692663
0.120367 18.828626
0.124014 18.967466
0.127662 19.106092
0.131309 19.241849
0.134957 19.372547
0.138604 19.496449
0.142252 19.612226
0.145899 19.718910
0.149547 19.815839
0.153194 19.902596
0.156842 19.978962
0.160489 20.044865
0.164137 20.100337
0.167784 20.145470
0.171431 20.180390
0.175079 20.205224
0.178727 20.220077
0.182374 20.225020

0.182374 20.225020
0.184480 20.224298
0.186586 20.222143
0.188692 20.218586
0.190798 20.213681
0.192903 20.207501
0.195009 20.200140
0.197115 20.191709
0.199221 20.182338
0.201327 20.172176
0.203433 20.161385
0.205539 20.150139
0.207645 20.138627
0.209750 20.127043
0.211856 20.115592
0.213962 20.104478
0.216068 20.093908
0.218174 20.084084
0.220280 20.075201
0.222386 20.067444
0.224491 20.060983
0.226597 20.055969
0.228703 20.052529
0.230809 20.050766
0.232915 20.050754
0.235021 20.052536
0.237127 20.056120
0.239233 20.061485
0.241338 20.068573
0.243444 20.077295
0.245550 20.087533
0.247656 20.099140
0.249762 20.111946
0.251868 20.125761
0.253974 20.140381
0.256080 20.155587
0.258185 20.171156
0.260291 20.186864
0.262397 20.202484
0.264503 20.217799
0.266609 20.232595
0.268715 20.246674
0.270821 20.259845
0.272927 20.271936
0.275032 20.282786
0.277138 20.292253
0.279244 20.300210
0.281350 20.306544
0.283456 20.311160
0.285562 20.313977
0.287668 20.314929

0.287668 20.314929
0.291879 20.311034
0.296091 20.299190
0.300303 20.279272
0.304515 20.251282
0.308726 20.215308
0.312938 20.171496
0.317150 20.120010
0.321362 20.061010
0.325573 19.994631
0.329785 19.920967
0.333997 19.840079
0.338209 19.752003
0.342420 19.656788
0.346632 19.554549
0.350844 19.445533
0.355056 19.330214
0.359267 19.209380
0.363479 19.084225
0.367691 18.956421
0.371903 18.828135
0.376114 18.701998
0.380326 18.580969
0.384538 18.468129
0.388750 18.366406
0.392961 18.278299
0.397173 18.205661
0.401385 18.149589
0.405597 18.110435
0.409808 18.087898
0.414020 18.081173
0.418232 18.089084
0.422444 18.110207
0.426655 18.142963
0.430867 18.185683
0.435079 18.236649
0.439290 18.294136
0.443502 18.356427
0.447714 18.421845
0.451926 18.488762
0.456137 18.555619
0.460349 18.620940
0.464561 18.683345
0.468773 18.741564
0.472984 18.794447
0.477196 18.840976
0.481408 18.880272
0.485620 18.911606
0.489831 18.934402
0.494043 18.948247
0.498255 18.952889



