     #Energy           s          py          pz          px         dxy         dyz         dz2         dxz         dx2       tot  
   -20.38035     0.00000     0.00000     0.00000     0.00000     0.00000     0.00000     0.00000     0.00000     0.00000     0.00000
   -20.28335     0.00000     0.00000     0.00000     0.00000     0.00000     0.00000     0.00000     0.00000     0.00000     0.00000
   -20.18735     0.00000     0.00000     0.00000     0.00000     0.00000     0.00000     0.00000     0.00000     0.00000     0.00000
   -20.09035     0.00000     0.00000     0.00000     0.00000     0.00000     0.00000     0.00000     0.00000     0.00000     0.00000
   -19.99335     0.00000     0.00000     0.00000     0.00000     0.00000     0.00000     0.00000     0.00000     0.00000     0.00000
   -19.89735     0.00000     0.00000     0.00000     0.00000     0.00000     0.00000     0.00000     0.00000     0.00000     0.00000
   -19.80035     0.00000     0.00000     0.00000     0.00000     0.00000     0.00000     0.00000     0.00000     0.00000     0.00000
   -19.70435     0.00000     0.00000     0.00000     0.00000     0.00000     0.00000     0.00000     0.00000     0.00000     0.00000
   -19.60735     0.00000     0.00000     0.00000     0.00000     0.00000     0.00000     0.00000     0.00000     0.00000     0.00000
   -19.51035     0.00000     0.00000     0.00000     0.00000     0.00000     0.00000     0.00000     0.00000     0.00000     0.00000
   -19.41435     0.00000     0.00000     0.00000     0.00000     0.00000     0.00000     0.00000     0.00000     0.00000     0.00000
   -19.31735     0.00000     0.00000     0.00000     0.00000     0.00000     0.00000     0.00000     0.00000     0.00000     0.00000
   -19.22035     0.00000     0.00000     0.00000     0.00000     0.00000     0.00000     0.00000     0.00000     0.00000     0.00000
   -19.12435     0.00000     0.00000     0.00000     0.00000     0.00000     0.00000     0.00000     0.00000     0.00000     0.00000
   -19.02735    -0.00088    -0.00000    -0.00006    -0.00000    -0.00000    -0.00000    -0.00001    -0.00000    -0.00000    -0.00095
   -18.93135    -0.00092    -0.00000    -0.00006    -0.00000    -0.00000    -0.00000    -0.00001    -0.00000    -0.00000    -0.00099
   -18.83435    -0.00055    -0.00000    -0.00004    -0.00000    -0.00000    -0.00000    -0.00000    -0.00000    -0.00000    -0.00059
   -18.73735    -0.00078    -0.00000    -0.00005    -0.00000    -0.00000    -0.00000    -0.00000    -0.00000    -0.00000    -0.00083
   -18.64135    -0.00102    -0.00000    -0.00006    -0.00000    -0.00000    -0.00000    -0.00001    -0.00000    -0.00000    -0.00110
   -18.54435    -0.00027    -0.00000    -0.00002    -0.00000    -0.00000    -0.00000    -0.00000    -0.00000    -0.00000    -0.00029
   -18.44735    -0.00072    -0.00000    -0.00004    -0.00000    -0.00000    -0.00000    -0.00000    -0.00000    -0.00000    -0.00077
   -18.35135    -0.00093    -0.00000    -0.00005    -0.00000    -0.00000    -0.00000    -0.00001    -0.00000    -0.00000    -0.00099
   -18.25435    -0.00048    -0.00000    -0.00002    -0.00000    -0.00000    -0.00000    -0.00000    -0.00000    -0.00000    -0.00051
   -18.15835    -0.00054    -0.00000    -0.00003    -0.00000    -0.00000    -0.00000    -0.00000    -0.00000    -0.00000    -0.00057
   -18.06135    -0.00022    -0.00000    -0.00001    -0.00000    -0.00000    -0.00000    -0.00000    -0.00000    -0.00000    -0.00024
   -17.96435    -0.00106    -0.00000    -0.00005    -0.00000    -0.00000    -0.00000    -0.00001    -0.00000    -0.00000    -0.00111
   -17.86835    -0.00068    -0.00000    -0.00003    -0.00000    -0.00000    -0.00000    -0.00000    -0.00000    -0.00000    -0.00071
   -17.77135    -0.00022    -0.00000    -0.00001    -0.00000    -0.00000    -0.00000    -0.00000    -0.00000    -0.00000    -0.00023
   -17.67435    -0.00075    -0.00000    -0.00003    -0.00000    -0.00000    -0.00000    -0.00000    -0.00000    -0.00000    -0.00079
   -17.57835    -0.00119    -0.00000    -0.00004    -0.00000    -0.00000    -0.00000    -0.00000    -0.00000    -0.00000    -0.00125
   -17.48135    -0.00080    -0.00000    -0.00002    -0.00000    -0.00000    -0.00000    -0.00000    -0.00000    -0.00000    -0.00084
   -17.38535    -0.00175    -0.00001    -0.00005    -0.00001    -0.00000    -0.00000    -0.00001    -0.00000    -0.00000    -0.00181
   -17.28835    -0.00118    -0.00000    -0.00003    -0.00000    -0.00000    -0.00000    -0.00000    -0.00000    -0.00000    -0.00122
   -17.19135    -0.00097    -0.00000    -0.00002    -0.00000    -0.00000    -0.00000    -0.00000    -0.00000    -0.00000    -0.00100
   -17.09535    -0.00138    -0.00000    -0.00003    -0.00000    -0.00000    -0.00000    -0.00000    -0.00000    -0.00000    -0.00142
   -16.99835    -0.00124    -0.00000    -0.00002    -0.00000    -0.00000    -0.00000    -0.00000    -0.00000    -0.00000    -0.00127
   -16.90135    -0.00167    -0.00000    -0.00003    -0.00000    -0.00000    -0.00000    -0.00000    -0.00000    -0.00000    -0.00171
   -16.80535    -0.00176    -0.00000    -0.00003    -0.00000    -0.00000    -0.00000    -0.00000    -0.00000    -0.00000    -0.00180
   -16.70835    -0.00235    -0.00000    -0.00003    -0.00001    -0.00000    -0.00000    -0.00000    -0.00000    -0.00000    -0.00240
   -16.61235    -0.00235    -0.00000    -0.00003    -0.00000    -0.00000    -0.00000    -0.00000    -0.00000    -0.00000    -0.00239
   -16.51535    -0.00235    -0.00000    -0.00002    -0.00000    -0.00000    -0.00000    -0.00000    -0.00000    -0.00000    -0.00239
   -16.41835    -0.00204    -0.00000    -0.00002    -0.00000    -0.00000    -0.00000    -0.00000    -0.00000    -0.00000    -0.00207
   -16.32235    -0.00632    -0.00001    -0.00004    -0.00001    -0.00000    -0.00000    -0.00001    -0.00000    -0.00000    -0.00640
   -16.22535    -0.00194    -0.00000    -0.00001    -0.00000    -0.00000    -0.00000    -0.00000    -0.00000    -0.00000    -0.00195
   -16.12835    -0.00358    -0.00000    -0.00001    -0.00001    -0.00000    -0.00000    -0.00000    -0.00000    -0.00000    -0.00361
   -16.03235    -0.36378    -0.00027    -0.00128    -0.00028    -0.00003    -0.00004    -0.00000    -0.00004    -0.00003    -0.36575
   -15.93535    -2.12598    -0.00155    -0.00749    -0.00165    -0.00017    -0.00021    -0.00000    -0.00022    -0.00017    -2.13744
   -15.83935   -13.02340    -0.01137    -0.04401    -0.01124    -0.00100    -0.00137    -0.00001    -0.00137    -0.00101   -13.09478
   -15.74235   -11.03430    -0.01186    -0.03499    -0.01045    -0.00083    -0.00126    -0.00001    -0.00118    -0.00083   -11.09571
   -15.64535   -10.04790    -0.01152    -0.02940    -0.01110    -0.00073    -0.00117    -0.00002    -0.00118    -0.00075   -10.10377
   -15.54935    -3.86840    -0.00387    -0.01027    -0.00437    -0.00025    -0.00041    -0.00003    -0.00050    -0.00029    -3.88837
   -15.45235   -11.41540    -0.00974    -0.02695    -0.01136    -0.00056    -0.00104    -0.00011    -0.00154    -0.00082   -11.46752
   -15.35535   -12.56840    -0.00901    -0.02416    -0.00885    -0.00076    -0.00129    -0.00027    -0.00126    -0.00070   -12.61469
   -15.25935   -42.01530    -0.01851    -0.05036    -0.01785    -0.00260    -0.00336    -0.00160    -0.00334    -0.00260   -42.11552
   -15.16235   -33.06330    -0.01010    -0.02153    -0.00956    -0.00257    -0.00160    -0.00053    -0.00163    -0.00239   -33.11321
   -15.06635    -7.48382    -0.00077    -0.00622    -0.00121    -0.00038    -0.00026    -0.00001    -0.00035    -0.00066    -7.49367
   -14.96935    -1.51293    -0.00021    -0.00143    -0.00021    -0.00011    -0.00006    -0.00001    -0.00006    -0.00010    -1.51513
   -14.87235    -0.61015    -0.00009    -0.00071    -0.00011    -0.00003    -0.00002    -0.00001    -0.00003    -0.00005    -0.61120
   -14.77635    -0.02653    -0.00001    -0.00011    -0.00001    -0.00000    -0.00000    -0.00000    -0.00000    -0.00000    -0.02668
   -14.67935    -0.01411    -0.00001    -0.00007    -0.00001    -0.00000    -0.00000    -0.00000    -0.00000    -0.00000    -0.01420
   -14.58235    -0.02374    -0.00005    -0.00027    -0.00003    -0.00000    -0.00001    -0.00001    -0.00000    -0.00000    -0.02412
   -14.48635    -0.00349    -0.00001    -0.00005    -0.00001    -0.00000    -0.00000    -0.00000    -0.00000    -0.00000    -0.00356
   -14.38935    -0.00343    -0.00001    -0.00006    -0.00001    -0.00000    -0.00000    -0.00000    -0.00000    -0.00000    -0.00351
   -14.29335    -0.00299    -0.00001    -0.00006    -0.00001    -0.00000    -0.00000    -0.00000    -0.00000    -0.00000    -0.00307
   -14.19635    -0.00215    -0.00001    -0.00005    -0.00001    -0.00000    -0.00000    -0.00000    -0.00000    -0.00000    -0.00222
   -14.09935    -0.00130    -0.00000    -0.00004    -0.00001    -0.00000    -0.00000    -0.00000    -0.00000    -0.00000    -0.00135
   -14.00335    -0.00125    -0.00001    -0.00005    -0.00001    -0.00000    -0.00000    -0.00000    -0.00000    -0.00000    -0.00132
   -13.90635    -0.00100    -0.00001    -0.00005    -0.00001    -0.00000    -0.00000    -0.00000    -0.00000    -0.00000    -0.00107
   -13.81035    -0.00079    -0.00001    -0.00005    -0.00001    -0.00000    -0.00000    -0.00000    -0.00000    -0.00000    -0.00085
   -13.71335    -0.00081    -0.00001    -0.00005    -0.00001    -0.00000    -0.00000    -0.00000    -0.00000    -0.00000    -0.00089
   -13.61635    -0.00067    -0.00001    -0.00005    -0.00001    -0.00000    -0.00000    -0.00000    -0.00000    -0.00000    -0.00075
   -13.52035    -0.00034    -0.00001    -0.00003    -0.00000    -0.00000    -0.00000    -0.00000    -0.00000    -0.00000    -0.00039
   -13.42335    -0.00038    -0.00001    -0.00004    -0.00001    -0.00000    -0.00000    -0.00000    -0.00000    -0.00000    -0.00044
   -13.32635    -0.00023    -0.00000    -0.00003    -0.00001    -0.00000    -0.00000    -0.00000    -0.00000    -0.00000    -0.00026
   -13.23035    -0.00013    -0.00000    -0.00002    -0.00000    -0.00000    -0.00000    -0.00000    -0.00000    -0.00000    -0.00016
   -13.13335    -0.00023    -0.00000    -0.00003    -0.00001    -0.00000    -0.00000    -0.00000    -0.00000    -0.00000    -0.00028
   -13.03735    -0.00065    -0.00002    -0.00011    -0.00002    -0.00000    -0.00000    -0.00001    -0.00000    -0.00000    -0.00082
   -12.94035    -0.00006    -0.00000    -0.00001    -0.00000    -0.00000    -0.00000    -0.00000    -0.00000    -0.00000    -0.00008
   -12.84335    -0.00017    -0.00001    -0.00004    -0.00001    -0.00000    -0.00000    -0.00000    -0.00000    -0.00000    -0.00022
   -12.74735    -0.00007    -0.00000    -0.00002    -0.00000    -0.00000    -0.00000    -0.00000    -0.00000    -0.00000    -0.00009
   -12.65035    -0.00003    -0.00000    -0.00001    -0.00000    -0.00000    -0.00000    -0.00000    -0.00000    -0.00000    -0.00004
   -12.55335    -0.00132    -0.00006    -0.00036    -0.00007    -0.00000    -0.00001    -0.00003    -0.00001    -0.00000    -0.00187
   -12.45735    -0.00017    -0.00001    -0.00005    -0.00001    -0.00000    -0.00000    -0.00000    -0.00000    -0.00000    -0.00024
   -12.36035    -0.00018    -0.00001    -0.00006    -0.00001    -0.00000    -0.00000    -0.00000    -0.00000    -0.00000    -0.00026
   -12.26435    -0.00021    -0.00001    -0.00008    -0.00001    -0.00000    -0.00000    -0.00001    -0.00000    -0.00000    -0.00032
   -12.16735    -0.00012    -0.00001    -0.00005    -0.00001    -0.00000    -0.00000    -0.00000    -0.00000    -0.00000    -0.00020
   -12.07035    -0.00006    -0.00000    -0.00003    -0.00000    -0.00000    -0.00000    -0.00000    -0.00000    -0.00000    -0.00010
   -11.97435    -0.00007    -0.00001    -0.00003    -0.00001    -0.00000    -0.00000    -0.00000    -0.00000    -0.00000    -0.00012
   -11.87735    -0.00008    -0.00001    -0.00004    -0.00001    -0.00000    -0.00000    -0.00000    -0.00000    -0.00000    -0.00014
   -11.78035    -0.00005    -0.00001    -0.00003    -0.00001    -0.00000    -0.00000    -0.00000    -0.00000    -0.00000    -0.00009
   -11.68435    -0.00006    -0.00001    -0.00004    -0.00001    -0.00000    -0.00000    -0.00000    -0.00000    -0.00000    -0.00013
   -11.58735    -0.00006    -0.00001    -0.00004    -0.00001    -0.00000    -0.00000    -0.00000    -0.00000    -0.00000    -0.00012
   -11.49135    -0.00004    -0.00001    -0.00003    -0.00001    -0.00000    -0.00000    -0.00000    -0.00000    -0.00000    -0.00008
   -11.39435    -0.00003    -0.00001    -0.00003    -0.00001    -0.00000    -0.00000    -0.00000    -0.00000    -0.00000    -0.00008
   -11.29735    -0.00003    -0.00001    -0.00003    -0.00001    -0.00000    -0.00000    -0.00000    -0.00000    -0.00000    -0.00007
   -11.20135    -0.00003    -0.00001    -0.00003    -0.00001    -0.00000    -0.00000    -0.00000    -0.00000    -0.00000    -0.00007
   -11.10435    -0.00003    -0.00001    -0.00003    -0.00001    -0.00000    -0.00000    -0.00000    -0.00000    -0.00000    -0.00007
   -11.00735    -0.00002    -0.00001    -0.00003    -0.00001    -0.00000    -0.00000    -0.00000    -0.00000    -0.00000    -0.00007
   -10.91135    -0.00002    -0.00001    -0.00003    -0.00001    -0.00000    -0.00000    -0.00000    -0.00000    -0.00000    -0.00007
   -10.81435    -0.00002    -0.00001    -0.00003    -0.00001    -0.00000    -0.00000    -0.00000    -0.00000    -0.00000    -0.00007
   -10.71835    -0.00001    -0.00001    -0.00002    -0.00001    -0.00000    -0.00000    -0.00000    -0.00000    -0.00000    -0.00005
   -10.62135    -0.00002    -0.00001    -0.00003    -0.00001    -0.00000    -0.00000    -0.00000    -0.00000    -0.00000    -0.00006
   -10.52435    -0.00002    -0.00001    -0.00003    -0.00001    -0.00000    -0.00000    -0.00000    -0.00000    -0.00000    -0.00007
   -10.42835    -0.00001    -0.00001    -0.00002    -0.00001    -0.00000    -0.00000    -0.00000    -0.00000    -0.00000    -0.00006
   -10.33135    -0.00002    -0.00001    -0.00003    -0.00001    -0.00000    -0.00000    -0.00000    -0.00000    -0.00000    -0.00006
   -10.23435    -0.00002    -0.00001    -0.00003    -0.00001    -0.00000    -0.00000    -0.00000    -0.00000    -0.00000    -0.00006
   -10.13835    -0.00002    -0.00001    -0.00003    -0.00001    -0.00000    -0.00000    -0.00000    -0.00000    -0.00000    -0.00007
   -10.04135    -0.00002    -0.00001    -0.00003    -0.00001    -0.00000    -0.00000    -0.00000    -0.00000    -0.00000    -0.00007
    -9.94535    -0.00002    -0.00001    -0.00004    -0.00001    -0.00000    -0.00000    -0.00000    -0.00000    -0.00000    -0.00008
    -9.84835    -0.00001    -0.00001    -0.00003    -0.00001    -0.00000    -0.00000    -0.00000    -0.00000    -0.00000    -0.00007
    -9.75135    -0.00001    -0.00001    -0.00003    -0.00001    -0.00000    -0.00000    -0.00000    -0.00000    -0.00000    -0.00006
    -9.65535    -0.00001    -0.00001    -0.00002    -0.00001    -0.00000    -0.00000    -0.00000    -0.00000    -0.00000    -0.00004
    -9.55835    -0.00000    -0.00000    -0.00002    -0.00000    -0.00000    -0.00000    -0.00000    -0.00000    -0.00000    -0.00003
    -9.46135    -0.00001    -0.00001    -0.00004    -0.00001    -0.00000    -0.00000    -0.00000    -0.00000    -0.00000    -0.00008
    -9.36535    -0.00000    -0.00001    -0.00002    -0.00000    -0.00000    -0.00000    -0.00000    -0.00000    -0.00000    -0.00004
    -9.26835    -0.00001    -0.00001    -0.00003    -0.00001    -0.00000    -0.00000    -0.00000    -0.00000    -0.00000    -0.00005
    -9.17235    -0.00000    -0.00000    -0.00002    -0.00000    -0.00000    -0.00000    -0.00000    -0.00000    -0.00000    -0.00003
    -9.07535    -0.00001    -0.00001    -0.00004    -0.00001    -0.00000    -0.00000    -0.00000    -0.00000    -0.00000    -0.00007
    -8.97835    -0.00002    -0.00002    -0.00009    -0.00002    -0.00000    -0.00000    -0.00000    -0.00000    -0.00000    -0.00016
    -8.88235    -0.00001    -0.00001    -0.00005    -0.00001    -0.00000    -0.00000    -0.00000    -0.00000    -0.00000    -0.00008
    -8.78535    -0.00000    -0.00001    -0.00003    -0.00001    -0.00000    -0.00000    -0.00000    -0.00000    -0.00000    -0.00005
    -8.68935    -0.00001    -0.00001    -0.00006    -0.00001    -0.00000    -0.00000    -0.00000    -0.00000    -0.00000    -0.00010
    -8.59235    -0.00001    -0.00001    -0.00005    -0.00001    -0.00000    -0.00000    -0.00000    -0.00000    -0.00000    -0.00007
    -8.49535    -0.00001    -0.00001    -0.00007    -0.00001    -0.00000    -0.00000    -0.00000    -0.00000    -0.00000    -0.00011
    -8.39935    -0.00001    -0.00001    -0.00004    -0.00001    -0.00000    -0.00000    -0.00000    -0.00000    -0.00000    -0.00007
    -8.30235    -0.00000    -0.00001    -0.00003    -0.00001    -0.00000    -0.00000    -0.00000    -0.00000    -0.00000    -0.00006
    -8.20535    -0.00000    -0.00001    -0.00003    -0.00001    -0.00000    -0.00000    -0.00000    -0.00000    -0.00000    -0.00005
    -8.10935    -0.00001    -0.00002    -0.00007    -0.00002    -0.00000    -0.00000    -0.00000    -0.00000    -0.00000    -0.00013
    -8.01235    -0.00000    -0.00001    -0.00004    -0.00001    -0.00000    -0.00000    -0.00000    -0.00000    -0.00000    -0.00007
    -7.91635    -0.00001    -0.00003    -0.00010    -0.00002    -0.00000    -0.00000    -0.00000    -0.00000    -0.00000    -0.00017
    -7.81935    -0.00000    -0.00001    -0.00005    -0.00001    -0.00000    -0.00000    -0.00000    -0.00000    -0.00000    -0.00008
    -7.72235    -0.00000    -0.00001    -0.00006    -0.00001    -0.00000    -0.00000    -0.00000    -0.00000    -0.00000    -0.00009
    -7.62635    -0.00000    -0.00002    -0.00007    -0.00002    -0.00000    -0.00000    -0.00000    -0.00000    -0.00000    -0.00012
    -7.52935    -0.00000    -0.00001    -0.00003    -0.00001    -0.00000    -0.00000    -0.00000    -0.00000    -0.00000    -0.00005
    -7.43235    -0.00001    -0.00002    -0.00020    -0.00002    -0.00000    -0.00000    -0.00000    -0.00000    -0.00000    -0.00026
    -7.33635    -0.00004    -0.00003    -0.00068    -0.00003    -0.00000    -0.00000    -0.00000    -0.00000    -0.00000    -0.00079
    -7.23935    -0.00011    -0.00003    -0.00176    -0.00005    -0.00000    -0.00000    -0.00001    -0.00000    -0.00000    -0.00197
    -7.14335    -0.00058    -0.00011    -0.00818    -0.00014    -0.00000    -0.00001    -0.00003    -0.00001    -0.00000    -0.00906
    -7.04635    -0.00072    -0.00016    -0.01059    -0.00022    -0.00000    -0.00001    -0.00004    -0.00001    -0.00000    -0.01176
    -6.94935    -0.00168    -0.00044    -0.02515    -0.00045    -0.00000    -0.00003    -0.00009    -0.00003    -0.00000    -0.02787
    -6.85335    -0.00207    -0.00068    -0.03295    -0.00070    -0.00000    -0.00004    -0.00011    -0.00004    -0.00000    -0.03661
    -6.75635    -0.00213    -0.00089    -0.03625    -0.00099    -0.00000    -0.00005    -0.00011    -0.00005    -0.00000    -0.04048
    -6.65935    -0.00164    -0.00089    -0.03059    -0.00118    -0.00000    -0.00005    -0.00009    -0.00006    -0.00000    -0.03449
    -6.56335    -0.00173    -0.00114    -0.03430    -0.00156    -0.00000    -0.00005    -0.00009    -0.00007    -0.00000    -0.03894
    -6.46635    -0.00193    -0.00211    -0.04181    -0.00158    -0.00000    -0.00010    -0.00010    -0.00006    -0.00000    -0.04770
    -6.37035    -0.00131    -0.00155    -0.03092    -0.00164    -0.00000    -0.00007    -0.00006    -0.00006    -0.00000    -0.03562
    -6.27335    -0.00147    -0.00232    -0.03831    -0.00229    -0.00000    -0.00009    -0.00007    -0.00008    -0.00000    -0.04464
    -6.17635    -0.00152    -0.00348    -0.04348    -0.00255    -0.00000    -0.00012    -0.00007    -0.00007    -0.00000    -0.05130
    -6.08035    -0.00159    -0.00326    -0.04968    -0.00458    -0.00000    -0.00008    -0.00007    -0.00013    -0.00001    -0.05941
    -5.98335    -0.00084    -0.00266    -0.02953    -0.00336    -0.00000    -0.00006    -0.00004    -0.00008    -0.00000    -0.03658
    -5.88635    -0.00041    -0.00304    -0.01483    -0.00191    -0.00000    -0.00004    -0.00001    -0.00003    -0.00000    -0.02028
    -5.79035    -0.00155    -0.01302    -0.06430    -0.00797    -0.00001    -0.00021    -0.00006    -0.00011    -0.00002    -0.08724
    -5.69335    -0.00206    -0.01795    -0.08864    -0.01778    -0.00002    -0.00019    -0.00006    -0.00023    -0.00002    -0.12695
    -5.59735    -0.00325    -0.04633    -0.07554    -0.04496    -0.00010    -0.00029    -0.00005    -0.00036    -0.00010    -0.17097
    -5.50035    -0.03181    -0.96801    -0.23080    -0.88972    -0.00388    -0.00513    -0.00020    -0.00492    -0.00401    -2.13847
    -5.40335    -0.11796    -1.48515    -0.46499    -2.24506    -0.00486    -0.00785    -0.00119    -0.01117    -0.00451    -4.34274
    -5.30735    -0.04675    -0.31342    -0.21637    -0.68852    -0.00099    -0.00183    -0.00038    -0.00359    -0.00093    -1.27277
    -5.21035    -0.08738    -0.56048    -0.40736    -0.83430    -0.00108    -0.00339    -0.00059    -0.00479    -0.00120    -1.90058
    -5.11335    -0.08333    -0.41350    -0.69087    -0.37289    -0.00049    -0.00316    -0.00073    -0.00290    -0.00044    -1.56833
    -5.01735    -0.75822    -3.24379    -7.22832    -2.57184    -0.00313    -0.02890    -0.00910    -0.02236    -0.00270   -13.86836
    -4.92035    -0.16851    -0.90752    -1.90629    -1.04727    -0.00138    -0.00667    -0.00273    -0.00520    -0.00092    -4.04650
    -4.82435    -0.05443    -0.83798    -0.89333    -1.23270    -0.00172    -0.00243    -0.00245    -0.00269    -0.00127    -3.02900
    -4.72735    -0.04726    -1.54804    -0.97167    -1.52434    -0.00269    -0.00313    -0.00389    -0.00317    -0.00286    -4.10707
    -4.63035    -0.17356    -7.09460    -3.26770    -6.37140    -0.01145    -0.01474    -0.02357    -0.01303    -0.01171   -16.98175
    -4.53435    -0.04942    -2.66342    -1.47030    -2.67409    -0.00581    -0.00695    -0.01093    -0.00698    -0.00576    -6.89367
    -4.43735    -0.07030    -3.21575    -2.21359    -2.27626    -0.00470    -0.01045    -0.01411    -0.00788    -0.00468    -7.81773
    -4.34035    -0.08636    -3.11302    -3.12121    -4.52750    -0.00629    -0.00902    -0.01935    -0.01356    -0.00674   -10.90305
    -4.24435    -0.11912    -3.09269    -4.18760    -2.49953    -0.00653    -0.01119    -0.01607    -0.00899    -0.00707    -9.94879
    -4.14735    -0.09084    -2.27736    -3.30405    -2.15998    -0.00379    -0.01033    -0.01375    -0.01024    -0.00555    -7.87590
    -4.05135    -0.05662    -2.63411    -3.14550    -3.38937    -0.00795    -0.01119    -0.01527    -0.01568    -0.00847    -9.28417
    -3.95435    -0.02569    -2.40989    -2.95939    -2.03854    -0.00866    -0.00955    -0.01172    -0.00913    -0.00722    -7.47979
    -3.85735    -0.02402    -2.66026    -1.69193    -2.78958    -0.00699    -0.01091    -0.00812    -0.00968    -0.00711    -7.20860
    -3.76135    -0.03017    -2.91855    -1.42836    -2.62187    -0.00712    -0.01188    -0.00577    -0.01070    -0.00642    -7.04083
    -3.66435    -0.02125    -2.46072    -1.10257    -2.79623    -0.00540    -0.00857    -0.00296    -0.01302    -0.00690    -6.41762
    -3.56735    -0.05202    -7.60720    -3.14375    -7.57063    -0.01619    -0.03694    -0.00606    -0.03672    -0.01247   -18.48198
    -3.47135    -0.02466    -2.06086    -1.15932    -1.87185    -0.00547    -0.00680    -0.00331    -0.00791    -0.00451    -5.14470
    -3.37435    -0.03355    -3.09095    -1.92122    -3.28229    -0.00839    -0.00760    -0.00492    -0.00809    -0.00954    -8.36654
    -3.27835    -0.04908    -4.05560    -6.48140    -4.61200    -0.00846    -0.00780    -0.00621    -0.00756    -0.01121   -15.23932
    -3.18135    -0.09890    -6.10890   -12.39720    -6.90710    -0.01017    -0.01075    -0.00635    -0.01223    -0.01577   -25.56737
    -3.08435    -0.06272    -2.79093    -6.14110    -2.38201    -0.00641    -0.00366    -0.00432    -0.00305    -0.00521   -11.39941
    -2.98835    -0.03552    -2.31361    -5.58268    -2.15366    -0.00733    -0.00445    -0.00498    -0.00382    -0.00674   -10.11279
    -2.89135    -0.06315    -2.67237    -9.52520    -3.21811    -0.00694    -0.00389    -0.00505    -0.00533    -0.00812   -15.50816
    -2.79535    -0.06145    -5.49340    -6.29890    -6.46770    -0.01113    -0.00770    -0.01186    -0.00825    -0.01159   -18.37197
    -2.69835    -0.03215    -3.45763    -3.63717    -3.57443    -0.00556    -0.00491    -0.00523    -0.00552    -0.00661   -10.72920
    -2.60135    -0.04912    -5.29906    -5.16680    -6.36420    -0.01514    -0.00794    -0.01028    -0.00794    -0.01186   -16.93234
    -2.50535    -0.04053    -8.51316    -4.45980    -8.80530    -0.00609    -0.01313    -0.01097    -0.01351    -0.01112   -21.87360
    -2.40835    -0.04116    -4.64016    -4.29220    -3.24169    -0.00882    -0.00639    -0.00471    -0.00395    -0.00649   -12.24556
    -2.31135    -0.05456    -6.53215    -6.53640    -7.05210    -0.01089    -0.01196    -0.00811    -0.01073    -0.01220   -20.22910
    -2.21535    -0.02866    -4.53775    -7.06010    -6.23440    -0.00804    -0.00672    -0.00483    -0.00882    -0.00767   -17.89699
    -2.11835    -0.05965   -11.04950    -8.64950   -13.01050    -0.01658    -0.01014    -0.00783    -0.01178    -0.01867   -32.83415
    -2.02235    -0.02438    -6.46440    -2.31110    -5.32093    -0.00592    -0.00327    -0.00324    -0.00307    -0.00475   -14.14106
    -1.92535    -0.00310    -0.67915    -0.32914    -0.58716    -0.00094    -0.00066    -0.00056    -0.00081    -0.00070    -1.60221
    -1.82835    -0.00191    -0.34337    -0.18044    -0.22758    -0.00046    -0.00043    -0.00037    -0.00047    -0.00033    -0.75535
    -1.73235    -0.00133    -0.16833    -0.10714    -0.11769    -0.00023    -0.00033    -0.00028    -0.00032    -0.00018    -0.39582
    -1.63535    -0.00127    -0.08892    -0.08252    -0.06972    -0.00014    -0.00030    -0.00027    -0.00034    -0.00011    -0.24359
    -1.53835    -0.00125    -0.02566    -0.05201    -0.02290    -0.00005    -0.00033    -0.00027    -0.00024    -0.00006    -0.10276
    -1.44235    -0.00110    -0.01782    -0.03900    -0.01599    -0.00004    -0.00029    -0.00025    -0.00025    -0.00005    -0.07480
    -1.34535    -0.00119    -0.01613    -0.03667    -0.01619    -0.00004    -0.00032    -0.00030    -0.00033    -0.00005    -0.07121
    -1.24935    -0.00073    -0.00887    -0.02047    -0.01027    -0.00003    -0.00019    -0.00020    -0.00026    -0.00003    -0.04104
    -1.15235    -0.00040    -0.00483    -0.01007    -0.00484    -0.00002    -0.00012    -0.00012    -0.00017    -0.00002    -0.02058
    -1.05535    -0.00056    -0.00668    -0.01289    -0.00601    -0.00002    -0.00019    -0.00018    -0.00025    -0.00003    -0.02682
    -0.95935    -0.00047    -0.00538    -0.00977    -0.00491    -0.00002    -0.00018    -0.00016    -0.00023    -0.00002    -0.02115
    -0.86235    -0.00046    -0.00616    -0.00857    -0.00391    -0.00003    -0.00024    -0.00017    -0.00018    -0.00002    -0.01973
    -0.76535    -0.00037    -0.00453    -0.00638    -0.00324    -0.00002    -0.00019    -0.00015    -0.00017    -0.00002    -0.01506
    -0.66935    -0.00030    -0.00321    -0.00487    -0.00290    -0.00002    -0.00016    -0.00014    -0.00019    -0.00002    -0.01181
    -0.57235    -0.00019    -0.00263    -0.00290    -0.00171    -0.00002    -0.00015    -0.00009    -0.00010    -0.00001    -0.00781
    -0.47635    -0.00026    -0.00379    -0.00395    -0.00247    -0.00003    -0.00023    -0.00013    -0.00015    -0.00002    -0.01103
    -0.37935    -0.00032    -0.00349    -0.00467    -0.00284    -0.00004    -0.00026    -0.00019    -0.00027    -0.00005    -0.01212
    -0.28235    -0.00020    -0.00200    -0.00260    -0.00170    -0.00002    -0.00017    -0.00012    -0.00018    -0.00003    -0.00703
    -0.18635    -0.00006    -0.00087    -0.00083    -0.00045    -0.00001    -0.00008    -0.00004    -0.00004    -0.00001    -0.00239
    -0.08935    -0.00006    -0.00080    -0.00078    -0.00041    -0.00001    -0.00008    -0.00004    -0.00004    -0.00001    -0.00223
     0.00765    -0.00019    -0.00140    -0.00221    -0.00160    -0.00003    -0.00017    -0.00015    -0.00024    -0.00005    -0.00604
     0.10365     0.00000     0.00000     0.00000     0.00000     0.00000     0.00000     0.00000     0.00000     0.00000     0.00000
     0.20065     0.00000     0.00000     0.00000     0.00000     0.00000     0.00000     0.00000     0.00000     0.00000     0.00000
     0.29665     0.00000     0.00000     0.00000     0.00000     0.00000     0.00000     0.00000     0.00000     0.00000     0.00000
     0.39365     0.00000     0.00000     0.00000     0.00000     0.00000     0.00000     0.00000     0.00000     0.00000     0.00000
     0.49065    -0.00006    -0.00034    -0.00054    -0.00022    -0.00003    -0.00010    -0.00008    -0.00004    -0.00002    -0.00143
     0.58665    -0.00009    -0.00047    -0.00077    -0.00035    -0.00004    -0.00014    -0.00012    -0.00008    -0.00003    -0.00210
     0.68365    -0.00009    -0.00038    -0.00065    -0.00035    -0.00004    -0.00012    -0.00011    -0.00011    -0.00004    -0.00188
     0.78065    -0.00007    -0.00024    -0.00044    -0.00026    -0.00003    -0.00009    -0.00009    -0.00010    -0.00003    -0.00135
     0.87665    -0.00005    -0.00012    -0.00023    -0.00015    -0.00001    -0.00006    -0.00005    -0.00007    -0.00003    -0.00079
     0.97365    -0.00014    -0.00054    -0.00077    -0.00046    -0.00010    -0.00027    -0.00023    -0.00015    -0.00008    -0.00273
     1.06965    -0.00013    -0.00045    -0.00067    -0.00041    -0.00009    -0.00024    -0.00020    -0.00016    -0.00007    -0.00242
     1.16665    -0.00013    -0.00039    -0.00057    -0.00036    -0.00008    -0.00022    -0.00020    -0.00016    -0.00009    -0.00221
     1.26365    -0.00020    -0.00052    -0.00072    -0.00046    -0.00009    -0.00031    -0.00027    -0.00024    -0.00015    -0.00298
     1.35965    -0.00040    -0.00086    -0.00118    -0.00078    -0.00014    -0.00059    -0.00043    -0.00042    -0.00024    -0.00504
     1.45665    -0.00047    -0.00155    -0.00163    -0.00133    -0.00035    -0.00059    -0.00099    -0.00062    -0.00074    -0.00827
     1.55365    -0.00207    -0.01049    -0.00660    -0.00702    -0.00286    -0.00145    -0.00463    -0.00181    -0.00440    -0.04134
     1.64965    -0.00422    -0.02049    -0.01075    -0.01081    -0.00394    -0.00164    -0.00791    -0.00388    -0.00917    -0.07281
     1.74665    -0.13444    -0.48360    -0.23616    -0.29851    -0.09639    -0.03665    -0.16582    -0.10914    -0.20586    -1.76658
     1.84265    -0.13015    -0.70992    -0.45324    -0.62652    -0.26820    -0.10334    -0.27437    -0.10610    -0.28355    -2.95539
     1.93965    -0.19662    -0.81922    -0.43796    -0.77861    -0.17740    -0.10597    -0.15117    -0.11002    -0.20363    -2.98059
     2.03665    -0.44600    -1.45042    -1.88426    -1.76968    -0.31338    -0.25401    -0.13170    -0.26984    -0.24523    -6.76452
     2.13265    -0.34699    -1.16902    -1.42344    -0.87889    -0.16711    -0.23679    -0.06129    -0.22999    -0.15047    -4.66399
     2.22965    -0.34531    -0.66135    -1.97763    -0.72905    -0.14082    -0.15811    -0.07329    -0.20208    -0.13803    -4.42567
     2.32665    -0.18548    -0.77220    -0.97865    -0.68821    -0.06806    -0.12625    -0.04486    -0.11140    -0.07520    -3.05032
     2.42265    -0.30315    -2.81597    -1.24259    -2.67850    -0.15919    -0.20318    -0.19764    -0.20590    -0.17175    -7.97787
     2.51965    -0.10208    -0.71940    -0.53353    -0.82454    -0.04772    -0.05233    -0.08828    -0.04348    -0.04937    -2.46073
     2.61565    -0.02664    -0.16598    -0.09812    -0.11717    -0.00928    -0.01511    -0.00931    -0.00980    -0.00796    -0.45938
     2.71265    -0.00961    -0.04804    -0.03980    -0.04395    -0.00387    -0.00441    -0.00357    -0.00298    -0.00287    -0.15910
     2.80965    -0.00653    -0.03441    -0.02502    -0.02679    -0.00256    -0.00314    -0.00195    -0.00208    -0.00177    -0.10425
     2.90565    -0.00353    -0.01796    -0.01325    -0.01383    -0.00140    -0.00158    -0.00098    -0.00111    -0.00088    -0.05452
     3.00265    -0.00189    -0.00888    -0.00752    -0.00811    -0.00075    -0.00088    -0.00064    -0.00076    -0.00053    -0.02996
     3.09865    -0.00029    -0.00180    -0.00117    -0.00206    -0.00011    -0.00022    -0.00021    -0.00024    -0.00010    -0.00618
     3.19565    -0.00044    -0.00296    -0.00167    -0.00287    -0.00017    -0.00050    -0.00042    -0.00039    -0.00021    -0.00964
     3.29265    -0.00040    -0.00227    -0.00141    -0.00165    -0.00017    -0.00048    -0.00035    -0.00038    -0.00018    -0.00730
     3.38865    -0.00037    -0.00195    -0.00123    -0.00156    -0.00017    -0.00046    -0.00036    -0.00038    -0.00017    -0.00665
     3.48565    -0.00340    -0.00152    -0.00102    -0.00170    -0.00014    -0.00039    -0.00031    -0.00033    -0.00015    -0.00896
     3.58265    -0.00642    -0.00139    -0.00098    -0.00194    -0.00013    -0.00034    -0.00028    -0.00029    -0.00013    -0.01190
     3.67865    -0.01024    -0.00120    -0.00088    -0.00202    -0.00010    -0.00025    -0.00025    -0.00024    -0.00010    -0.01527
     3.77565    -0.02676    -0.00196    -0.00150    -0.00251    -0.00018    -0.00037    -0.00039    -0.00035    -0.00012    -0.03415
     3.87165    -0.04371    -0.00312    -0.00183    -0.00237    -0.00016    -0.00032    -0.00028    -0.00026    -0.00011    -0.05217
     3.96865    -0.01880    -0.00162    -0.00097    -0.00224    -0.00012    -0.00022    -0.00020    -0.00019    -0.00008    -0.02444
     4.06565    -0.03073    -0.00518    -0.00205    -0.00310    -0.00018    -0.00030    -0.00038    -0.00034    -0.00016    -0.04243
     4.16165    -0.02441    -0.00665    -0.00207    -0.00157    -0.00016    -0.00028    -0.00032    -0.00024    -0.00012    -0.03582
     4.25865    -0.09484    -0.00990    -0.01544    -0.01640    -0.00035    -0.00047    -0.00082    -0.00073    -0.00040    -0.13934
     4.35565    -0.13119    -0.02419    -0.02636    -0.01613    -0.00074    -0.00126    -0.00221    -0.00109    -0.00072    -0.20390
     4.45165    -0.14978    -0.01957    -0.02837    -0.02444    -0.00056    -0.00103    -0.00141    -0.00089    -0.00064    -0.22670
     4.54865    -0.24877    -0.04182    -0.04455    -0.02847    -0.00086    -0.00149    -0.00210    -0.00125    -0.00107    -0.37038
     4.64465    -0.10536    -0.01459    -0.03017    -0.04385    -0.00080    -0.00105    -0.00299    -0.00178    -0.00151    -0.20210
     4.74165    -0.16335    -0.03628    -0.03050    -0.03994    -0.00117    -0.00160    -0.00277    -0.00139    -0.00103    -0.27804
     4.83865    -0.24611    -0.07144    -0.04182    -0.05153    -0.00182    -0.00237    -0.00346    -0.00192    -0.00163    -0.42210
     4.93465    -0.15854    -0.03884    -0.03208    -0.04813    -0.00356    -0.00453    -0.00422    -0.00309    -0.00259    -0.29559
     5.03165    -0.16177    -0.03902    -0.03487    -0.05547    -0.00538    -0.00642    -0.00617    -0.00500    -0.00409    -0.31819
     5.12865    -0.12774    -0.03321    -0.03197    -0.05361    -0.00844    -0.01087    -0.00364    -0.00741    -0.00583    -0.28271
     5.22465    -0.31418    -0.12277    -0.09579    -0.08939    -0.01981    -0.02687    -0.01919    -0.02442    -0.02019    -0.73260
     5.32165    -0.21286    -0.06546    -0.09992    -0.07615    -0.03913    -0.05604    -0.02686    -0.08367    -0.05421    -0.71431
     5.41765    -0.63392    -0.30260    -0.26516    -0.26033    -0.33930    -0.47671    -0.04411    -0.43767    -0.30305    -3.06285
     5.51465    -0.41020    -0.25352    -0.20305    -0.21122    -0.17067    -0.28834    -0.04772    -0.27726    -0.15714    -2.01912
     5.61165    -0.66630    -0.36861    -0.36614    -0.40963    -0.19745    -0.38037    -0.08998    -0.34713    -0.16842    -2.99403
     5.70765    -0.28277    -0.10610    -0.14649    -0.13669    -0.05282    -0.08724    -0.04460    -0.12127    -0.07566    -1.05364
     5.80465    -0.34858    -0.27251    -0.19368    -0.25281    -0.16031    -0.35160    -0.04644    -0.33497    -0.16939    -2.13029
     5.90165    -0.63747    -0.26125    -0.35939    -0.26772    -0.26251    -0.28174    -0.16271    -0.29626    -0.21836    -2.74740
     5.99765    -0.78877    -0.38245    -0.37008    -0.31248    -0.25089    -0.29513    -0.19503    -0.28061    -0.25967    -3.13511
     6.09465    -0.69144    -0.29201    -0.30047    -0.35989    -0.22724    -0.20015    -0.13751    -0.25237    -0.20799    -2.66905
     6.19065    -0.68160    -0.30090    -0.36303    -0.29949    -0.23498    -0.19499    -0.08454    -0.24099    -0.32286    -2.72338
     6.28765    -0.24167    -0.14210    -0.11853    -0.07515    -0.06344    -0.10506    -0.10470    -0.07562    -0.09212    -1.01839
     6.38465    -0.45064    -0.19928    -0.24504    -0.24673    -0.11517    -0.09751    -0.27884    -0.10022    -0.10900    -1.84244
     6.48065    -0.45116    -0.27732    -0.35361    -0.35948    -0.17278    -0.19196    -0.11873    -0.32176    -0.19698    -2.44377
     6.57765    -0.69486    -0.53399    -0.53494    -0.42248    -0.33863    -0.50789    -0.36757    -0.32636    -0.28836    -4.01509
     6.67465    -0.34657    -0.19677    -0.22381    -0.23876    -0.22016    -0.33967    -0.14641    -0.30863    -0.21413    -2.23490
     6.77065    -0.60804    -0.62014    -0.26295    -0.28389    -0.21208    -0.37035    -0.43980    -0.30686    -0.24902    -3.35313
     6.86765    -0.47886    -0.36254    -0.35092    -0.28114    -0.28236    -0.29440    -0.22641    -0.32151    -0.26363    -2.86177
     6.96365    -0.24689    -0.17626    -0.18008    -0.14931    -0.12689    -0.19044    -0.14022    -0.15588    -0.11917    -1.48514
     7.06065    -0.55161    -0.32128    -0.50528    -0.38874    -0.24189    -0.33274    -0.22610    -0.42910    -0.23536    -3.23209
     7.15765    -0.24075    -0.15526    -0.24264    -0.15443    -0.10189    -0.16338    -0.13197    -0.22225    -0.15454    -1.56712
     7.25365    -0.03844    -0.02721    -0.04963    -0.01616    -0.01216    -0.02378    -0.03823    -0.03751    -0.02989    -0.27301
     7.35065     0.00000     0.00000     0.00000     0.00000     0.00000     0.00000     0.00000     0.00000     0.00000     0.00000
     7.44765     0.00000     0.00000     0.00000     0.00000     0.00000     0.00000     0.00000     0.00000     0.00000     0.00000
     7.54365     0.00000     0.00000     0.00000     0.00000     0.00000     0.00000     0.00000     0.00000     0.00000     0.00000
     7.64065     0.00000     0.00000     0.00000     0.00000     0.00000     0.00000     0.00000     0.00000     0.00000     0.00000
     7.73665     0.00000     0.00000     0.00000     0.00000     0.00000     0.00000     0.00000     0.00000     0.00000     0.00000
     7.83365     0.00000     0.00000     0.00000     0.00000     0.00000     0.00000     0.00000     0.00000     0.00000     0.00000
     7.93065     0.00000     0.00000     0.00000     0.00000     0.00000     0.00000     0.00000     0.00000     0.00000     0.00000
     8.02665     0.00000     0.00000     0.00000     0.00000     0.00000     0.00000     0.00000     0.00000     0.00000     0.00000
     8.12365     0.00000     0.00000     0.00000     0.00000     0.00000     0.00000     0.00000     0.00000     0.00000     0.00000
     8.21965     0.00000     0.00000     0.00000     0.00000     0.00000     0.00000     0.00000     0.00000     0.00000     0.00000
     8.31665     0.00000     0.00000     0.00000     0.00000     0.00000     0.00000     0.00000     0.00000     0.00000     0.00000
     8.41365     0.00000     0.00000     0.00000     0.00000     0.00000     0.00000     0.00000     0.00000     0.00000     0.00000
     8.50965     0.00000     0.00000     0.00000     0.00000     0.00000     0.00000     0.00000     0.00000     0.00000     0.00000
     8.60665     0.00000     0.00000     0.00000     0.00000     0.00000     0.00000     0.00000     0.00000     0.00000     0.00000
