     #Energy           s          py          pz          px         dxy         dyz         dz2         dxz         dx2       tot  
   -20.38035     0.00000     0.00000     0.00000     0.00000     0.00000     0.00000     0.00000     0.00000     0.00000     0.00000
   -20.28335     0.00000     0.00000     0.00000     0.00000     0.00000     0.00000     0.00000     0.00000     0.00000     0.00000
   -20.18735     0.00000     0.00000     0.00000     0.00000     0.00000     0.00000     0.00000     0.00000     0.00000     0.00000
   -20.09035     0.00000     0.00000     0.00000     0.00000     0.00000     0.00000     0.00000     0.00000     0.00000     0.00000
   -19.99335     0.00000     0.00000     0.00000     0.00000     0.00000     0.00000     0.00000     0.00000     0.00000     0.00000
   -19.89735     0.00000     0.00000     0.00000     0.00000     0.00000     0.00000     0.00000     0.00000     0.00000     0.00000
   -19.80035     0.00000     0.00000     0.00000     0.00000     0.00000     0.00000     0.00000     0.00000     0.00000     0.00000
   -19.70435     0.00000     0.00000     0.00000     0.00000     0.00000     0.00000     0.00000     0.00000     0.00000     0.00000
   -19.60735     0.00000     0.00000     0.00000     0.00000     0.00000     0.00000     0.00000     0.00000     0.00000     0.00000
   -19.51035     0.00000     0.00000     0.00000     0.00000     0.00000     0.00000     0.00000     0.00000     0.00000     0.00000
   -19.41435     0.00000     0.00000     0.00000     0.00000     0.00000     0.00000     0.00000     0.00000     0.00000     0.00000
   -19.31735     0.00000     0.00000     0.00000     0.00000     0.00000     0.00000     0.00000     0.00000     0.00000     0.00000
   -19.22035     0.00000     0.00000     0.00000     0.00000     0.00000     0.00000     0.00000     0.00000     0.00000     0.00000
   -19.12435     0.00000     0.00000     0.00000     0.00000     0.00000     0.00000     0.00000     0.00000     0.00000     0.00000
   -19.02735     3.97969     0.01017     0.00001     0.02688     0.00000     0.00000     0.00000     0.00000     0.00000     4.01675
   -18.93135     3.84758     0.02733     0.00002     0.04182     0.00000     0.00000     0.00000     0.00000     0.00000     3.91674
   -18.83435     2.45094     0.02108     0.00001     0.05052     0.00000     0.00000     0.00000     0.00000     0.00000     2.52254
   -18.73735     3.35498     0.04242     0.00001     0.07215     0.00000     0.00000     0.00000     0.00000     0.00000     3.46957
   -18.64135     3.42708     0.06630     0.00001     0.06449     0.00000     0.00000     0.00000     0.00000     0.00000     3.55788
   -18.54435     1.09130     0.02387     0.00000     0.01796     0.00000     0.00000     0.00000     0.00000     0.00000     1.13313
   -18.44735     2.68895     0.09342     0.00001     0.03848     0.00000     0.00000     0.00000     0.00000     0.00000     2.82086
   -18.35135     3.50725     0.10293     0.00001     0.08645     0.00000     0.00000     0.00000     0.00000     0.00000     3.69664
   -18.25435     1.82868     0.07434     0.00001     0.04990     0.00000     0.00000     0.00000     0.00000     0.00000     1.95293
   -18.15835     2.01961     0.07467     0.00001     0.07197     0.00000     0.00000     0.00000     0.00000     0.00000     2.16626
   -18.06135     0.74454     0.04876     0.00000     0.00597     0.00000     0.00000     0.00000     0.00000     0.00000     0.79927
   -17.96435     3.37068     0.13249     0.00001     0.12422     0.00000     0.00000     0.00000     0.00000     0.00000     3.62740
   -17.86835     2.17631     0.10659     0.00001     0.07871     0.00000     0.00000     0.00000     0.00000     0.00000     2.36162
   -17.77135     0.63111     0.01116     0.00000     0.04282     0.00000     0.00000     0.00000     0.00000     0.00000     0.68509
   -17.67435     2.07053     0.07812     0.00001     0.12555     0.00000     0.00000     0.00000     0.00000     0.00000     2.27420
   -17.57835     3.03230     0.15538     0.00001     0.16600     0.00000     0.00000     0.00000     0.00000     0.00000     3.35369
   -17.48135     1.99790     0.12233     0.00001     0.11003     0.00000     0.00000     0.00000     0.00000     0.00000     2.23027
   -17.38535     1.46824     0.09029     0.00000     0.09096     0.00000     0.00000     0.00000     0.00000     0.00000     1.64950
   -17.28835     2.48319     0.14209     0.00001     0.16500     0.00000     0.00000     0.00000     0.00000     0.00000     2.79029
   -17.19135     1.95710     0.10897     0.00001     0.14824     0.00000     0.00000     0.00000     0.00000     0.00000     2.21431
   -17.09535     2.59917     0.17805     0.00001     0.18443     0.00000     0.00000     0.00000     0.00000     0.00000     2.96166
   -16.99835     2.09588     0.14332     0.00001     0.16954     0.00000     0.00000     0.00000     0.00000     0.00000     2.40875
   -16.90135     2.55919     0.20096     0.00001     0.19579     0.00000     0.00000     0.00000     0.00000     0.00000     2.95595
   -16.80535     2.51622     0.20497     0.00001     0.20204     0.00000     0.00000     0.00000     0.00000     0.00000     2.92324
   -16.70835     2.88343     0.24008     0.00001     0.25372     0.00000     0.00000     0.00000     0.00000     0.00000     3.37725
   -16.61235     3.25015     0.27004     0.00001     0.29643     0.00000     0.00000     0.00000     0.00000     0.00000     3.81663
   -16.51535     2.24528     0.15221     0.00001     0.25269     0.00000     0.00000     0.00000     0.00000     0.00000     2.65020
   -16.41835     1.91154     0.12635     0.00001     0.23379     0.00000     0.00000     0.00000     0.00000     0.00000     2.27169
   -16.32235     4.52381     0.59052     0.00002     0.33320     0.00000     0.00000     0.00000     0.00000     0.00000     5.44755
   -16.22535     1.17902     0.15345     0.00001     0.09673     0.00000     0.00000     0.00000     0.00000     0.00000     1.42920
   -16.12835     1.94291     0.19662     0.00001     0.22406     0.00000     0.00000     0.00000     0.00000     0.00000     2.36361
   -16.03235     2.40355     0.27687     0.00002     0.25742     0.00000     0.00000     0.00000     0.00000     0.00000     2.93785
   -15.93535     1.18932     0.16881     0.00003     0.09233     0.00000     0.00000     0.00000     0.00000     0.00000     1.45049
   -15.83935     2.08200     0.14711     0.00013     0.32760     0.00000     0.00000     0.00000     0.00000     0.00000     2.55685
   -15.74235     1.87624     0.29881     0.00020     0.16203     0.00000     0.00000     0.00000     0.00000     0.00000     2.33729
   -15.64535     2.63830     0.23129     0.00019     0.41539     0.00000     0.00000     0.00000     0.00000     0.00000     3.28517
   -15.54935     3.33437     0.49947     0.00023     0.34815     0.00000     0.00000     0.00000     0.00000     0.00000     4.18222
   -15.45235     5.49206     0.64887     0.00010     0.81023     0.00000     0.00000     0.00000     0.00000     0.00000     6.95127
   -15.35535     1.36188     0.21943     0.00013     0.14872     0.00000     0.00000     0.00000     0.00000     0.00000     1.73016
   -15.25935     1.68384     0.23899     0.00020     0.23948     0.00000     0.00000     0.00000     0.00000     0.00000     2.16251
   -15.16235     3.08249     0.51732     0.00072     0.37350     0.00000     0.00000     0.00000     0.00000     0.00000     3.97403
   -15.06635     0.85966     0.16194     0.00276     0.09067     0.00000     0.00000     0.00000     0.00000     0.00000     1.11502
   -14.96935     2.71433     0.29228     0.00030     0.52891     0.00000     0.00000     0.00000     0.00000     0.00000     3.53581
   -14.87235     3.80957     0.54571     0.00004     0.61736     0.00000     0.00000     0.00000     0.00000     0.00000     4.97268
   -14.77635     2.26196     0.34697     0.00001     0.36154     0.00000     0.00000     0.00000     0.00000     0.00000     2.97048
   -14.67935     1.61901     0.25051     0.00001     0.25921     0.00000     0.00000     0.00000     0.00000     0.00000     2.12874
   -14.58235     2.27577     0.37606     0.00001     0.35565     0.00000     0.00000     0.00000     0.00000     0.00000     3.00749
   -14.48635     1.75720     0.25078     0.00001     0.31371     0.00000     0.00000     0.00000     0.00000     0.00000     2.32170
   -14.38935     2.16383     0.30296     0.00001     0.38314     0.00000     0.00000     0.00000     0.00000     0.00000     2.84994
   -14.29335     2.61146     0.37581     0.00002     0.47350     0.00000     0.00000     0.00000     0.00000     0.00000     3.46078
   -14.19635     2.26071     0.32558     0.00001     0.42316     0.00000     0.00000     0.00000     0.00000     0.00000     3.00946
   -14.09935     1.76054     0.25590     0.00001     0.32930     0.00000     0.00000     0.00000     0.00000     0.00000     2.34575
   -14.00335     2.23174     0.30031     0.00001     0.44464     0.00000     0.00000     0.00000     0.00000     0.00000     2.97670
   -13.90635     2.54733     0.40508     0.00002     0.46124     0.00000     0.00000     0.00000     0.00000     0.00000     3.41366
   -13.81035     2.22329     0.42259     0.00002     0.34792     0.00000     0.00000     0.00000     0.00000     0.00000     2.99381
   -13.71335     2.78932     0.56591     0.00002     0.44059     0.00000     0.00000     0.00000     0.00000     0.00000     3.79584
   -13.61635     2.88637     0.56192     0.00002     0.49807     0.00000     0.00000     0.00000     0.00000     0.00000     3.94638
   -13.52035     1.66022     0.35733     0.00002     0.25240     0.00000     0.00000     0.00000     0.00000     0.00000     2.26996
   -13.42335     2.13929     0.46559     0.00002     0.36540     0.00000     0.00000     0.00000     0.00000     0.00000     2.97030
   -13.32635     1.37874     0.26531     0.00001     0.28698     0.00000     0.00000     0.00000     0.00000     0.00000     1.93104
   -13.23035     0.86797     0.19137     0.00001     0.18594     0.00000     0.00000     0.00000     0.00000     0.00000     1.24529
   -13.13335     1.68451     0.37076     0.00002     0.39961     0.00000     0.00000     0.00000     0.00000     0.00000     2.45489
   -13.03735     1.82918     0.56426     0.00002     0.38266     0.00000     0.00000     0.00000     0.00000     0.00000     2.77611
   -12.94035     0.75347     0.24603     0.00001     0.15420     0.00000     0.00000     0.00000     0.00000     0.00000     1.15371
   -12.84335     1.68921     0.55298     0.00002     0.49296     0.00000     0.00000     0.00000     0.00000     0.00000     2.73517
   -12.74735     0.92416     0.28172     0.00001     0.26169     0.00000     0.00000     0.00000     0.00000     0.00000     1.46757
   -12.65035     0.37171     0.11079     0.00000     0.17256     0.00000     0.00000     0.00000     0.00000     0.00000     0.65506
   -12.55335     0.55762     0.19296     0.00001     0.25038     0.00000     0.00000     0.00000     0.00000     0.00000     1.00096
   -12.45735     1.73334     0.83265     0.00003     0.81031     0.00000     0.00000     0.00000     0.00000     0.00000     3.37632
   -12.36035     2.50822     1.21496     0.00004     1.19734     0.00000     0.00000     0.00000     0.00000     0.00000     4.92055
   -12.26435     2.88188     1.30637     0.00004     1.31422     0.00000     0.00000     0.00000     0.00000     0.00000     5.50251
   -12.16735     2.03650     0.87125     0.00003     0.96406     0.00000     0.00000     0.00000     0.00000     0.00000     3.87185
   -12.07035     1.09179     0.52311     0.00002     0.54142     0.00000     0.00000     0.00000     0.00000     0.00000     2.15635
   -11.97435     1.53010     0.80819     0.00002     0.64795     0.00000     0.00000     0.00000     0.00000     0.00000     2.98626
   -11.87735     1.90051     1.00116     0.00003     0.78322     0.00000     0.00000     0.00000     0.00000     0.00000     3.68492
   -11.78035     1.32316     0.47694     0.00002     0.74272     0.00000     0.00000     0.00000     0.00000     0.00000     2.54284
   -11.68435     2.06091     0.90204     0.00003     0.98315     0.00000     0.00000     0.00000     0.00000     0.00000     3.94613
   -11.58735     2.07979     0.97223     0.00003     0.96888     0.00000     0.00000     0.00000     0.00000     0.00000     4.02093
   -11.49135     1.64584     0.72023     0.00002     0.81904     0.00000     0.00000     0.00000     0.00000     0.00000     3.18512
   -11.39435     1.46372     0.79153     0.00003     0.63385     0.00000     0.00000     0.00000     0.00000     0.00000     2.88913
   -11.29735     1.41168     0.79215     0.00003     0.64215     0.00000     0.00000     0.00000     0.00000     0.00000     2.84600
   -11.20135     1.43684     0.73661     0.00003     0.73920     0.00000     0.00000     0.00000     0.00000     0.00000     2.91268
   -11.10435     1.40299     0.74458     0.00003     0.69860     0.00000     0.00000     0.00000     0.00000     0.00000     2.84619
   -11.00735     1.37138     0.73440     0.00003     0.69682     0.00000     0.00000     0.00000     0.00000     0.00000     2.80263
   -10.91135     1.22576     0.64099     0.00002     0.66006     0.00000     0.00000     0.00000     0.00000     0.00000     2.52683
   -10.81435     1.72032     0.90679     0.00003     0.93473     0.00000     0.00000     0.00000     0.00000     0.00000     3.56187
   -10.71835     1.25226     0.58754     0.00002     0.79270     0.00000     0.00000     0.00000     0.00000     0.00000     2.63253
   -10.62135     1.46691     0.76840     0.00003     0.91926     0.00000     0.00000     0.00000     0.00000     0.00000     3.15461
   -10.52435     1.60871     0.90555     0.00004     1.07345     0.00000     0.00000     0.00000     0.00000     0.00000     3.58775
   -10.42835     1.19677     0.65947     0.00003     0.79852     0.00000     0.00000     0.00000     0.00000     0.00000     2.65479
   -10.33135     1.24654     0.79714     0.00003     0.80496     0.00000     0.00000     0.00000     0.00000     0.00000     2.84867
   -10.23435     1.13104     0.81717     0.00003     0.75480     0.00000     0.00000     0.00000     0.00000     0.00000     2.70305
   -10.13835     1.19583     0.98967     0.00004     0.86525     0.00000     0.00000     0.00000     0.00000     0.00000     3.05079
   -10.04135     1.16943     0.90156     0.00003     0.92354     0.00000     0.00000     0.00000     0.00000     0.00000     2.99457
    -9.94535     1.51007     1.16670     0.00005     1.14482     0.00000     0.00000     0.00000     0.00000     0.00000     3.82164
    -9.84835     1.07899     0.60516     0.00003     0.97141     0.00000     0.00000     0.00000     0.00000     0.00000     2.65559
    -9.75135     1.25298     0.95023     0.00004     1.25459     0.00000     0.00000     0.00000     0.00000     0.00000     3.45785
    -9.65535     0.88530     0.65327     0.00003     0.90781     0.00000     0.00000     0.00000     0.00000     0.00000     2.44642
    -9.55835     0.71869     0.50522     0.00002     0.74181     0.00000     0.00000     0.00000     0.00000     0.00000     1.96574
    -9.46135     1.19374     1.20758     0.00005     1.34082     0.00000     0.00000     0.00000     0.00000     0.00000     3.74219
    -9.36535     0.74135     0.66718     0.00003     0.74178     0.00000     0.00000     0.00000     0.00000     0.00000     2.15033
    -9.26835     0.85374     0.89876     0.00003     0.96142     0.00000     0.00000     0.00000     0.00000     0.00000     2.71396
    -9.17235     0.45858     0.53710     0.00002     0.53357     0.00000     0.00000     0.00000     0.00000     0.00000     1.52926
    -9.07535     0.69295     1.01081     0.00003     0.80096     0.00000     0.00000     0.00000     0.00000     0.00000     2.50475
    -8.97835     1.84325     2.47615     0.00009     2.30499     0.00000     0.00000     0.00000     0.00000     0.00000     6.62448
    -8.88235     1.25505     1.70272     0.00006     1.72744     0.00000     0.00000     0.00000     0.00000     0.00000     4.68527
    -8.78535     0.80630     1.14270     0.00004     0.98907     0.00000     0.00000     0.00000     0.00000     0.00000     2.93812
    -8.68935     1.09574     1.52796     0.00007     1.44059     0.00000     0.00000     0.00000     0.00000     0.00000     4.06436
    -8.59235     0.65596     0.89482     0.00004     0.94320     0.00000     0.00000     0.00000     0.00000     0.00000     2.49401
    -8.49535     1.18302     1.69871     0.00008     1.68577     0.00000     0.00000     0.00000     0.00000     0.00000     4.56758
    -8.39935     0.98439     1.58047     0.00007     1.48445     0.00000     0.00000     0.00000     0.00000     0.00000     4.04938
    -8.30235     0.58983     1.04915     0.00005     0.93082     0.00000     0.00000     0.00000     0.00000     0.00000     2.56984
    -8.20535     0.56204     1.09754     0.00005     0.87051     0.00000     0.00000     0.00000     0.00000     0.00000     2.53013
    -8.10935     1.46279     2.79636     0.00012     2.09342     0.00000     0.00000     0.00000     0.00000     0.00000     6.35269
    -8.01235     0.62179     1.02652     0.00005     1.40740     0.00000     0.00000     0.00000     0.00000     0.00000     3.05577
    -7.91635     1.48791     2.52727     0.00013     2.98193     0.00000     0.00000     0.00000     0.00000     0.00000     6.99724
    -7.81935     0.85390     1.38970     0.00008     1.74133     0.00000     0.00000     0.00000     0.00000     0.00000     3.98501
    -7.72235     1.02699     1.94503     0.00010     2.06012     0.00000     0.00000     0.00000     0.00000     0.00000     5.03224
    -7.62635     1.09306     2.22900     0.00015     2.53623     0.00000     0.00000     0.00000     0.00000     0.00000     5.85844
    -7.52935     0.49356     0.91763     0.00006     1.04865     0.00000     0.00000     0.00000     0.00000     0.00000     2.45990
    -7.43235     0.81332     2.24585     0.00575     2.23732     0.00000     0.00000     0.00000     0.00000     0.00000     5.30224
    -7.33635     0.77776     2.34536     0.03189     1.70058     0.00000     0.00000     0.00000     0.00000     0.00000     4.85559
    -7.23935     0.45735     1.11158     0.08816     1.08971     0.00000     0.00000     0.00000     0.00000     0.00000     2.74680
    -7.14335     0.70229     1.70648     0.14489     1.84829     0.00000     0.00000     0.00000     0.00000     0.00000     4.40196
    -7.04635     0.85289     2.46468     0.84954     2.34019     0.00000     0.00000     0.00000     0.00000     0.00000     6.50730
    -6.94935     0.81105     2.37436     1.30574     2.28755     0.00000     0.00000     0.00000     0.00000     0.00000     6.77870
    -6.85335     0.58555     1.67416     1.72345     1.94288     0.00000     0.00000     0.00000     0.00000     0.00000     5.92604
    -6.75635     0.64264     2.01847     1.85127     2.60230     0.00000     0.00000     0.00000     0.00000     0.00000     7.11468
    -6.65935     2.37971     6.77674     1.37461     7.29772     0.00000     0.00000     0.00000     0.00000     0.00000    17.82878
    -6.56335     0.87983     3.30424     1.46921     3.27796     0.00000     0.00000     0.00000     0.00000     0.00000     8.93124
    -6.46635     0.47669     2.07374     0.97062     1.99520     0.00000     0.00000     0.00000     0.00000     0.00000     5.51625
    -6.37035     0.76572     3.66785     1.18610     2.77858     0.00000     0.00000     0.00000     0.00000     0.00000     8.39826
    -6.27335     0.42994     1.81387     1.44035     1.87972     0.00000     0.00000     0.00000     0.00000     0.00000     5.56388
    -6.17635     0.50060     3.03867     1.53164     3.11929     0.00000     0.00000     0.00000     0.00000     0.00000     8.19020
    -6.08035     0.58635     3.01044     1.76942     3.61358     0.00000     0.00000     0.00000     0.00000     0.00000     8.97979
    -5.98335     0.51355     4.14001     2.17922     5.79390     0.00000     0.00000     0.00000     0.00000     0.00000    12.62668
    -5.88635     0.44252     3.24859     0.45581     2.74207     0.00000     0.00000     0.00000     0.00000     0.00000     6.88900
    -5.79035     0.72702     4.46454     2.29963     7.74104     0.00000     0.00000     0.00000     0.00000     0.00000    15.23223
    -5.69335     0.32158     1.61358     3.08889     1.90097     0.00000     0.00000     0.00000     0.00000     0.00000     6.92502
    -5.59735     0.20968     1.70450     0.59758     2.41506     0.00000     0.00000     0.00000     0.00000     0.00000     4.92681
    -5.50035     0.61440     2.52273     2.33787     4.60561     0.00000     0.00000     0.00000     0.00000     0.00000    10.08061
    -5.40335     0.21201     1.72483     1.82861     3.36932     0.00000     0.00000     0.00000     0.00000     0.00000     7.13477
    -5.30735     0.51304     2.73865     1.15051     4.54909     0.00000     0.00000     0.00000     0.00000     0.00000     8.95129
    -5.21035     0.42141     4.24642     2.51152     2.49208     0.00000     0.00000     0.00000     0.00000     0.00000     9.67143
    -5.11335     0.20533     2.34768     1.30689     1.95613     0.00000     0.00000     0.00000     0.00000     0.00000     5.81603
    -5.01735     0.15798     1.14049     1.42064     1.22403     0.00000     0.00000     0.00000     0.00000     0.00000     3.94314
    -4.92035     0.28564     3.09302     5.16951     1.64472     0.00000     0.00000     0.00000     0.00000     0.00000    10.19289
    -4.82435     0.74949     6.04976     1.37588    11.22718     0.00000     0.00000     0.00000     0.00000     0.00000    19.40231
    -4.72735     0.09373     0.94446     1.83547     1.06212     0.00000     0.00000     0.00000     0.00000     0.00000     3.93578
    -4.63035     0.20333     1.85491     1.56902     2.07238     0.00000     0.00000     0.00000     0.00000     0.00000     5.69964
    -4.53435     0.20747     1.87239     1.08687     2.57252     0.00000     0.00000     0.00000     0.00000     0.00000     5.73925
    -4.43735     0.23643     2.67519     1.69354     2.86631     0.00000     0.00000     0.00000     0.00000     0.00000     7.47147
    -4.34035     0.17844     0.79363     1.65167     2.97394     0.00000     0.00000     0.00000     0.00000     0.00000     5.59768
    -4.24435     0.03495     0.35650     1.93939     0.56498     0.00000     0.00000     0.00000     0.00000     0.00000     2.89582
    -4.14735     0.39613     3.97341     2.33259     3.67424     0.00000     0.00000     0.00000     0.00000     0.00000    10.37637
    -4.05135     0.13794     1.56847     1.63714     1.53023     0.00000     0.00000     0.00000     0.00000     0.00000     4.87379
    -3.95435     0.06755     0.88302     3.22695     0.88320     0.00000     0.00000     0.00000     0.00000     0.00000     5.06073
    -3.85735     0.25616     3.76368     0.70446     2.70781     0.00000     0.00000     0.00000     0.00000     0.00000     7.43211
    -3.76135     0.12381     2.11031     3.60250     2.15211     0.00000     0.00000     0.00000     0.00000     0.00000     7.98873
    -3.66435     0.02755     1.59720     1.52231     0.51640     0.00000     0.00000     0.00000     0.00000     0.00000     3.66346
    -3.56735     0.22398     4.94360     1.40226     3.55039     0.00000     0.00000     0.00000     0.00000     0.00000    10.12023
    -3.47135     0.13769     2.66930     2.19681     2.67818     0.00000     0.00000     0.00000     0.00000     0.00000     7.68199
    -3.37435     0.03064     0.33102     1.43202     1.05713     0.00000     0.00000     0.00000     0.00000     0.00000     2.85081
    -3.27835     0.02007     0.56939     3.45286     0.43409     0.00000     0.00000     0.00000     0.00000     0.00000     4.47640
    -3.18135     0.04829     2.58700     0.64648     0.81929     0.00000     0.00000     0.00000     0.00000     0.00000     4.10106
    -3.08435     0.09748     3.01847     2.14445     2.08058     0.00000     0.00000     0.00000     0.00000     0.00000     7.34098
    -2.98835     0.05633     1.10843     1.54698     2.71091     0.00000     0.00000     0.00000     0.00000     0.00000     5.42266
    -2.89135     0.06194     2.53779     1.34985     2.28844     0.00000     0.00000     0.00000     0.00000     0.00000     6.23802
    -2.79535     0.02886     0.97626     2.68562     1.14690     0.00000     0.00000     0.00000     0.00000     0.00000     4.83763
    -2.69835     0.00526     0.05391     2.75100     0.36558     0.00000     0.00000     0.00000     0.00000     0.00000     3.17574
    -2.60135     0.00471     0.00163     2.49106     0.00274     0.00000     0.00000     0.00000     0.00000     0.00000     2.50014
    -2.50535     0.00120     0.00061     2.33130     0.00093     0.00000     0.00000     0.00000     0.00000     0.00000     2.33403
    -2.40835     0.00116     0.00045     2.55746     0.00051     0.00000     0.00000     0.00000     0.00000     0.00000     2.55958
    -2.31135     0.00341     0.00058     1.56659     0.00085     0.00000     0.00000     0.00000     0.00000     0.00000     1.57143
    -2.21535     0.01314     0.00251     4.43325     0.00295     0.00000     0.00000     0.00000     0.00000     0.00000     4.45185
    -2.11835     0.01129     0.00300     5.50579     0.00308     0.00000     0.00000     0.00000     0.00000     0.00000     5.52315
    -2.02235     0.00260     0.00061     2.16569     0.00061     0.00000     0.00000     0.00000     0.00000     0.00000     2.16950
    -1.92535     0.00253     0.00061     2.27548     0.00065     0.00000     0.00000     0.00000     0.00000     0.00000     2.27927
    -1.82835     0.00124     0.00043     1.06451     0.00045     0.00000     0.00000     0.00000     0.00000     0.00000     1.06664
    -1.73235     0.00022     0.00020     2.26827     0.00017     0.00000     0.00000     0.00000     0.00000     0.00000     2.26885
    -1.63535     0.00011     0.00015     2.03093     0.00014     0.00000     0.00000     0.00000     0.00000     0.00000     2.03133
    -1.53835     0.00006     0.00016     2.08592     0.00009     0.00000     0.00000     0.00000     0.00000     0.00000     2.08622
    -1.44235     0.00005     0.00020     2.68298     0.00010     0.00000     0.00000     0.00000     0.00000     0.00000     2.68333
    -1.34535     0.00004     0.00016     2.62695     0.00010     0.00000     0.00000     0.00000     0.00000     0.00000     2.62725
    -1.24935     0.00003     0.00011     1.84305     0.00007     0.00000     0.00000     0.00000     0.00000     0.00000     1.84326
    -1.15235     0.00002     0.00007     1.09227     0.00004     0.00000     0.00000     0.00000     0.00000     0.00000     1.09239
    -1.05535     0.00002     0.00012     1.54837     0.00006     0.00000     0.00000     0.00000     0.00000     0.00000     1.54857
    -0.95935     0.00002     0.00012     1.41829     0.00005     0.00000     0.00000     0.00000     0.00000     0.00000     1.41847
    -0.86235     0.00001     0.00010     1.02938     0.00003     0.00000     0.00000     0.00000     0.00000     0.00000     1.02952
    -0.76535     0.00001     0.00012     1.27797     0.00004     0.00000     0.00000     0.00000     0.00000     0.00000     1.27814
    -0.66935     0.00001     0.00010     1.26998     0.00003     0.00000     0.00000     0.00000     0.00000     0.00000     1.27012
    -0.57235     0.00001     0.00007     0.76378     0.00002     0.00000     0.00000     0.00000     0.00000     0.00000     0.76389
    -0.47635     0.00002     0.00012     1.33404     0.00004     0.00000     0.00000     0.00000     0.00000     0.00000     1.33422
    -0.37935     0.00003     0.00014     1.86162     0.00006     0.00000     0.00000     0.00000     0.00000     0.00000     1.86185
    -0.28235     0.00004     0.00009     1.24670     0.00004     0.00000     0.00000     0.00000     0.00000     0.00000     1.24687
    -0.18635     0.00004     0.00004     0.35740     0.00002     0.00000     0.00000     0.00000     0.00000     0.00000     0.35748
    -0.08935     0.00005     0.00004     0.32957     0.00002     0.00000     0.00000     0.00000     0.00000     0.00000     0.32967
     0.00765     0.01074     0.00172     0.94677     0.00185     0.00000     0.00000     0.00000     0.00000     0.00000     0.96107
     0.10365     0.00810     0.00159     0.86750     0.00120     0.00000     0.00000     0.00000     0.00000     0.00000     0.87839
     0.20065     0.00255     0.00056     0.20179     0.00044     0.00000     0.00000     0.00000     0.00000     0.00000     0.20534
     0.29665     0.00071     0.00019     0.03514     0.00016     0.00000     0.00000     0.00000     0.00000     0.00000     0.03619
     0.39365     0.00000     0.00000     0.00000     0.00000     0.00000     0.00000     0.00000     0.00000     0.00000     0.00000
     0.49065     0.00001     0.00002     0.32734     0.00001     0.00000     0.00000     0.00000     0.00000     0.00000     0.32738
     0.58665     0.00001     0.00004     0.56395     0.00001     0.00000     0.00000     0.00000     0.00000     0.00000     0.56401
     0.68365     0.00001     0.00004     0.62372     0.00002     0.00000     0.00000     0.00000     0.00000     0.00000     0.62379
     0.78065     0.00001     0.00003     0.54499     0.00002     0.00000     0.00000     0.00000     0.00000     0.00000     0.54504
     0.87665     0.00000     0.00001     0.28660     0.00001     0.00000     0.00000     0.00000     0.00000     0.00000     0.28663
     0.97365     0.00001     0.00005     0.92964     0.00003     0.00000     0.00000     0.00000     0.00000     0.00000     0.92973
     1.06965     0.00001     0.00007     1.15161     0.00003     0.00000     0.00000     0.00000     0.00000     0.00000     1.15172
     1.16665     0.00001     0.00004     0.73487     0.00002     0.00000     0.00000     0.00000     0.00000     0.00000     0.73493
     1.26365     0.00001     0.00004     0.73917     0.00002     0.00000     0.00000     0.00000     0.00000     0.00000     0.73924
     1.35965     0.00001     0.00007     1.33076     0.00004     0.00000     0.00000     0.00000     0.00000     0.00000     1.33088
     1.45665     0.00001     0.00005     1.05741     0.00004     0.00000     0.00000     0.00000     0.00000     0.00000     1.05751
     1.55365     0.00002     0.00008     1.87875     0.00006     0.00000     0.00000     0.00000     0.00000     0.00000     1.87891
     1.64965     0.00001     0.00006     1.18947     0.00004     0.00000     0.00000     0.00000     0.00000     0.00000     1.18958
     1.74665     0.00001     0.00005     1.07948     0.00003     0.00000     0.00000     0.00000     0.00000     0.00000     1.07957
     1.84265     0.00001     0.00005     1.03957     0.00002     0.00000     0.00000     0.00000     0.00000     0.00000     1.03965
     1.93965     0.00001     0.00005     1.01238     0.00002     0.00000     0.00000     0.00000     0.00000     0.00000     1.01246
     2.03665     0.00003     0.00010     2.43221     0.00005     0.00000     0.00000     0.00000     0.00000     0.00000     2.43239
     2.13265     0.00002     0.00008     1.73462     0.00003     0.00000     0.00000     0.00000     0.00000     0.00000     1.73475
     2.22965     0.00003     0.00010     2.42253     0.00004     0.00000     0.00000     0.00000     0.00000     0.00000     2.42270
     2.32665     0.00003     0.00008     2.11620     0.00004     0.00000     0.00000     0.00000     0.00000     0.00000     2.11634
     2.42265     0.00004     0.00010     2.52215     0.00004     0.00000     0.00000     0.00000     0.00000     0.00000     2.52233
     2.51965     0.00006     0.00017     3.93770     0.00007     0.00000     0.00000     0.00000     0.00000     0.00000     3.93799
     2.61565     0.00003     0.00007     1.74179     0.00003     0.00000     0.00000     0.00000     0.00000     0.00000     1.74191
     2.71265     0.00003     0.00006     1.59978     0.00003     0.00000     0.00000     0.00000     0.00000     0.00000     1.59989
     2.80965     0.00003     0.00007     1.77616     0.00003     0.00000     0.00000     0.00000     0.00000     0.00000     1.77628
     2.90565     0.00003     0.00006     1.72245     0.00003     0.00000     0.00000     0.00000     0.00000     0.00000     1.72257
     3.00265     0.00004     0.00007     2.19504     0.00004     0.00000     0.00000     0.00000     0.00000     0.00000     2.19519
     3.09865     0.00003     0.00005     1.70103     0.00003     0.00000     0.00000     0.00000     0.00000     0.00000     1.70114
     3.19565     0.00008     0.00016     4.36166     0.00008     0.00000     0.00000     0.00000     0.00000     0.00000     4.36198
     3.29265     0.00004     0.00008     1.97568     0.00004     0.00000     0.00000     0.00000     0.00000     0.00000     1.97584
     3.38865     0.00005     0.00009     2.10370     0.00005     0.00000     0.00000     0.00000     0.00000     0.00000     2.10388
     3.48565     0.00085     0.00008     1.80301     0.00005     0.00000     0.00000     0.00000     0.00000     0.00000     1.80400
     3.58265     0.00194     0.00009     1.65997     0.00007     0.00000     0.00000     0.00000     0.00000     0.00000     1.66207
     3.67865     0.00251     0.00007     1.15085     0.00007     0.00000     0.00000     0.00000     0.00000     0.00000     1.15350
     3.77565     0.01323     0.00021     1.54216     0.00016     0.00000     0.00000     0.00000     0.00000     0.00000     1.55576
     3.87165     0.00379     0.00008     0.83225     0.00009     0.00000     0.00000     0.00000     0.00000     0.00000     0.83620
     3.96865     0.01112     0.00021     0.98357     0.00021     0.00000     0.00000     0.00000     0.00000     0.00000     0.99511
     4.06565     0.01567     0.00068     1.33893     0.00016     0.00000     0.00000     0.00000     0.00000     0.00000     1.35544
     4.16165     0.00808     0.00051     0.81224     0.00011     0.00000     0.00000     0.00000     0.00000     0.00000     0.82093
     4.25865     0.02884     0.00078     1.54495     0.00096     0.00000     0.00000     0.00000     0.00000     0.00000     1.57552
     4.35565     0.02596     0.00081     1.57718     0.00085     0.00000     0.00000     0.00000     0.00000     0.00000     1.60479
     4.45165     0.05685     0.00261     1.74465     0.00228     0.00000     0.00000     0.00000     0.00000     0.00000     1.80639
     4.54865     0.04548     0.00251     1.51366     0.00232     0.00000     0.00000     0.00000     0.00000     0.00000     1.56397
     4.64465     0.03391     0.00153     0.49166     0.00240     0.00000     0.00000     0.00000     0.00000     0.00000     0.52950
     4.74165     0.09876     0.00640     1.79064     0.00861     0.00000     0.00000     0.00000     0.00000     0.00000     1.90442
     4.83865     0.03297     0.00438     1.46768     0.00319     0.00000     0.00000     0.00000     0.00000     0.00000     1.50821
     4.93465     0.05809     0.00870     1.85274     0.00647     0.00000     0.00000     0.00000     0.00000     0.00000     1.92600
     5.03165     0.09626     0.01620     7.49661     0.01657     0.00000     0.00000     0.00000     0.00000     0.00000     7.62563
     5.12865     0.03184     0.00554     1.90045     0.00599     0.00000     0.00000     0.00000     0.00000     0.00000     1.94381
     5.22465     0.05440     0.01101     0.84825     0.00795     0.00000     0.00000     0.00000     0.00000     0.00000     0.92163
     5.32165     0.06710     0.01449     1.53970     0.00778     0.00000     0.00000     0.00000     0.00000     0.00000     1.62906
     5.41765     0.06179     0.01325     2.22094     0.00998     0.00000     0.00000     0.00000     0.00000     0.00000     2.30596
     5.51465     0.03832     0.00683     1.54100     0.00788     0.00000     0.00000     0.00000     0.00000     0.00000     1.59402
     5.61165     0.05981     0.01613     2.06321     0.01233     0.00000     0.00000     0.00000     0.00000     0.00000     2.15148
     5.70765     0.05326     0.01515     1.04559     0.00851     0.00000     0.00000     0.00000     0.00000     0.00000     1.12251
     5.80465     0.06414     0.01752     0.99786     0.01526     0.00000     0.00000     0.00000     0.00000     0.00000     1.09478
     5.90165     0.03716     0.00759     0.64339     0.01042     0.00000     0.00000     0.00000     0.00000     0.00000     0.69856
     5.99765     0.07543     0.02106     0.52605     0.02206     0.00000     0.00000     0.00000     0.00000     0.00000     0.64460
     6.09465     0.21420     0.05022     1.52402     0.05895     0.00000     0.00000     0.00000     0.00000     0.00000     1.84739
     6.19065     0.05433     0.01656     0.61909     0.01311     0.00000     0.00000     0.00000     0.00000     0.00000     0.70311
     6.28765     0.11120     0.04006     5.10350     0.03038     0.00000     0.00000     0.00000     0.00000     0.00000     5.28514
     6.38465     0.07091     0.02438     0.71457     0.02131     0.00000     0.00000     0.00000     0.00000     0.00000     0.83116
     6.48065     0.12554     0.06155     3.59432     0.04517     0.00000     0.00000     0.00000     0.00000     0.00000     3.82658
     6.57765     0.08670     0.02926     1.24735     0.04818     0.00000     0.00000     0.00000     0.00000     0.00000     1.41149
     6.67465     0.14552     0.05493     1.39606     0.07270     0.00000     0.00000     0.00000     0.00000     0.00000     1.66921
     6.77065     0.33410     0.12610     2.93266     0.17954     0.00000     0.00000     0.00000     0.00000     0.00000     3.57241
     6.86765     0.36483     0.08625     0.78919     0.20155     0.00000     0.00000     0.00000     0.00000     0.00000     1.44182
     6.96365     0.00000     0.00000     0.00000     0.00000     0.00000     0.00000     0.00000     0.00000     0.00000     0.00000
     7.06065     0.00000     0.00000     0.00000     0.00000     0.00000     0.00000     0.00000     0.00000     0.00000     0.00000
     7.15765     0.00000     0.00000     0.00000     0.00000     0.00000     0.00000     0.00000     0.00000     0.00000     0.00000
     7.25365     0.00000     0.00000     0.00000     0.00000     0.00000     0.00000     0.00000     0.00000     0.00000     0.00000
     7.35065     0.00000     0.00000     0.00000     0.00000     0.00000     0.00000     0.00000     0.00000     0.00000     0.00000
     7.44765     0.00000     0.00000     0.00000     0.00000     0.00000     0.00000     0.00000     0.00000     0.00000     0.00000
     7.54365     0.00000     0.00000     0.00000     0.00000     0.00000     0.00000     0.00000     0.00000     0.00000     0.00000
     7.64065     0.00000     0.00000     0.00000     0.00000     0.00000     0.00000     0.00000     0.00000     0.00000     0.00000
     7.73665     0.00000     0.00000     0.00000     0.00000     0.00000     0.00000     0.00000     0.00000     0.00000     0.00000
     7.83365     0.00000     0.00000     0.00000     0.00000     0.00000     0.00000     0.00000     0.00000     0.00000     0.00000
     7.93065     0.00000     0.00000     0.00000     0.00000     0.00000     0.00000     0.00000     0.00000     0.00000     0.00000
     8.02665     0.00000     0.00000     0.00000     0.00000     0.00000     0.00000     0.00000     0.00000     0.00000     0.00000
     8.12365     0.00000     0.00000     0.00000     0.00000     0.00000     0.00000     0.00000     0.00000     0.00000     0.00000
     8.21965     0.00000     0.00000     0.00000     0.00000     0.00000     0.00000     0.00000     0.00000     0.00000     0.00000
     8.31665     0.00000     0.00000     0.00000     0.00000     0.00000     0.00000     0.00000     0.00000     0.00000     0.00000
     8.41365     0.00000     0.00000     0.00000     0.00000     0.00000     0.00000     0.00000     0.00000     0.00000     0.00000
     8.50965     0.00000     0.00000     0.00000     0.00000     0.00000     0.00000     0.00000     0.00000     0.00000     0.00000
     8.60665     0.00000     0.00000     0.00000     0.00000     0.00000     0.00000     0.00000     0.00000     0.00000     0.00000
