# distance  frequency (bands are separated by blank lines)
# End points of segments: 
#   0.00000000 0.20655040 0.32573140 0.56433640 
0.000000 -0.527505
0.004131 -0.871746
0.008262 -1.862683
0.012393 -3.083929
0.016524 -4.400225
0.020655 -5.640035
0.024786 -6.778794
0.028917 -7.828434
0.033048 -8.799366
0.037179 -9.697385
0.041310 -10.525052
0.045441 -11.283014
0.049572 -11.970898
0.053703 -12.587884
0.057834 -13.133087
0.061965 -13.605815
0.066096 -14.005743
0.070227 -14.333040
0.074358 -14.588455
0.078489 -14.773383
0.082620 -14.889907
0.086751 -14.940826
0.090882 -14.929667
0.095013 -14.860683
0.099144 -14.738828
0.103275 -14.569724
0.107406 -14.359588
0.111537 -14.115150
0.115668 -13.843532
0.119799 -13.552100
0.123930 -13.248305
0.128061 -12.939506
0.132192 -12.632805
0.136323 -12.334895
0.140454 -12.051930
0.144585 -11.789406
0.148716 -11.552039
0.152847 -11.343614
0.156978 -11.166796
0.161109 -11.022944
0.165240 -10.911953
0.169371 -10.832208
0.173502 -10.780668
0.177633 -10.753109
0.181764 -10.744478
0.185895 -10.749317
0.190026 -10.762188
0.194157 -10.778073
0.198288 -10.792702
0.202419 -10.802833
0.206550 -10.806440

0.206550 -10.806440
0.208934 -10.814634
0.211318 -10.839029
0.213701 -10.879087
0.216085 -10.933988
0.218469 -11.002726
0.220852 -11.084211
0.223236 -11.177358
0.225619 -11.281158
0.228003 -11.394716
0.230387 -11.517271
0.232770 -11.648186
0.235154 -11.786931
0.237537 -11.933055
0.239921 -12.086148
0.242305 -12.245811
0.244688 -12.411625
0.247072 -12.583126
0.249455 -12.759789
0.251839 -12.941019
0.254223 -13.126149
0.256606 -13.314447
0.258990 -13.505125
0.261374 -13.697354
0.263757 -13.890283
0.266141 -14.083055
0.268524 -14.274824
0.270908 -14.464769
0.273292 -14.652110
0.275675 -14.836111
0.278059 -15.016095
0.280443 -15.191437
0.282826 -15.361573
0.285210 -15.525993
0.287594 -15.684240
0.289977 -15.835898
0.292361 -15.980590
0.294744 -16.117965
0.297128 -16.247691
0.299512 -16.369446
0.301895 -16.482906
0.304279 -16.587741
0.306662 -16.683605
0.309046 -16.770135
0.311430 -16.846942
0.313813 -16.913617
0.316197 -16.969729
0.318580 -17.014829
0.320964 -17.048456
0.323348 -17.070145
0.325731 -17.079433

0.325731 -17.079433
0.330504 -16.985537
0.335276 -16.830734
0.340048 -16.614036
0.344820 -16.335420
0.349592 -15.996102
0.354364 -15.598756
0.359136 -15.147674
0.363908 -14.648888
0.368680 -14.110288
0.373452 -13.541753
0.378225 -12.955367
0.382997 -12.365740
0.387769 -11.790495
0.392541 -11.250910
0.397313 -10.772537
0.402085 -10.385274
0.406857 -10.121768
0.411629 -10.012718
0.416401 -10.078986
0.421173 -10.324020
0.425945 -10.732025
0.430718 -11.272898
0.435490 -11.909317
0.440262 -12.602104
0.445034 -13.313675
0.449806 -14.010324
0.454578 -14.663487
0.459350 -15.249953
0.464122 -15.751363
0.468894 -16.153444
0.473666 -16.445259
0.478439 -16.618609
0.483211 -16.667594
0.487983 -16.588301
0.492755 -16.378582
0.497527 -16.037888
0.502299 -15.567125
0.507071 -14.968514
0.511843 -14.245421
0.516615 -13.402133
0.521388 -12.443529
0.526160 -11.374559
0.530932 -10.199388
0.535704 -8.919928
0.540476 -7.533310
0.545248 -6.028150
0.550020 -4.386541
0.554792 -2.662699
0.559564 -1.180537
0.564336 -0.527505


0.000000 -0.526738
0.004131 -0.766700
0.008262 -1.213130
0.012393 -1.675737
0.016524 -2.107283
0.020655 -2.493082
0.024786 -2.829015
0.028917 -3.115565
0.033048 -3.538682
0.037179 -3.894560
0.041310 -4.176444
0.045441 -4.386035
0.049572 -4.522569
0.053703 -4.583827
0.057834 -4.566450
0.061965 -4.465816
0.066096 -4.275489
0.070227 -4.004375
0.074358 -3.973257
0.078489 -3.934527
0.082620 -3.892014
0.086751 -3.849519
0.090882 -3.810653
0.095013 -3.930755
0.099144 -4.216526
0.103275 -4.440101
0.107406 -4.606242
0.111537 -4.718438
0.115668 -4.779485
0.119799 -4.791860
0.123930 -4.757966
0.128061 -4.680246
0.132192 -4.561192
0.136323 -4.403235
0.140454 -4.208553
0.144585 -4.175855
0.148716 -4.231732
0.152847 -4.282034
0.156978 -4.325910
0.161109 -4.362992
0.165240 -4.393352
0.169371 -4.417410
0.173502 -4.435847
0.177633 -4.449495
0.181764 -4.686379
0.185895 -5.184413
0.190026 -5.579203
0.194157 -5.879734
0.198288 -6.091383
0.202419 -6.217284
0.206550 -6.259079

0.206550 -6.259079
0.208934 -6.248963
0.211318 -6.218723
0.213701 -6.168677
0.216085 -6.099300
0.218469 -6.011166
0.220852 -5.904884
0.223236 -5.781041
0.225619 -5.640161
0.228003 -5.563541
0.230387 -5.749477
0.232770 -5.935793
0.235154 -6.120507
0.237537 -6.302016
0.239921 -6.479021
0.242305 -6.650469
0.244688 -6.815504
0.247072 -6.973424
0.249455 -7.123658
0.251839 -7.265741
0.254223 -7.399297
0.256606 -7.524032
0.258990 -7.639721
0.261374 -7.746208
0.263757 -7.843396
0.266141 -7.931251
0.268524 -8.009800
0.270908 -8.079126
0.273292 -8.139375
0.275675 -8.190751
0.278059 -8.233518
0.280443 -8.268002
0.282826 -8.294589
0.285210 -8.313725
0.287594 -8.325915
0.289977 -8.331723
0.292361 -8.331765
0.294744 -8.326711
0.297128 -8.317275
0.299512 -8.304212
0.301895 -8.288311
0.304279 -8.270380
0.306662 -8.251244
0.309046 -8.231723
0.311430 -8.212628
0.313813 -8.194738
0.316197 -8.178789
0.318580 -8.165460
0.320964 -8.155354
0.323348 -8.148985
0.325731 -8.146769

0.325731 -8.146769
0.330504 -8.221676
0.335276 -8.320795
0.340048 -8.439910
0.344820 -8.573124
0.349592 -8.713455
0.354364 -8.853417
0.359136 -8.985523
0.363908 -9.102646
0.368680 -9.198254
0.373452 -9.266552
0.378225 -9.302545
0.382997 -9.302078
0.387769 -9.261865
0.392541 -9.179513
0.397313 -9.053575
0.402085 -8.883605
0.406857 -8.670229
0.411629 -8.415215
0.416401 -8.121521
0.421173 -7.793308
0.425945 -7.435884
0.430718 -7.055573
0.435490 -6.659478
0.440262 -6.255167
0.445034 -5.850302
0.449806 -5.452273
0.454578 -5.610380
0.459350 -6.080102
0.464122 -6.408171
0.468894 -6.622033
0.473666 -6.740093
0.478439 -6.775891
0.483211 -6.740045
0.487983 -6.641089
0.492755 -6.485767
0.497527 -6.279130
0.502299 -6.024667
0.507071 -5.724447
0.511843 -5.379180
0.516615 -4.988133
0.521388 -4.548882
0.526160 -4.056668
0.530932 -3.502440
0.535704 -2.866608
0.540476 -2.376174
0.545248 -2.056333
0.550020 -1.667848
0.554792 -1.224270
0.559564 -0.775609
0.564336 -0.526738


0.000000 -0.033202
0.004131 -0.535470
0.008262 -0.559371
0.012393 -0.596466
0.016524 -0.643559
0.020655 -1.854131
0.024786 -2.563534
0.028917 -3.101875
0.033048 -3.355339
0.037179 -3.551837
0.041310 -3.708836
0.045441 -3.830105
0.049572 -3.919290
0.053703 -3.979897
0.057834 -4.015331
0.061965 -4.028951
0.066096 -4.024141
0.070227 -3.986017
0.074358 -3.582512
0.078489 -3.042026
0.082620 -2.659132
0.086751 -3.143842
0.090882 -3.576038
0.095013 -3.778639
0.099144 -3.756132
0.103275 -3.745082
0.107406 -3.746649
0.111537 -3.761186
0.115668 -3.788257
0.119799 -3.826708
0.123930 -3.874776
0.128061 -3.930241
0.132192 -3.990600
0.136323 -4.053268
0.140454 -4.115759
0.144585 -3.978823
0.148716 -3.715039
0.152847 -3.417629
0.156978 -3.087779
0.161109 -2.734592
0.165240 -2.422101
0.169371 -2.551364
0.173502 -3.322094
0.177633 -4.070633
0.181764 -4.459238
0.185895 -4.465938
0.190026 -4.470363
0.194157 -4.473155
0.198288 -4.474806
0.202419 -4.475663
0.206550 -4.475926

0.206550 -4.475926
0.208934 -4.493872
0.211318 -4.546719
0.213701 -4.631676
0.216085 -4.744637
0.218469 -4.880788
0.220852 -5.035175
0.223236 -5.203113
0.225619 -5.380427
0.228003 -5.482672
0.230387 -5.308887
0.232770 -5.118974
0.235154 -4.912931
0.237537 -4.690543
0.239921 -4.451306
0.242305 -4.194328
0.244688 -3.918153
0.247072 -3.620474
0.249455 -3.297631
0.251839 -2.943625
0.254223 -2.547963
0.256606 -2.089946
0.258990 -1.517769
0.261374 -0.557186
0.263757 1.265176
0.266141 1.848980
0.268524 2.265485
0.270908 2.594225
0.273292 2.863404
0.275675 3.086490
0.278059 3.270738
0.280443 3.420155
0.282826 3.536763
0.285210 3.621213
0.287594 3.673127
0.289977 3.691384
0.292361 3.674454
0.294744 3.620891
0.297128 3.529982
0.299512 3.402430
0.301895 3.240807
0.304279 3.049605
0.306662 2.834931
0.309046 2.604113
0.311430 2.365506
0.313813 2.128645
0.316197 1.904753
0.318580 1.707395
0.320964 1.552576
0.323348 1.456806
0.325731 1.431863

0.325731 1.431863
0.330504 2.489957
0.335276 3.371065
0.340048 4.107815
0.344820 4.665583
0.349592 5.034426
0.354364 5.264540
0.359136 5.409329
0.363908 5.494716
0.368680 5.528205
0.373452 5.508966
0.378225 5.432912
0.382997 5.295214
0.387769 5.091850
0.392541 4.820968
0.397313 4.484562
0.402085 4.090645
0.406857 3.655555
0.411629 3.204405
0.416401 2.765896
0.421173 2.359025
0.425945 1.975952
0.430718 1.565428
0.435490 0.922942
0.440262 -2.511096
0.445034 -4.013303
0.449806 -4.952755
0.454578 -5.067898
0.459350 -4.703254
0.464122 -4.363674
0.468894 -4.053913
0.473666 -3.778430
0.478439 -3.842103
0.483211 -3.859333
0.487983 -3.766595
0.492755 -3.550193
0.497527 -3.190133
0.502299 -3.037794
0.507071 -3.043779
0.511843 -3.052515
0.516615 -3.046795
0.521388 -3.012127
0.526160 -2.936732
0.530932 -2.810866
0.535704 -2.626268
0.540476 -2.094251
0.545248 -0.887323
0.550020 -0.382199
0.554792 -0.467233
0.559564 -0.512909
0.564336 -0.033202


0.000000 4.042092
0.004131 3.754186
0.008262 2.988575
0.012393 1.934901
0.016524 -0.389070
0.020655 -0.697331
0.024786 -0.754670
0.028917 -0.812735
0.033048 -0.868886
0.037179 -0.920578
0.041310 -0.965229
0.045441 -1.000081
0.049572 -1.022013
0.053703 -1.027265
0.057834 -1.010960
0.061965 -0.966175
0.066096 -0.881758
0.070227 -0.735705
0.074358 -1.126531
0.078489 -1.909936
0.082620 -2.174112
0.086751 -0.827708
0.090882 1.510724
0.095013 1.800930
0.099144 2.084725
0.103275 2.363808
0.107406 2.638550
0.111537 2.908747
0.115668 3.173945
0.119799 3.433581
0.123930 3.687024
0.128061 3.933588
0.132192 4.172524
0.136323 4.403022
0.140454 4.624223
0.144585 4.835231
0.148716 4.973329
0.152847 4.485010
0.156978 3.861631
0.161109 3.058074
0.165240 1.979433
0.169371 0.746505
0.173502 1.018691
0.177633 1.618285
0.181764 2.069352
0.185895 2.411272
0.190026 2.670798
0.194157 2.862517
0.198288 2.994774
0.202419 3.072421
0.206550 3.098033

0.206550 3.098033
0.208934 3.125849
0.211318 3.207196
0.213701 3.336316
0.216085 3.505131
0.218469 3.704733
0.220852 3.926538
0.223236 4.162941
0.225619 4.407572
0.228003 4.655292
0.230387 4.902071
0.232770 5.144824
0.235154 5.381238
0.237537 5.609615
0.239921 5.828736
0.242305 6.037727
0.244688 6.235958
0.247072 6.422927
0.249455 6.598171
0.251839 6.761172
0.254223 6.911264
0.256606 7.047549
0.258990 7.168812
0.261374 7.273451
0.263757 7.359429
0.266141 7.424301
0.268524 7.465347
0.270908 7.479898
0.273292 7.465840
0.275675 7.422215
0.278059 7.349682
0.280443 7.250634
0.282826 7.128965
0.285210 6.989653
0.287594 6.838354
0.289977 6.681077
0.292361 6.523878
0.294744 6.372458
0.297128 6.231633
0.299512 6.104796
0.301895 5.993595
0.304279 5.898041
0.306662 5.816997
0.309046 5.748816
0.311430 5.691879
0.313813 5.644931
0.316197 5.607220
0.318580 5.578511
0.320964 5.559026
0.323348 5.549358
0.325731 5.550373

0.325731 5.550373
0.330504 5.629890
0.335276 5.766995
0.340048 5.990482
0.344820 6.339918
0.349592 6.817987
0.354364 7.363102
0.359136 7.908808
0.363908 8.415528
0.368680 8.862078
0.373452 8.991015
0.378225 8.881927
0.382997 8.721582
0.387769 8.516642
0.392541 8.277357
0.397313 8.012737
0.402085 7.729702
0.406857 7.433583
0.411629 7.128656
0.416401 6.818455
0.421173 6.505915
0.425945 5.526279
0.430718 4.192070
0.435490 2.329739
0.440262 -0.465721
0.445034 -1.445451
0.449806 -2.022667
0.454578 -2.497660
0.459350 -2.904801
0.464122 -3.248952
0.468894 -3.525834
0.473666 -3.727068
0.478439 -3.541667
0.483211 -3.348104
0.487983 -3.201681
0.492755 -3.104189
0.497527 -3.052744
0.502299 -2.644419
0.507071 -1.780003
0.511843 1.079083
0.516615 0.958468
0.521388 0.835715
0.526160 0.716505
0.530932 0.591242
0.535704 0.448456
0.540476 0.259444
0.545248 -0.222729
0.550020 1.671218
0.554792 2.700239
0.559564 3.636319
0.564336 4.042092


0.000000 6.096432
0.004131 6.095151
0.008262 6.071244
0.012393 6.026951
0.016524 5.956816
0.020655 5.854267
0.024786 5.712184
0.028917 5.523422
0.033048 5.281754
0.037179 4.983314
0.041310 4.627754
0.045441 4.218249
0.049572 3.760422
0.053703 3.261019
0.057834 2.726545
0.061965 2.160332
0.066096 1.548800
0.070227 0.744812
0.074358 -0.460055
0.078489 0.473637
0.082620 0.882511
0.086751 1.209228
0.090882 1.904817
0.095013 2.821081
0.099144 3.515476
0.103275 4.102052
0.107406 4.607674
0.111537 5.034711
0.115668 5.379357
0.119799 5.638412
0.123930 5.810645
0.128061 5.895881
0.132192 5.893902
0.136323 5.803770
0.140454 5.623367
0.144585 5.348807
0.148716 5.035147
0.152847 5.223091
0.156978 5.398244
0.161109 5.559878
0.165240 5.707393
0.169371 5.840339
0.173502 5.958445
0.177633 6.061620
0.181764 6.149953
0.185895 6.223685
0.190026 6.283174
0.194157 6.328837
0.198288 6.361090
0.202419 6.380284
0.206550 6.386655

0.206550 6.386655
0.208934 6.397503
0.211318 6.429579
0.213701 6.481550
0.216085 6.551423
0.218469 6.636799
0.220852 6.735137
0.223236 6.843960
0.225619 6.960991
0.228003 7.084230
0.230387 7.211973
0.232770 7.342801
0.235154 7.475553
0.237537 7.609290
0.239921 7.743254
0.242305 7.876836
0.244688 8.009543
0.247072 8.140971
0.249455 8.270775
0.251839 8.398651
0.254223 8.524308
0.256606 8.647431
0.258990 8.767636
0.261374 8.884379
0.263757 8.996766
0.266141 9.103143
0.268524 9.200092
0.270908 9.280485
0.273292 9.333306
0.275675 9.354599
0.278059 9.354686
0.280443 9.344712
0.282826 9.330566
0.285210 9.314940
0.287594 9.299112
0.289977 9.283728
0.292361 9.269130
0.294744 9.255499
0.297128 9.242925
0.299512 9.231443
0.301895 9.221056
0.304279 9.211746
0.306662 9.203485
0.309046 9.196242
0.311430 9.189985
0.313813 9.184688
0.316197 9.180329
0.318580 9.176895
0.320964 9.174380
0.323348 9.172788
0.325731 9.172126

0.325731 9.172126
0.330504 9.152068
0.335276 9.134680
0.340048 9.120646
0.344820 9.110312
0.349592 9.103472
0.354364 9.098953
0.359136 9.093833
0.363908 9.082096
0.368680 9.052971
0.373452 9.235947
0.378225 9.528165
0.382997 9.729419
0.387769 9.823672
0.392541 9.784006
0.397313 9.597782
0.402085 9.276139
0.406857 8.823502
0.411629 8.234550
0.416401 7.499851
0.421173 6.605767
0.425945 6.193416
0.430718 5.882767
0.435490 5.575168
0.440262 5.271173
0.445034 4.970677
0.449806 4.672942
0.454578 4.376690
0.459350 4.080269
0.464122 3.781906
0.468894 3.460261
0.473666 2.697482
0.478439 1.918190
0.483211 1.114021
0.487983 -0.091469
0.492755 -0.247673
0.497527 1.030784
0.502299 1.452898
0.507071 1.256981
0.511843 1.095217
0.516615 2.419606
0.521388 3.275017
0.526160 3.947708
0.530932 4.498815
0.535704 4.952049
0.540476 5.319977
0.545248 5.610857
0.550020 5.830793
0.554792 5.984451
0.559564 6.075236
0.564336 6.096432


0.000000 6.105287
0.004131 6.181006
0.008262 6.337103
0.012393 6.462592
0.016524 6.520928
0.020655 6.507293
0.024786 6.427504
0.028917 6.290905
0.033048 6.107281
0.037179 5.884600
0.041310 5.627458
0.045441 5.336836
0.049572 5.010929
0.053703 4.646135
0.057834 4.237655
0.061965 3.780069
0.066096 3.270060
0.070227 2.721986
0.074358 2.234645
0.078489 2.048243
0.082620 2.252004
0.086751 2.709367
0.090882 3.293099
0.095013 3.919574
0.099144 4.535954
0.103275 5.120648
0.107406 5.672034
0.111537 6.195918
0.115668 6.698073
0.119799 7.181023
0.123930 7.644098
0.128061 8.084975
0.132192 8.501019
0.136323 8.889951
0.140454 9.250089
0.144585 9.580376
0.148716 9.880366
0.152847 10.150177
0.156978 10.390445
0.161109 10.602266
0.165240 10.787113
0.169371 10.773033
0.173502 10.651204
0.177633 10.541861
0.181764 10.445997
0.185895 10.364323
0.190026 10.297288
0.194157 10.245120
0.198288 10.207888
0.202419 10.185576
0.206550 10.178145

0.206550 10.178145
0.208934 10.176743
0.211318 10.172545
0.213701 10.165582
0.216085 10.155904
0.218469 10.143582
0.220852 10.128703
0.223236 10.111376
0.225619 10.091724
0.228003 10.069888
0.230387 10.046027
0.232770 10.020310
0.235154 9.992923
0.237537 9.964065
0.239921 9.933944
0.242305 9.902783
0.244688 9.870815
0.247072 9.838286
0.249455 9.805456
0.251839 9.772608
0.254223 9.740054
0.256606 9.708156
0.258990 9.677368
0.261374 9.648314
0.263757 9.621967
0.266141 9.600064
0.268524 9.586087
0.270908 9.587223
0.273292 9.614524
0.275675 9.616074
0.278059 9.592918
0.280443 9.582792
0.282826 9.583732
0.285210 9.593305
0.287594 9.609052
0.289977 9.628766
0.292361 9.650613
0.294744 9.673155
0.297128 9.695308
0.299512 9.716290
0.301895 9.735562
0.304279 9.752782
0.306662 9.767755
0.309046 9.780410
0.311430 9.790765
0.313813 9.798912
0.316197 9.804998
0.318580 9.809212
0.320964 9.811774
0.323348 9.812927
0.325731 9.812931

0.325731 9.812931
0.330504 9.875953
0.335276 9.940777
0.340048 10.007008
0.344820 10.073847
0.349592 10.139965
0.354364 10.203418
0.359136 10.261604
0.363908 10.250274
0.368680 10.146080
0.373452 10.072505
0.378225 10.045700
0.382997 10.071547
0.387769 10.144957
0.392541 10.230863
0.397313 10.167507
0.402085 10.074446
0.406857 9.935558
0.411629 9.744784
0.416401 9.499853
0.421173 9.199736
0.425945 8.844059
0.430718 8.433086
0.435490 7.967827
0.440262 7.450140
0.445034 6.882798
0.449806 6.269522
0.454578 5.614954
0.459350 4.924551
0.464122 4.204314
0.468894 3.480070
0.473666 3.173949
0.478439 2.864097
0.483211 2.553230
0.487983 2.247051
0.492755 1.954537
0.497527 1.686663
0.502299 1.817093
0.507071 2.556572
0.511843 3.252930
0.516615 3.899732
0.521388 4.490053
0.526160 5.017171
0.530932 5.473567
0.535704 5.850102
0.540476 6.135855
0.545248 6.318606
0.550020 6.386582
0.554792 6.335030
0.559564 6.192806
0.564336 6.105287


0.000000 9.122788
0.004131 9.165392
0.008262 9.288540
0.012393 9.479751
0.016524 9.722122
0.020655 9.997549
0.024786 10.288688
0.028917 10.579919
0.033048 10.858173
0.037179 11.114262
0.041310 11.344211
0.045441 11.549142
0.049572 11.733240
0.053703 11.901334
0.057834 12.057474
0.061965 12.204582
0.066096 12.344622
0.070227 12.478892
0.074358 12.608262
0.078489 12.733343
0.082620 12.854577
0.086751 12.972223
0.090882 13.085965
0.095013 13.185432
0.099144 13.159924
0.103275 13.085826
0.107406 12.992861
0.111537 12.883970
0.115668 12.761343
0.119799 12.627068
0.123930 12.483156
0.128061 12.331513
0.132192 12.173945
0.136323 12.012172
0.140454 11.847874
0.144585 11.682735
0.148716 11.518474
0.152847 11.356865
0.156978 11.199724
0.161109 11.048872
0.165240 10.906086
0.169371 10.946740
0.173502 11.083068
0.177633 11.198068
0.181764 11.293644
0.185895 11.371539
0.190026 11.433259
0.194157 11.480034
0.198288 11.512800
0.202419 11.532207
0.206550 11.538635

0.206550 11.538635
0.208934 11.534003
0.211318 11.520174
0.213701 11.497348
0.216085 11.465854
0.218469 11.426138
0.220852 11.378752
0.223236 11.324337
0.225619 11.263600
0.228003 11.197289
0.230387 11.126167
0.232770 11.050980
0.235154 10.972425
0.237537 10.891129
0.239921 10.807621
0.242305 10.722325
0.244688 10.635558
0.247072 10.547550
0.249455 10.458475
0.251839 10.368506
0.254223 10.277891
0.256606 10.187040
0.258990 10.096635
0.261374 10.007730
0.263757 9.921844
0.266141 9.840996
0.268524 9.767612
0.270908 9.704276
0.273292 9.653276
0.275675 9.671963
0.278059 9.749211
0.280443 9.835088
0.282826 9.923640
0.285210 10.012080
0.287594 10.099000
0.289977 10.183589
0.292361 10.265304
0.294744 10.343723
0.297128 10.418478
0.299512 10.489219
0.301895 10.555591
0.304279 10.617227
0.306662 10.673744
0.309046 10.724749
0.311430 10.769847
0.313813 10.808658
0.316197 10.840836
0.318580 10.866093
0.320964 10.884226
0.323348 10.895129
0.325731 10.898810

0.325731 10.898810
0.330504 10.882902
0.335276 10.841716
0.340048 10.778200
0.344820 10.695513
0.349592 10.596878
0.354364 10.485956
0.359136 10.367777
0.363908 10.311218
0.368680 10.348238
0.373452 10.367970
0.378225 10.365483
0.382997 10.337453
0.387769 10.287671
0.392541 10.256973
0.397313 10.399533
0.402085 10.566280
0.406857 10.752055
0.411629 10.952375
0.416401 11.163124
0.421173 11.380391
0.425945 11.600351
0.430718 11.819169
0.435490 12.032867
0.440262 12.237207
0.445034 12.427595
0.449806 12.599030
0.454578 12.746118
0.459350 12.863137
0.464122 12.944345
0.468894 12.984969
0.473666 12.983223
0.478439 12.941967
0.483211 12.867573
0.487983 12.766839
0.492755 12.645035
0.497527 12.505612
0.502299 12.350525
0.507071 12.180437
0.511843 11.994581
0.516615 11.790266
0.521388 11.562251
0.526160 11.302953
0.530932 11.005638
0.535704 10.671183
0.540476 10.313029
0.545248 9.955143
0.550020 9.626983
0.554792 9.360003
0.559564 9.184287
0.564336 9.122788


0.000000 11.412255
0.004131 11.424001
0.008262 11.456797
0.012393 11.504874
0.016524 11.568692
0.020655 11.649482
0.024786 11.747086
0.028917 11.860498
0.033048 11.987642
0.037179 12.125206
0.041310 12.268973
0.045441 12.414523
0.049572 12.557763
0.053703 12.695085
0.057834 12.823325
0.061965 12.939694
0.066096 13.041740
0.070227 13.127337
0.074358 13.194705
0.078489 13.242443
0.082620 13.269579
0.086751 13.275676
0.090882 13.261284
0.095013 13.237426
0.099144 13.315846
0.103275 13.421522
0.107406 13.526276
0.111537 13.628723
0.115668 13.728011
0.119799 13.822872
0.123930 13.911264
0.128061 13.990152
0.132192 14.055982
0.136323 14.106731
0.140454 14.144465
0.144585 14.174741
0.148716 14.203317
0.152847 14.234117
0.156978 14.269088
0.161109 14.308702
0.165240 14.352436
0.169371 14.399132
0.173502 14.447244
0.177633 14.495037
0.181764 14.540730
0.185895 14.582614
0.190026 14.619138
0.194157 14.648974
0.198288 14.671059
0.202419 14.684621
0.206550 14.689194

0.206550 14.689194
0.208934 14.689149
0.211318 14.689017
0.213701 14.688808
0.216085 14.688540
0.218469 14.688235
0.220852 14.687922
0.223236 14.687634
0.225619 14.687406
0.228003 14.687275
0.230387 14.687276
0.232770 14.687444
0.235154 14.687802
0.237537 14.688361
0.239921 14.689112
0.242305 14.690004
0.244688 14.690920
0.247072 14.691618
0.249455 14.691605
0.251839 14.689846
0.254223 14.684092
0.256606 14.669721
0.258990 14.640377
0.261374 14.594447
0.263757 14.536841
0.266141 14.472404
0.268524 14.403809
0.270908 14.332442
0.273292 14.259114
0.275675 14.184378
0.278059 14.108675
0.280443 14.032396
0.282826 13.955914
0.285210 13.879608
0.287594 13.803864
0.289977 13.729091
0.292361 13.655719
0.294744 13.584202
0.297128 13.515023
0.299512 13.448691
0.301895 13.385735
0.304279 13.326705
0.306662 13.272161
0.309046 13.222659
0.311430 13.178736
0.313813 13.140886
0.316197 13.109535
0.318580 13.085014
0.320964 13.067533
0.323348 13.057156
0.325731 13.053796

0.325731 13.053796
0.330504 13.058296
0.335276 13.085021
0.340048 13.129718
0.344820 13.187864
0.349592 13.255261
0.354364 13.328298
0.359136 13.403998
0.363908 13.479951
0.368680 13.554217
0.373452 13.625225
0.378225 13.691705
0.382997 13.752621
0.387769 13.807131
0.392541 13.854561
0.397313 13.894394
0.402085 13.926297
0.406857 13.950167
0.411629 13.966079
0.416401 13.974101
0.421173 13.974224
0.425945 13.966459
0.430718 13.950941
0.435490 13.927941
0.440262 13.897873
0.445034 13.861332
0.449806 13.819179
0.454578 13.772688
0.459350 13.723687
0.464122 13.674508
0.468894 13.627202
0.473666 13.581673
0.478439 13.534071
0.483211 13.477943
0.487983 13.407255
0.492755 13.318271
0.497527 13.209703
0.502299 13.082193
0.507071 12.937791
0.511843 12.779577
0.516615 12.611404
0.521388 12.437709
0.526160 12.263342
0.530932 12.093403
0.535704 11.933053
0.540476 11.787281
0.545248 11.660587
0.550020 11.556531
0.554792 11.477982
0.559564 11.428882
0.564336 11.412255


0.000000 11.428828
0.004131 11.438707
0.008262 11.470565
0.012393 11.529542
0.016524 11.614286
0.020655 11.722595
0.024786 11.853740
0.028917 12.007845
0.033048 12.185422
0.037179 12.386070
0.041310 12.606595
0.045441 12.840282
0.049572 13.078275
0.053703 13.311784
0.057834 13.533510
0.061965 13.738052
0.066096 13.921764
0.070227 14.082458
0.074358 14.219126
0.078489 14.331709
0.082620 14.420907
0.086751 14.488031
0.090882 14.534869
0.095013 14.563581
0.099144 14.576623
0.103275 14.576693
0.107406 14.566728
0.111537 14.549929
0.115668 14.529840
0.119799 14.510483
0.123930 14.496558
0.128061 14.493549
0.132192 14.507150
0.136323 14.541105
0.140454 14.594562
0.144585 14.662598
0.148716 14.739474
0.152847 14.820671
0.156978 14.903073
0.161109 14.984535
0.165240 15.063494
0.169371 15.138719
0.173502 15.209168
0.177633 15.273914
0.181764 15.332102
0.185895 15.382936
0.190026 15.425683
0.194157 15.459689
0.198288 15.484404
0.202419 15.499408
0.206550 15.504440

0.206550 15.504440
0.208934 15.502700
0.211318 15.497483
0.213701 15.488799
0.216085 15.476664
0.218469 15.461101
0.220852 15.442141
0.223236 15.419820
0.225619 15.394184
0.228003 15.365287
0.230387 15.333191
0.232770 15.297974
0.235154 15.259726
0.237537 15.218555
0.239921 15.174601
0.242305 15.128044
0.244688 15.079137
0.247072 15.028261
0.249455 14.976052
0.251839 14.923688
0.254223 14.873566
0.256606 14.830456
0.258990 14.800866
0.261374 14.786567
0.263757 14.782805
0.266141 14.784900
0.268524 14.790349
0.270908 14.797939
0.273292 14.807043
0.275675 14.817299
0.278059 14.828471
0.280443 14.840383
0.282826 14.852888
0.285210 14.865857
0.287594 14.879165
0.289977 14.892687
0.292361 14.906299
0.294744 14.919872
0.297128 14.933277
0.299512 14.946379
0.301895 14.959041
0.304279 14.971126
0.306662 14.982495
0.309046 14.993009
0.311430 15.002530
0.313813 15.010925
0.316197 15.018062
0.318580 15.023819
0.320964 15.028078
0.323348 15.030732
0.325731 15.031682

0.325731 15.031682
0.330504 15.000042
0.335276 14.958698
0.340048 14.908341
0.344820 14.849953
0.349592 14.784805
0.354364 14.714437
0.359136 14.640631
0.363908 14.565359
0.368680 14.490738
0.373452 14.418968
0.378225 14.352280
0.382997 14.292886
0.387769 14.242929
0.392541 14.204434
0.397313 14.179229
0.402085 14.168834
0.406857 14.174309
0.411629 14.196189
0.416401 14.234528
0.421173 14.288856
0.425945 14.357968
0.430718 14.439781
0.435490 14.531330
0.440262 14.628858
0.445034 14.727946
0.449806 14.823649
0.454578 14.910651
0.459350 14.983410
0.464122 15.036331
0.468894 15.063952
0.473666 15.061166
0.478439 15.023456
0.483211 14.947125
0.487983 14.829519
0.492755 14.669232
0.497527 14.466315
0.502299 14.222518
0.507071 13.941631
0.511843 13.630000
0.516615 13.297276
0.521388 12.957242
0.526160 12.627797
0.530932 12.328023
0.535704 12.071791
0.540476 11.863335
0.545248 11.699980
0.550020 11.577765
0.554792 11.493850
0.559564 11.444965
0.564336 11.428828



