# distance  frequency (bands are separated by blank lines)
# End points of segments: 
#   0.00000000 0.15509060 0.31017710 0.46526770 0.62035420 
0.000000 -0.010332
0.003102 -0.232628
0.006204 -0.407994
0.009305 -0.559704
0.012407 -0.677677
0.015509 -0.759334
0.018611 -0.805723
0.021713 -0.818973
0.024814 -0.800671
0.027916 -0.750632
0.031018 -0.665155
0.034120 -0.532005
0.037222 -0.300394
0.040324 0.362069
0.043425 0.613394
0.046527 0.800388
0.049629 0.958971
0.052731 1.099391
0.055833 1.225986
0.058934 1.340874
0.062036 1.445109
0.065138 1.539140
0.068240 1.623037
0.071342 1.696637
0.074443 1.759720
0.077545 1.812228
0.080647 1.854545
0.083749 1.887766
0.086851 1.913912
0.089953 1.936060
0.093054 1.958359
0.096156 1.985850
0.099258 2.024033
0.102360 2.078158
0.105462 2.152357
0.108563 2.248881
0.111665 2.367700
0.114767 2.506569
0.117869 2.661278
0.120971 2.814275
0.124073 2.861672
0.127174 2.895602
0.130276 2.926236
0.133378 2.953740
0.136480 2.978002
0.139581 2.998868
0.142683 3.016186
0.145785 3.029814
0.148887 3.039637
0.151989 3.045568
0.155091 3.047550

0.155091 3.047550
0.158192 3.054331
0.161294 3.074502
0.164396 3.107545
0.167497 3.152539
0.170599 3.208067
0.173701 3.272035
0.176803 3.341362
0.179904 3.411519
0.183006 3.476142
0.186108 3.527701
0.189210 3.560508
0.192311 3.574181
0.195413 3.572971
0.198515 3.562177
0.201617 3.545992
0.204718 3.527226
0.207820 3.507648
0.210922 3.488336
0.214024 3.469905
0.217125 3.452655
0.220227 3.436650
0.223329 3.421774
0.226430 3.407757
0.229532 3.394196
0.232634 3.380570
0.235736 3.366243
0.238837 3.350470
0.241939 3.332402
0.245041 3.311077
0.248142 3.285419
0.251244 3.254227
0.254346 3.216161
0.257448 3.169727
0.260549 3.113260
0.263651 3.044920
0.266753 2.962683
0.269855 2.864353
0.272956 2.747583
0.276058 2.609905
0.279160 2.448759
0.282261 2.261484
0.285363 2.045200
0.288465 1.796384
0.291567 1.509573
0.294668 1.173070
0.297770 0.748353
0.300872 -0.357842
0.303974 -0.806532
0.307075 -0.988465
0.310177 -1.043159

0.310177 -1.043159
0.313279 -0.988449
0.316381 -0.806450
0.319483 -0.357440
0.322584 0.748682
0.325686 1.173381
0.328788 1.509900
0.331890 1.796730
0.334992 2.045562
0.338093 2.261856
0.341195 2.449135
0.344297 2.610281
0.347399 2.747953
0.350501 2.864714
0.353602 2.963035
0.356704 3.045266
0.359806 3.113606
0.362908 3.170082
0.366010 3.216538
0.369111 3.254638
0.372213 3.285878
0.375315 3.311597
0.378417 3.332996
0.381519 3.351149
0.384621 3.367011
0.387722 3.381431
0.390824 3.395147
0.393926 3.408789
0.397028 3.422876
0.400130 3.437803
0.403231 3.453837
0.406333 3.471091
0.409435 3.489497
0.412537 3.508754
0.415639 3.528246
0.418741 3.546895
0.421842 3.562935
0.424944 3.573560
0.428046 3.574587
0.431148 3.560734
0.434250 3.527777
0.437351 3.476119
0.440453 3.411443
0.443555 3.341264
0.446657 3.271931
0.449759 3.207967
0.452860 3.152447
0.455962 3.107461
0.459064 3.074425
0.462166 3.054258
0.465268 3.047479

0.465268 3.047479
0.468369 3.045500
0.471471 3.039578
0.474573 3.029768
0.477675 3.016158
0.480776 2.998861
0.483878 2.978017
0.486980 2.953779
0.490082 2.926298
0.493183 2.895683
0.496285 2.861755
0.499387 2.813105
0.502488 2.658464
0.505590 2.503474
0.508692 2.364349
0.511794 2.245297
0.514895 2.148581
0.517997 2.074246
0.521099 2.020053
0.524200 1.981870
0.527302 1.954443
0.530404 1.932264
0.533506 1.910281
0.536608 1.884338
0.539709 1.851352
0.542811 1.809295
0.545913 1.757069
0.549014 1.694285
0.552116 1.620997
0.555218 1.537425
0.558320 1.443729
0.561421 1.339842
0.564523 1.225314
0.567625 1.099095
0.570727 0.959075
0.573828 0.800939
0.576930 0.614522
0.580032 0.364426
0.583133 -0.297269
0.586235 -0.530248
0.589337 -0.663852
0.592439 -0.749635
0.595540 -0.799928
0.598642 -0.818453
0.601744 -0.805398
0.604846 -0.759173
0.607947 -0.677650
0.611049 -0.559781
0.614151 -0.408150
0.617252 -0.232853
0.620354 -0.010332


0.000000 -0.005177
0.003102 0.079560
0.006204 0.169894
0.009305 0.278284
0.012407 0.398468
0.015509 0.495619
0.018611 0.588057
0.021713 0.679543
0.024814 0.770171
0.027916 0.859877
0.031018 0.948615
0.034120 1.036363
0.037222 1.123104
0.040324 1.208814
0.043425 1.293445
0.046527 1.376915
0.049629 1.459098
0.052731 1.539825
0.055833 1.618888
0.058934 1.696057
0.062036 1.771105
0.065138 1.843854
0.068240 1.914220
0.071342 1.982247
0.074443 2.048109
0.077545 2.112046
0.080647 2.174279
0.083749 2.234945
0.086851 2.294080
0.089953 2.351652
0.093054 2.407600
0.096156 2.461858
0.099258 2.514369
0.102360 2.565083
0.105462 2.613955
0.108563 2.660936
0.111665 2.705979
0.114767 2.749070
0.117869 2.790479
0.120971 2.842803
0.124073 3.004585
0.127174 3.178422
0.130276 3.349208
0.133378 3.512286
0.136480 3.663709
0.139581 3.799920
0.142683 3.917608
0.145785 4.013615
0.148887 4.084955
0.151989 4.129012
0.155091 4.143925

0.155091 4.143925
0.158192 4.141598
0.161294 4.134784
0.164396 4.123989
0.167497 4.110095
0.170599 4.094439
0.173701 4.078974
0.176803 4.066562
0.179904 4.061417
0.183006 4.069484
0.186108 4.097765
0.189210 4.151316
0.192311 4.229786
0.195413 4.328104
0.198515 4.440075
0.201617 4.560545
0.204718 4.685695
0.207820 4.812684
0.210922 4.939215
0.214024 5.062670
0.217125 5.170058
0.220227 5.221286
0.223329 5.261592
0.226430 5.304280
0.229532 5.350183
0.232634 5.399203
0.235736 5.451051
0.238837 5.505372
0.241939 5.561787
0.245041 5.619917
0.248142 5.679396
0.251244 5.739877
0.254346 5.801041
0.257448 5.862600
0.260549 5.924298
0.263651 5.985914
0.266753 6.047260
0.269855 6.108179
0.272956 6.168548
0.276058 6.228269
0.279160 6.287272
0.282261 6.345507
0.285363 6.402938
0.288465 6.459527
0.291567 6.515211
0.294668 6.569852
0.297770 6.623133
0.300872 6.674304
0.303974 6.721469
0.307075 6.759430
0.310177 6.775626

0.310177 6.775626
0.313279 6.759465
0.316381 6.721539
0.319483 6.674372
0.322584 6.623171
0.325686 6.569841
0.328788 6.515136
0.331890 6.459375
0.334992 6.402701
0.338093 6.345177
0.341195 6.286841
0.344297 6.227733
0.347399 6.167904
0.350501 6.107426
0.353602 6.046397
0.356704 5.984946
0.359806 5.923229
0.362908 5.861437
0.366010 5.799794
0.369111 5.738556
0.372213 5.678013
0.375315 5.618485
0.378417 5.560320
0.381519 5.503884
0.384621 5.449555
0.387722 5.397711
0.390824 5.348706
0.393926 5.302827
0.397028 5.260173
0.400130 5.219932
0.403231 5.169306
0.406333 5.062550
0.409435 4.939156
0.412537 4.812639
0.415639 4.685654
0.418741 4.560505
0.421842 4.440036
0.424944 4.328067
0.428046 4.229746
0.431148 4.151256
0.434250 4.097645
0.437351 4.069252
0.440453 4.061030
0.443555 4.065999
0.446657 4.078231
0.449759 4.093526
0.452860 4.109033
0.455962 4.122804
0.459064 4.133508
0.462166 4.140266
0.465268 4.142573

0.465268 4.142573
0.468369 4.127649
0.471471 4.083558
0.474573 4.012164
0.477675 3.916085
0.480776 3.798306
0.483878 3.661986
0.486980 3.510434
0.490082 3.347205
0.493183 3.176245
0.496285 3.002224
0.499387 2.841487
0.502488 2.790578
0.505590 2.749208
0.508692 2.706131
0.511794 2.661099
0.514895 2.614128
0.517997 2.565266
0.521099 2.514565
0.524200 2.462071
0.527302 2.407835
0.530404 2.351918
0.533506 2.294383
0.536608 2.235293
0.539709 2.174681
0.542811 2.112510
0.545913 2.048644
0.549014 1.982862
0.552116 1.914924
0.555218 1.844656
0.558320 1.772007
0.561421 1.697058
0.564523 1.619983
0.567625 1.541005
0.570727 1.460353
0.573828 1.378233
0.576930 1.294814
0.580032 1.210217
0.583133 1.124524
0.586235 1.037782
0.589337 0.950012
0.592439 0.861229
0.595540 0.771454
0.598642 0.680733
0.601744 0.589124
0.604846 0.496510
0.607947 0.398812
0.611049 0.278211
0.614151 0.169874
0.617252 0.079594
0.620354 -0.005177


0.000000 -0.003871
0.003102 0.149068
0.006204 0.229882
0.009305 0.318209
0.012407 0.421731
0.015509 0.574955
0.018611 0.758245
0.021713 0.965590
0.024814 1.193873
0.027916 1.439527
0.031018 1.698515
0.034120 1.966475
0.037222 2.238871
0.040324 2.511136
0.043425 2.778816
0.046527 3.037703
0.049629 3.283962
0.052731 3.514250
0.055833 3.725805
0.058934 3.916510
0.062036 4.084912
0.065138 4.230223
0.068240 4.352277
0.071342 4.451486
0.074443 4.528781
0.077545 4.585581
0.080647 4.623754
0.083749 4.645609
0.086851 4.653878
0.089953 4.651690
0.093054 4.642500
0.096156 4.629980
0.099258 4.617831
0.102360 4.609550
0.105462 4.608140
0.108563 4.615836
0.111665 4.633876
0.114767 4.662376
0.117869 4.700345
0.120971 4.745846
0.124073 4.796263
0.127174 4.848634
0.130276 4.899992
0.133378 4.947673
0.136480 4.989554
0.139581 5.024219
0.142683 5.051053
0.145785 5.070232
0.148887 5.082588
0.151989 5.089296
0.155091 5.091394

0.155091 5.091394
0.158192 5.090982
0.161294 5.089764
0.164396 5.087798
0.167497 5.085181
0.170599 5.082054
0.173701 5.078606
0.176803 5.075077
0.179904 5.071757
0.183006 5.068988
0.186108 5.067157
0.189210 5.066690
0.192311 5.068042
0.195413 5.071682
0.198515 5.078078
0.201617 5.087681
0.204718 5.100913
0.207820 5.118176
0.210922 5.139944
0.214024 5.167394
0.217125 5.212329
0.220227 5.313828
0.223329 5.425776
0.226430 5.534109
0.229532 5.637350
0.232634 5.735060
0.235736 5.827109
0.238837 5.913543
0.241939 5.994542
0.245041 6.070388
0.248142 6.141442
0.251244 6.208120
0.254346 6.270870
0.257448 6.330149
0.260549 6.386406
0.263651 6.440058
0.266753 6.491473
0.269855 6.540958
0.272956 6.588736
0.276058 6.634936
0.279160 6.679571
0.282261 6.722526
0.285363 6.763541
0.288465 6.802210
0.291567 6.837984
0.294668 6.870188
0.297770 6.898059
0.300872 6.920805
0.303974 6.937667
0.307075 6.947936
0.310177 6.949220

0.310177 6.949220
0.313279 6.947142
0.316381 6.936858
0.319483 6.919986
0.322584 6.897230
0.325686 6.869347
0.328788 6.837132
0.331890 6.801348
0.334992 6.762673
0.338093 6.721658
0.341195 6.678711
0.344297 6.634092
0.347399 6.587917
0.350501 6.540174
0.353602 6.490733
0.356704 6.439369
0.359806 6.385775
0.362908 6.329580
0.366010 6.270364
0.369111 6.207679
0.372213 6.141064
0.375315 6.070071
0.378417 5.994282
0.381519 5.913335
0.384621 5.826946
0.387722 5.734937
0.390824 5.637259
0.393926 5.534043
0.397028 5.425725
0.400130 5.313758
0.403231 5.211699
0.406333 5.166167
0.409435 5.138684
0.412537 5.116920
0.415639 5.099659
0.418741 5.086420
0.421842 5.076800
0.424944 5.070374
0.428046 5.066691
0.431148 5.065286
0.434250 5.065690
0.437351 5.067451
0.440453 5.070146
0.443555 5.073391
0.446657 5.076847
0.449759 5.080227
0.452860 5.083295
0.455962 5.085863
0.459064 5.087793
0.462166 5.088988
0.465268 5.089392

0.465268 5.089392
0.468369 5.087301
0.471471 5.080612
0.474573 5.068283
0.477675 5.049138
0.480776 5.022339
0.483878 4.987709
0.486980 4.945863
0.490082 4.898214
0.493183 4.846886
0.496285 4.794541
0.499387 4.744147
0.502488 4.698663
0.505590 4.660708
0.508692 4.632218
0.511794 4.614183
0.514895 4.606488
0.517997 4.607897
0.521099 4.616175
0.524200 4.628319
0.527302 4.640834
0.530404 4.650020
0.533506 4.652206
0.536608 4.643938
0.539709 4.622090
0.542811 4.583932
0.545913 4.527157
0.549014 4.449896
0.552116 4.350733
0.555218 4.228736
0.558320 4.083493
0.561421 3.915169
0.564523 3.724552
0.567625 3.513089
0.570727 3.282899
0.573828 3.036739
0.576930 2.777952
0.580032 2.510369
0.583133 2.238199
0.586235 1.965894
0.589337 1.698022
0.592439 1.439118
0.595540 1.193546
0.598642 0.965345
0.601744 0.758087
0.604846 0.574914
0.607947 0.422158
0.611049 0.318961
0.614151 0.230483
0.617252 0.149510
0.620354 -0.003871


0.000000 7.882856
0.003102 7.883068
0.006204 7.883685
0.009305 7.884657
0.012407 7.885908
0.015509 7.887335
0.018611 7.888822
0.021713 7.890246
0.024814 7.891484
0.027916 7.892420
0.031018 7.892954
0.034120 7.893001
0.037222 7.892497
0.040324 7.891400
0.043425 7.889685
0.046527 7.887347
0.049629 7.884395
0.052731 7.880850
0.055833 7.876743
0.058934 7.872109
0.062036 7.866989
0.065138 7.861423
0.068240 7.855451
0.071342 7.849110
0.074443 7.842435
0.077545 7.835457
0.080647 7.828204
0.083749 7.820698
0.086851 7.812959
0.089953 7.805004
0.093054 7.796847
0.096156 7.788501
0.099258 7.779983
0.102360 7.771308
0.105462 7.762503
0.108563 7.753596
0.111665 7.744630
0.114767 7.735656
0.117869 7.726741
0.120971 7.717962
0.124073 7.709410
0.127174 7.701187
0.130276 7.693402
0.133378 7.686172
0.136480 7.679613
0.139581 7.673838
0.142683 7.668951
0.145785 7.665046
0.148887 7.662200
0.151989 7.660468
0.155091 7.659887

0.155091 7.659887
0.158192 7.661030
0.161294 7.664435
0.164396 7.670025
0.167497 7.677674
0.170599 7.687212
0.173701 7.698425
0.176803 7.711067
0.179904 7.724862
0.183006 7.739515
0.186108 7.754719
0.189210 7.770163
0.192311 7.785534
0.195413 7.800529
0.198515 7.814852
0.201617 7.828222
0.204718 7.840369
0.207820 7.851042
0.210922 7.860009
0.214024 7.867055
0.217125 7.871987
0.220227 7.874635
0.223329 7.874850
0.226430 7.872506
0.229532 7.867494
0.232634 7.859728
0.235736 7.849133
0.238837 7.835652
0.241939 7.819241
0.245041 7.799870
0.248142 7.777525
0.251244 7.752209
0.254346 7.723951
0.257448 7.692801
0.260549 7.658840
0.263651 7.622181
0.266753 7.582967
0.269855 7.541371
0.272956 7.497597
0.276058 7.451871
0.279160 7.404439
0.282261 7.355564
0.285363 7.305522
0.288465 7.254612
0.291567 7.203160
0.294668 7.151568
0.297770 7.100401
0.300872 7.050630
0.303974 7.004344
0.307075 6.966977
0.310177 6.953156

0.310177 6.953156
0.313279 6.967730
0.316381 7.005061
0.319483 7.051331
0.322584 7.101107
0.325686 7.152293
0.328788 7.203915
0.331890 7.255406
0.334992 7.306365
0.338093 7.356463
0.341195 7.405405
0.344297 7.452913
0.347399 7.498725
0.350501 7.542595
0.353602 7.584295
0.356704 7.623623
0.359806 7.660404
0.362908 7.694494
0.366010 7.725780
0.369111 7.754180
0.372213 7.779641
0.375315 7.802136
0.378417 7.821658
0.381519 7.838221
0.384621 7.851854
0.387722 7.862600
0.390824 7.870515
0.393926 7.875672
0.397028 7.878158
0.400130 7.878078
0.403231 7.875560
0.406333 7.870750
0.409435 7.863819
0.412537 7.854959
0.415639 7.844384
0.418741 7.832325
0.421842 7.819035
0.424944 7.804783
0.428046 7.789850
0.431148 7.774533
0.434250 7.759137
0.437351 7.743973
0.440453 7.729354
0.443555 7.715587
0.446657 7.702969
0.449759 7.691775
0.452860 7.682253
0.455962 7.674616
0.459064 7.669034
0.462166 7.665634
0.465268 7.664492

0.465268 7.664492
0.468369 7.665069
0.471471 7.666789
0.474573 7.669617
0.477675 7.673496
0.480776 7.678353
0.483878 7.684097
0.486980 7.690623
0.490082 7.697822
0.493183 7.705579
0.496285 7.713780
0.499387 7.722317
0.502488 7.731090
0.505590 7.740008
0.508692 7.748995
0.511794 7.757985
0.514895 7.766924
0.517997 7.775772
0.521099 7.784496
0.524200 7.793071
0.527302 7.801477
0.530404 7.809698
0.533506 7.817716
0.536608 7.825516
0.539709 7.833078
0.542811 7.840382
0.545913 7.847401
0.549014 7.854107
0.552116 7.860468
0.555218 7.866447
0.558320 7.872007
0.561421 7.877106
0.564523 7.881706
0.567625 7.885765
0.570727 7.889250
0.573828 7.892132
0.576930 7.894389
0.580032 7.896016
0.583133 7.897019
0.586235 7.897425
0.589337 7.897280
0.592439 7.896648
0.595540 7.895617
0.598642 7.894291
0.601744 7.892785
0.604846 7.891226
0.607947 7.889738
0.611049 7.888438
0.614151 7.887430
0.617252 7.886791
0.620354 7.882856


0.000000 7.886573
0.003102 7.891276
0.006204 7.904491
0.009305 7.924247
0.012407 7.948751
0.015509 7.977010
0.018611 8.008734
0.021713 8.044023
0.024814 8.083109
0.027916 8.126218
0.031018 8.173502
0.034120 8.225011
0.037222 8.280680
0.040324 8.340314
0.043425 8.403577
0.046527 8.469976
0.049629 8.538852
0.052731 8.609374
0.055833 8.680560
0.058934 8.751306
0.062036 8.820456
0.065138 8.886880
0.068240 8.949568
0.071342 9.007730
0.074443 9.060869
0.077545 9.108831
0.080647 9.151827
0.083749 9.190404
0.086851 9.225400
0.089953 9.257869
0.093054 9.288995
0.096156 9.320001
0.099258 9.352069
0.102360 9.386268
0.105462 9.423489
0.108563 9.464399
0.111665 9.509402
0.114767 9.558606
0.117869 9.611807
0.120971 9.668476
0.124073 9.727762
0.127174 9.788513
0.130276 9.849317
0.133378 9.908566
0.136480 9.964540
0.139581 10.015499
0.142683 10.059786
0.145785 10.095914
0.148887 10.122650
0.151989 10.139072
0.155091 10.144610

0.155091 10.144610
0.158192 10.144224
0.161294 10.143091
0.164396 10.141279
0.167497 10.138906
0.170599 10.136129
0.173701 10.133147
0.176803 10.130193
0.179904 10.127524
0.183006 10.125416
0.186108 10.124154
0.189210 10.124020
0.192311 10.125282
0.195413 10.128193
0.198515 10.132973
0.201617 10.139813
0.204718 10.148866
0.207820 10.160247
0.210922 10.174029
0.214024 10.190248
0.217125 10.208901
0.220227 10.229949
0.223329 10.253317
0.226430 10.278900
0.229532 10.306565
0.232634 10.336153
0.235736 10.367483
0.238837 10.400354
0.241939 10.434552
0.245041 10.469846
0.248142 10.505998
0.251244 10.542759
0.254346 10.579874
0.257448 10.617083
0.260549 10.654124
0.263651 10.690730
0.266753 10.726635
0.269855 10.761571
0.272956 10.795273
0.276058 10.827477
0.279160 10.857924
0.282261 10.886363
0.285363 10.912552
0.288465 10.936262
0.291567 10.957277
0.294668 10.975404
0.297770 10.990470
0.300872 11.002329
0.303974 11.010864
0.307075 11.016000
0.310177 11.017713

0.310177 11.017713
0.313279 11.015995
0.316381 11.010843
0.319483 11.002284
0.322584 10.990394
0.325686 10.975288
0.328788 10.957113
0.331890 10.936043
0.334992 10.912272
0.338093 10.886016
0.341195 10.857504
0.344297 10.826979
0.347399 10.794693
0.350501 10.760906
0.353602 10.725882
0.356704 10.689887
0.359806 10.653189
0.362908 10.616056
0.366010 10.578753
0.369111 10.541544
0.372213 10.504690
0.375315 10.468444
0.378417 10.433057
0.381519 10.398766
0.384621 10.365802
0.387722 10.334381
0.390824 10.304703
0.393926 10.276949
0.397028 10.251278
0.400130 10.227825
0.403231 10.206696
0.406333 10.187965
0.409435 10.171673
0.412537 10.157822
0.415639 10.146379
0.418741 10.137268
0.421842 10.130377
0.424944 10.125551
0.428046 10.122602
0.431148 10.121305
0.434250 10.121411
0.437351 10.122650
0.440453 10.124738
0.443555 10.127391
0.446657 10.130334
0.449759 10.133306
0.452860 10.136075
0.455962 10.138444
0.459064 10.140251
0.462166 10.141383
0.465268 10.141768

0.465268 10.141768
0.468369 10.136229
0.471471 10.119803
0.474573 10.093061
0.477675 10.056924
0.480776 10.012626
0.483878 9.961655
0.486980 9.905668
0.490082 9.846405
0.493183 9.785588
0.496285 9.724825
0.499387 9.665527
0.502488 9.608848
0.505590 9.555637
0.508692 9.506424
0.511794 9.461412
0.514895 9.420492
0.517997 9.383259
0.521099 9.349045
0.524200 9.316959
0.527302 9.285931
0.530404 9.254778
0.533506 9.222276
0.536608 9.187242
0.539709 9.148622
0.542811 9.105577
0.545913 9.057560
0.549014 9.004363
0.552116 8.946138
0.555218 8.883384
0.558320 8.816895
0.561421 8.747680
0.564523 8.676872
0.567625 8.605631
0.570727 8.535060
0.573828 8.466144
0.576930 8.399715
0.580032 8.336432
0.583133 8.276788
0.586235 8.221119
0.589337 8.169618
0.592439 8.122349
0.595540 8.079260
0.598642 8.040198
0.601744 8.004934
0.604846 7.973233
0.607947 7.944996
0.611049 7.920509
0.614151 7.900766
0.617252 7.887557
0.620354 7.886573


0.000000 13.229907
0.003102 13.234566
0.006204 13.248488
0.009305 13.271513
0.012407 13.303377
0.015509 13.343714
0.018611 13.392062
0.021713 13.447870
0.024814 13.510511
0.027916 13.579292
0.031018 13.653469
0.034120 13.732265
0.037222 13.814889
0.040324 13.900553
0.043425 13.988489
0.046527 14.077968
0.049629 14.168311
0.052731 14.258898
0.055833 14.349178
0.058934 14.438666
0.062036 14.526949
0.065138 14.613679
0.068240 14.698569
0.071342 14.781390
0.074443 14.861964
0.077545 14.940158
0.080647 15.015880
0.083749 15.089070
0.086851 15.159702
0.089953 15.227769
0.093054 15.293284
0.096156 15.356271
0.099258 15.416754
0.102360 15.474755
0.105462 15.530281
0.108563 15.583322
0.111665 15.633838
0.114767 15.681764
0.117869 15.727000
0.120971 15.769424
0.124073 15.808886
0.127174 15.845226
0.130276 15.878276
0.133378 15.907871
0.136480 15.933854
0.139581 15.956086
0.142683 15.974445
0.145785 15.988830
0.148887 15.999162
0.151989 16.005384
0.155091 16.007462

0.155091 16.007462
0.158192 16.018358
0.161294 16.050525
0.164396 16.102431
0.167497 16.171630
0.170599 16.254920
0.173701 16.348540
0.176803 16.448401
0.179904 16.550341
0.183006 16.650370
0.186108 16.744889
0.189210 16.830875
0.192311 16.905978
0.195413 16.968545
0.198515 17.017554
0.201617 17.052464
0.204718 17.073038
0.207820 17.079142
0.210922 17.070584
0.214024 17.046997
0.217125 17.007794
0.220227 16.952195
0.223329 16.879322
0.226430 16.788334
0.229532 16.678557
0.232634 16.549588
0.235736 16.401336
0.238837 16.234014
0.241939 16.048106
0.245041 15.844328
0.248142 15.623608
0.251244 15.387078
0.254346 15.136089
0.257448 14.872238
0.260549 14.597395
0.263651 14.313739
0.266753 14.023776
0.269855 13.730359
0.272956 13.436680
0.276058 13.146254
0.279160 12.862860
0.282261 12.590471
0.285363 12.333147
0.288465 12.094917
0.291567 11.879648
0.294668 11.690920
0.297770 11.531922
0.300872 11.405361
0.303974 11.313399
0.307075 11.257602
0.310177 11.238902

0.310177 11.238902
0.313279 11.257607
0.316381 11.313417
0.319483 11.405398
0.322584 11.531986
0.325686 11.691018
0.328788 11.879786
0.331890 12.095101
0.334992 12.333382
0.338093 12.590763
0.341195 12.863213
0.344297 13.146672
0.347399 13.437167
0.350501 13.730917
0.353602 14.024408
0.356704 14.314448
0.359806 14.598184
0.362908 14.873110
0.366010 15.137048
0.369111 15.388130
0.372213 15.624760
0.375315 15.845589
0.378417 16.049485
0.381519 16.235525
0.384621 16.402992
0.387722 16.551404
0.390824 16.680544
0.393926 16.790502
0.397028 16.881674
0.400130 16.954728
0.403231 17.010499
0.406333 17.049861
0.409435 17.073589
0.412537 17.082270
0.415639 17.076271
0.418741 17.055788
0.421842 17.020955
0.424944 16.972015
0.428046 16.909509
0.431148 16.834463
0.434250 16.748533
0.437351 16.654065
0.440453 16.554088
0.443555 16.452195
0.446657 16.352379
0.449759 16.258800
0.452860 16.175545
0.455962 16.106373
0.459064 16.054489
0.462166 16.022335
0.465268 16.011443

0.465268 16.011443
0.468369 16.009364
0.471471 16.003138
0.474573 15.992800
0.477675 15.978406
0.480776 15.960035
0.483878 15.937789
0.486980 15.911788
0.490082 15.882174
0.493183 15.849102
0.496285 15.812737
0.499387 15.773249
0.502488 15.730798
0.505590 15.685534
0.508692 15.637581
0.511794 15.587038
0.514895 15.533971
0.517997 15.478419
0.521099 15.420394
0.524200 15.359889
0.527302 15.296881
0.530404 15.231347
0.533506 15.163263
0.536608 15.092618
0.539709 15.019416
0.542811 14.943688
0.545913 14.865490
0.549014 14.784917
0.552116 14.702101
0.555218 14.617221
0.558320 14.530506
0.561421 14.442243
0.564523 14.352778
0.567625 14.262526
0.570727 14.171969
0.573828 14.081659
0.576930 13.992215
0.580032 13.904316
0.583133 13.818691
0.586235 13.736106
0.589337 13.657349
0.592439 13.583210
0.595540 13.514465
0.598642 13.451858
0.601744 13.396081
0.604846 13.347761
0.607947 13.307449
0.611049 13.275604
0.614151 13.252593
0.617252 13.238679
0.620354 13.229907


0.000000 13.234024
0.003102 13.364987
0.006204 13.746583
0.009305 14.347693
0.012407 15.123889
0.015509 16.022985
0.018611 16.979361
0.021713 17.832377
0.024814 18.181889
0.027916 18.237419
0.031018 18.237627
0.034120 18.222706
0.037222 18.202249
0.040324 18.179879
0.043425 18.157440
0.046527 18.136057
0.049629 18.116477
0.052731 18.099199
0.055833 18.084521
0.058934 18.072571
0.062036 18.063325
0.065138 18.056624
0.068240 18.052201
0.071342 18.049710
0.074443 18.048759
0.077545 18.048944
0.080647 18.049891
0.083749 18.051290
0.086851 18.052925
0.089953 18.054691
0.093054 18.056607
0.096156 18.058808
0.099258 18.061519
0.102360 18.065030
0.105462 18.069648
0.108563 18.075670
0.111665 18.083350
0.114767 18.092887
0.117869 18.104405
0.120971 18.117950
0.124073 18.133462
0.127174 18.150756
0.130276 18.169498
0.133378 18.189180
0.136480 18.209121
0.139581 18.228477
0.142683 18.246287
0.145785 18.261541
0.148887 18.273274
0.151989 18.280676
0.155091 18.283207

0.155091 18.283207
0.158192 18.282615
0.161294 18.280853
0.164396 18.277967
0.167497 18.274028
0.170599 18.269129
0.173701 18.263379
0.176803 18.256891
0.179904 18.249780
0.183006 18.242148
0.186108 18.234088
0.189210 18.225675
0.192311 18.216974
0.195413 18.208044
0.198515 18.198945
0.201617 18.189747
0.204718 18.180528
0.207820 18.171371
0.210922 18.162360
0.214024 18.153570
0.217125 18.145058
0.220227 18.136863
0.223329 18.129001
0.226430 18.121469
0.229532 18.114247
0.232634 18.107301
0.235736 18.100591
0.238837 18.094073
0.241939 18.087704
0.245041 18.081442
0.248142 18.075251
0.251244 18.069100
0.254346 18.062967
0.257448 18.056837
0.260549 18.050706
0.263651 18.044579
0.266753 18.038473
0.269855 18.032412
0.272956 18.026433
0.276058 18.020574
0.279160 18.014881
0.282261 18.009393
0.285363 18.004145
0.288465 17.999150
0.291567 17.994398
0.294668 17.989885
0.297770 17.985699
0.300872 17.982072
0.303974 17.979280
0.307075 17.977529
0.310177 17.976933

0.310177 17.976933
0.313279 17.977431
0.316381 17.978887
0.319483 17.981194
0.322584 17.984207
0.325686 17.987784
0.328788 17.991826
0.331890 17.996272
0.334992 18.001082
0.338093 18.006214
0.341195 18.011622
0.344297 18.017259
0.347399 18.023075
0.350501 18.029021
0.353602 18.035057
0.356704 18.041146
0.359806 18.047263
0.362908 18.053392
0.366010 18.059526
0.369111 18.065670
0.372213 18.071838
0.375315 18.078053
0.378417 18.084344
0.381519 18.090747
0.384621 18.097303
0.387722 18.104054
0.390824 18.111045
0.393926 18.118314
0.397028 18.125892
0.400130 18.133800
0.403231 18.142039
0.406333 18.150593
0.409435 18.159421
0.412537 18.168465
0.415639 18.177648
0.418741 18.186888
0.421842 18.196100
0.424944 18.205206
0.428046 18.214140
0.431148 18.222840
0.434250 18.231248
0.437351 18.239302
0.440453 18.246925
0.443555 18.254028
0.446657 18.260506
0.449759 18.266247
0.452860 18.271137
0.455962 18.275069
0.459064 18.277951
0.462166 18.279709
0.465268 18.280301

0.465268 18.280301
0.468369 18.277781
0.471471 18.270413
0.474573 18.258732
0.477675 18.243544
0.480776 18.225807
0.483878 18.206529
0.486980 18.186669
0.490082 18.167067
0.493183 18.148404
0.496285 18.131188
0.499387 18.115753
0.502488 18.102283
0.505590 18.090837
0.508692 18.081373
0.511794 18.073764
0.514895 18.067813
0.517997 18.063265
0.521099 18.059826
0.524200 18.057187
0.527302 18.055059
0.530404 18.053216
0.533506 18.051522
0.536608 18.049960
0.539709 18.048631
0.542811 18.047752
0.545913 18.047633
0.549014 18.048649
0.552116 18.051200
0.555218 18.055682
0.558320 18.062440
0.561421 18.071742
0.564523 18.083746
0.567625 18.098478
0.570727 18.115810
0.573828 18.135442
0.576930 18.156877
0.580032 18.179367
0.583133 18.201782
0.586235 18.222276
0.589337 18.237215
0.592439 18.236966
0.595540 18.181107
0.598642 17.829940
0.601744 16.975907
0.604846 16.019286
0.607947 15.120057
0.611049 14.343752
0.614151 13.742552
0.617252 13.360893
0.620354 13.234024


0.000000 18.510837
0.003102 18.509517
0.006204 18.505817
0.009305 18.500655
0.012407 18.496227
0.015509 18.498284
0.018611 18.527282
0.021713 18.701073
0.024814 19.359689
0.027916 19.825948
0.031018 19.850542
0.034120 19.842597
0.037222 19.828008
0.040324 19.810389
0.043425 19.790827
0.046527 19.769801
0.049629 19.747581
0.052731 19.724345
0.055833 19.700222
0.058934 19.675309
0.062036 19.649681
0.065138 19.623399
0.068240 19.596512
0.071342 19.569064
0.074443 19.541099
0.077545 19.512669
0.080647 19.483833
0.083749 19.454666
0.086851 19.425256
0.089953 19.395705
0.093054 19.366122
0.096156 19.336623
0.099258 19.307323
0.102360 19.278336
0.105462 19.249770
0.108563 19.221733
0.111665 19.194331
0.114767 19.167672
0.117869 19.141868
0.120971 19.117031
0.124073 19.093280
0.127174 19.070742
0.130276 19.049559
0.133378 19.029897
0.136480 19.011953
0.139581 18.995968
0.142683 18.982224
0.145785 18.971041
0.148887 18.962745
0.151989 18.957628
0.155091 18.955898

0.155091 18.955898
0.158192 18.954677
0.161294 18.951047
0.164396 18.945098
0.167497 18.936972
0.170599 18.926845
0.173701 18.914900
0.176803 18.901303
0.179904 18.886160
0.183006 18.869480
0.186108 18.851144
0.189210 18.830888
0.192311 18.808311
0.195413 18.782927
0.198515 18.754244
0.201617 18.721874
0.204718 18.685641
0.207820 18.645668
0.210922 18.602433
0.214024 18.556759
0.217125 18.509756
0.220227 18.462710
0.223329 18.416931
0.226430 18.373589
0.229532 18.333577
0.232634 18.297430
0.235736 18.265318
0.238837 18.237100
0.241939 18.212420
0.245041 18.190793
0.248142 18.171693
0.251244 18.154610
0.254346 18.139085
0.257448 18.124730
0.260549 18.111241
0.263651 18.098390
0.266753 18.086028
0.269855 18.074074
0.272956 18.062507
0.276058 18.051358
0.279160 18.040700
0.282261 18.030642
0.285363 18.021323
0.288465 18.012913
0.291567 18.005605
0.294668 17.999578
0.297770 17.994903
0.300872 17.991489
0.303974 17.989169
0.307075 17.987819
0.310177 17.987376

0.310177 17.987376
0.313279 17.987908
0.316381 17.989528
0.319483 17.992291
0.322584 17.996265
0.325686 18.001481
0.328788 18.007902
0.331890 18.015435
0.334992 18.023947
0.338093 18.033300
0.341195 18.043360
0.344297 18.054007
0.347399 18.065142
0.350501 18.076700
0.353602 18.088651
0.356704 18.101021
0.359806 18.113889
0.362908 18.127406
0.366010 18.141796
0.369111 18.157364
0.372213 18.174494
0.375315 18.193642
0.378417 18.215316
0.381519 18.240037
0.384621 18.268287
0.387722 18.300421
0.390824 18.336578
0.393926 18.376592
0.397028 18.419931
0.400130 18.465707
0.403231 18.512756
0.406333 18.559771
0.409435 18.605471
0.412537 18.648743
0.415639 18.688764
0.418741 18.725055
0.421842 18.757487
0.424944 18.786231
0.428046 18.811673
0.431148 18.834301
0.434250 18.854599
0.437351 18.872967
0.440453 18.889669
0.443555 18.904827
0.446657 18.918431
0.449759 18.930378
0.452860 18.940505
0.455962 18.948628
0.459064 18.954574
0.462166 18.958202
0.465268 18.959422

0.465268 18.959422
0.468369 18.961137
0.471471 18.966207
0.474573 18.974432
0.477675 18.985524
0.480776 18.999161
0.483878 19.015031
0.486980 19.032853
0.490082 19.052390
0.493183 19.073446
0.496285 19.095857
0.499387 19.119482
0.502488 19.144194
0.505590 19.169876
0.508692 19.196415
0.511794 19.223700
0.514895 19.251624
0.517997 19.280080
0.521099 19.308961
0.524200 19.338160
0.527302 19.367562
0.530404 19.397054
0.533506 19.426520
0.536608 19.455850
0.539709 19.484943
0.542811 19.513710
0.545913 19.542078
0.549014 19.569984
0.552116 19.597378
0.555218 19.624214
0.558320 19.650449
0.561421 19.676031
0.564523 19.700900
0.567625 19.724982
0.570727 19.748178
0.573828 19.770361
0.576930 19.791352
0.580032 19.810884
0.583133 19.828480
0.586235 19.843060
0.589337 19.851026
0.592439 19.826441
0.595540 19.357527
0.598642 18.699892
0.601744 18.526981
0.604846 18.498150
0.607947 18.496155
0.611049 18.500618
0.614151 18.505801
0.617252 18.509513
0.620354 18.510837


0.000000 19.968372
0.003102 19.967595
0.006204 19.965290
0.009305 19.961540
0.012407 19.956531
0.015509 19.950670
0.018611 19.944991
0.021713 19.943130
0.024814 19.971987
0.027916 20.471762
0.031018 21.430782
0.034120 22.381830
0.037222 23.275311
0.040324 24.093154
0.043425 24.824458
0.046527 25.462192
0.049629 26.002218
0.052731 26.442856
0.055833 26.784637
0.058934 27.030135
0.062036 27.183830
0.065138 27.251977
0.068240 27.242474
0.071342 27.164704
0.074443 27.029355
0.077545 26.848187
0.080647 26.633764
0.083749 26.399120
0.086851 26.157372
0.089953 25.921288
0.093054 25.702819
0.096156 25.512636
0.099258 25.359687
0.102360 25.250838
0.105462 25.190604
0.108563 25.181021
0.111665 25.221637
0.114767 25.309652
0.117869 25.440167
0.120971 25.606530
0.124073 25.800745
0.127174 26.013910
0.130276 26.236664
0.133378 26.459595
0.136480 26.673623
0.139581 26.870310
0.142683 27.042133
0.145785 27.182683
0.148887 27.286831
0.151989 27.350836
0.155091 27.372425

0.155091 27.372425
0.158192 27.369192
0.161294 27.359688
0.164396 27.344487
0.167497 27.324517
0.170599 27.301017
0.173701 27.275473
0.176803 27.249544
0.179904 27.224966
0.183006 27.203452
0.186108 27.186580
0.189210 27.175693
0.192311 27.171812
0.195413 27.175568
0.198515 27.187175
0.201617 27.206438
0.204718 27.232795
0.207820 27.265390
0.210922 27.303163
0.214024 27.344949
0.217125 27.389559
0.220227 27.435867
0.223329 27.482854
0.226430 27.529651
0.229532 27.575549
0.232634 27.620003
0.235736 27.662621
0.238837 27.703144
0.241939 27.741427
0.245041 27.777419
0.248142 27.811138
0.251244 27.842656
0.254346 27.872086
0.257448 27.899561
0.260549 27.925227
0.263651 27.949230
0.266753 27.971708
0.269855 27.992780
0.272956 28.012539
0.276058 28.031048
0.279160 28.048336
0.282261 28.064392
0.285363 28.079173
0.288465 28.092605
0.291567 28.104590
0.294668 28.115014
0.297770 28.123754
0.300872 28.130696
0.303974 28.135736
0.307075 28.138794
0.310177 28.139819

0.310177 28.139819
0.313279 28.138790
0.316381 28.135719
0.319483 28.130659
0.322584 28.123689
0.325686 28.114913
0.328788 28.104448
0.331890 28.092415
0.334992 28.078930
0.338093 28.064091
0.341195 28.047974
0.344297 28.030624
0.347399 28.012051
0.350501 27.992227
0.353602 27.971091
0.356704 27.948551
0.359806 27.924487
0.362908 27.898764
0.366010 27.871234
0.369111 27.841751
0.372213 27.810182
0.375315 27.776414
0.378417 27.740375
0.381519 27.702042
0.384621 27.661469
0.387722 27.618798
0.390824 27.574285
0.393926 27.528323
0.397028 27.481455
0.400130 27.434387
0.403231 27.387989
0.406333 27.343277
0.409435 27.301381
0.412537 27.263487
0.415639 27.230763
0.418741 27.204270
0.421842 27.184866
0.424944 27.173115
0.428046 27.169216
0.431148 27.172956
0.434250 27.183707
0.437351 27.200451
0.440453 27.221847
0.443555 27.246317
0.446657 27.272151
0.449759 27.297613
0.452860 27.321045
0.455962 27.340962
0.459064 27.356125
0.462166 27.365606
0.465268 27.368831

0.465268 27.368831
0.468369 27.347241
0.471471 27.283231
0.474573 27.179077
0.477675 27.038517
0.480776 26.866683
0.483878 26.669981
0.486980 26.455936
0.490082 26.232986
0.493183 26.010211
0.496285 25.797023
0.499387 25.602785
0.502488 25.436397
0.505590 25.305857
0.508692 25.217818
0.511794 25.177179
0.514895 25.186740
0.517997 25.246953
0.521099 25.355784
0.524200 25.508717
0.527302 25.698887
0.530404 25.917344
0.533506 26.153419
0.536608 26.395161
0.539709 26.629801
0.542811 26.844222
0.545913 27.025391
0.549014 27.160745
0.552116 27.238521
0.555218 27.248033
0.558320 27.179898
0.561421 27.026218
0.564523 26.780737
0.567625 26.438975
0.570727 25.998357
0.573828 25.458352
0.576930 24.820637
0.580032 24.089350
0.583133 23.271517
0.586235 22.378037
0.589337 21.426973
0.592439 20.467999
0.595540 19.971206
0.598642 19.943008
0.601744 19.944970
0.604846 19.950675
0.607947 19.956541
0.611049 19.961548
0.614151 19.965294
0.617252 19.967596
0.620354 19.968372



