# distance  frequency (bands are separated by blank lines)
# End points of segments: 
#   0.00000000 0.16481520 0.32963050 0.49444570 0.65926090 
0.000000 -0.920695
0.003296 -0.913399
0.006593 -0.891108
0.009889 -0.852500
0.013185 -0.794921
0.016481 -0.713319
0.019778 -0.597158
0.023074 -0.417176
0.026370 0.200645
0.029667 0.536476
0.032963 0.755074
0.036259 0.942673
0.039556 1.115520
0.042852 1.278831
0.046148 1.407915
0.049445 1.538897
0.052741 1.671247
0.056037 1.804396
0.059333 1.937798
0.062630 2.070956
0.065926 2.203426
0.069222 2.334810
0.072519 2.464741
0.075815 2.592880
0.079111 2.718914
0.082408 2.842566
0.085704 2.963600
0.089000 3.081837
0.092297 3.197162
0.095593 3.309530
0.098889 3.418970
0.102185 3.525585
0.105482 3.629552
0.108778 3.731115
0.112074 3.830583
0.115371 3.928317
0.118667 4.024720
0.121963 4.120217
0.125260 4.215228
0.128556 4.310137
0.131852 4.405257
0.135149 4.500796
0.138445 4.596831
0.141741 4.693268
0.145037 4.789811
0.148334 4.885895
0.151630 4.980556
0.154926 5.042625
0.158223 5.072475
0.161519 5.090660
0.164815 5.096769

0.164815 5.096769
0.168111 5.101787
0.171408 5.115901
0.174704 5.135305
0.178000 5.154796
0.181297 5.175070
0.184593 5.196692
0.187889 5.219479
0.191186 5.243113
0.194482 5.267226
0.197778 5.291433
0.201075 5.315360
0.204371 5.338666
0.207667 5.361056
0.210963 5.382275
0.214260 5.402089
0.217556 5.420242
0.220852 5.436383
0.224149 5.449938
0.227445 5.459896
0.230741 5.464438
0.234038 5.460284
0.237334 5.441535
0.240630 5.397797
0.243926 5.311976
0.247223 5.160712
0.250519 4.922755
0.253815 4.591403
0.257112 4.175532
0.260408 3.689436
0.263704 3.143924
0.267001 2.540527
0.270297 1.859999
0.273593 0.992856
0.276890 -0.960465
0.280186 -1.500895
0.283482 -1.737265
0.286778 -1.803534
0.290075 -1.734149
0.293371 -1.531476
0.296667 -1.157904
0.299964 -0.271465
0.303260 1.170964
0.306556 1.705218
0.309853 2.109779
0.313149 2.433087
0.316445 2.690470
0.319742 2.887998
0.323038 3.028207
0.326334 3.112105
0.329630 3.140045

0.329630 3.140045
0.332927 3.112105
0.336223 3.028207
0.339519 2.887998
0.342816 2.690470
0.346112 2.433087
0.349408 2.109779
0.352705 1.705218
0.356001 1.170964
0.359297 -0.271465
0.362594 -1.157904
0.365890 -1.531476
0.369186 -1.734149
0.372482 -1.803534
0.375779 -1.737265
0.379075 -1.500895
0.382371 -0.960465
0.385668 0.992856
0.388964 1.859999
0.392260 2.540527
0.395556 3.143924
0.398853 3.689436
0.402149 4.175532
0.405446 4.591403
0.408742 4.922755
0.412038 5.160712
0.415334 5.311976
0.418631 5.397797
0.421927 5.441535
0.425223 5.460284
0.428520 5.464438
0.431816 5.459896
0.435112 5.449938
0.438408 5.436383
0.441705 5.420242
0.445001 5.402089
0.448297 5.382275
0.451594 5.361056
0.454890 5.338666
0.458186 5.315360
0.461483 5.291433
0.464779 5.267226
0.468075 5.243113
0.471371 5.219479
0.474668 5.196692
0.477964 5.175070
0.481260 5.154796
0.484557 5.135305
0.487853 5.115901
0.491149 5.101787
0.494446 5.096769

0.494446 5.096769
0.497742 5.090660
0.501038 5.072475
0.504335 5.042625
0.507631 4.980556
0.510927 4.885895
0.514223 4.789811
0.517520 4.693268
0.520816 4.596831
0.524112 4.500796
0.527409 4.405257
0.530705 4.310137
0.534001 4.215228
0.537298 4.120217
0.540594 4.024720
0.543890 3.928317
0.547187 3.830583
0.550483 3.731115
0.553779 3.629552
0.557075 3.525585
0.560372 3.418970
0.563668 3.309530
0.566964 3.197162
0.570261 3.081837
0.573557 2.963600
0.576853 2.842566
0.580150 2.718914
0.583446 2.592880
0.586742 2.464741
0.590039 2.334810
0.593335 2.203426
0.596631 2.070956
0.599927 1.937798
0.603224 1.804396
0.606520 1.671247
0.609816 1.538897
0.613113 1.407915
0.616409 1.278831
0.619705 1.115520
0.623002 0.942673
0.626298 0.755074
0.629594 0.536476
0.632891 0.200645
0.636187 -0.417176
0.639483 -0.597158
0.642779 -0.713319
0.646076 -0.794921
0.649372 -0.852500
0.652668 -0.891108
0.655965 -0.913399
0.659261 -0.920695


0.000000 -0.920695
0.003296 -0.893264
0.006593 -0.805650
0.009889 -0.635685
0.013185 -0.299812
0.016481 0.323496
0.019778 0.455100
0.023074 0.565605
0.026370 0.676067
0.029667 0.789724
0.032963 0.907125
0.036259 1.028052
0.039556 1.152086
0.042852 1.279864
0.046148 1.438659
0.049445 1.593405
0.052741 1.730305
0.056037 1.864025
0.059333 1.997909
0.062630 2.131334
0.065926 2.263816
0.069222 2.394959
0.072519 2.524423
0.075815 2.651902
0.079111 2.777121
0.082408 2.899833
0.085704 3.019840
0.089000 3.136995
0.092297 3.251225
0.095593 3.362539
0.098889 3.471036
0.102185 3.576904
0.105482 3.680417
0.108778 3.781922
0.112074 3.881816
0.115371 3.980522
0.118667 4.078462
0.121963 4.176028
0.125260 4.273557
0.128556 4.371312
0.131852 4.469455
0.135149 4.568029
0.138445 4.666925
0.141741 4.765844
0.145037 4.864241
0.148334 4.950720
0.151630 5.001760
0.154926 5.061000
0.158223 5.089707
0.161519 5.107206
0.164815 5.113086

0.164815 5.113086
0.168111 5.116553
0.171408 5.126658
0.174704 5.143898
0.178000 5.169167
0.181297 5.197796
0.184593 5.226581
0.187889 5.254470
0.191186 5.281307
0.194482 5.307171
0.197778 5.332105
0.201075 5.356076
0.204371 5.378998
0.207667 5.400771
0.210963 5.421298
0.214260 5.440484
0.217556 5.458208
0.220852 5.474261
0.224149 5.488243
0.227445 5.499366
0.230741 5.506137
0.234038 5.505770
0.237334 5.493169
0.240630 5.459195
0.243926 5.388399
0.247223 5.258343
0.250519 5.045862
0.253815 4.740254
0.257112 4.348636
0.260408 3.887186
0.263704 3.371069
0.267001 2.809406
0.270297 2.201208
0.273593 1.521224
0.276890 0.589866
0.280186 -1.018925
0.283482 -1.362311
0.286778 -1.462155
0.290075 -1.390684
0.293371 -1.143398
0.296667 -0.575593
0.299964 0.955821
0.303260 1.530472
0.306556 1.966773
0.309853 2.324922
0.313149 2.621274
0.316445 2.861680
0.319742 3.048258
0.323038 3.181605
0.326334 3.261717
0.329630 3.288446

0.329630 3.288446
0.332927 3.261717
0.336223 3.181605
0.339519 3.048258
0.342816 2.861680
0.346112 2.621274
0.349408 2.324922
0.352705 1.966773
0.356001 1.530472
0.359297 0.955821
0.362594 -0.575593
0.365890 -1.143398
0.369186 -1.390684
0.372482 -1.462155
0.375779 -1.362311
0.379075 -1.018925
0.382371 0.589866
0.385668 1.521224
0.388964 2.201208
0.392260 2.809406
0.395556 3.371069
0.398853 3.887186
0.402149 4.348636
0.405446 4.740254
0.408742 5.045862
0.412038 5.258343
0.415334 5.388399
0.418631 5.459195
0.421927 5.493169
0.425223 5.505770
0.428520 5.506137
0.431816 5.499366
0.435112 5.488243
0.438408 5.474261
0.441705 5.458208
0.445001 5.440484
0.448297 5.421298
0.451594 5.400771
0.454890 5.378998
0.458186 5.356076
0.461483 5.332105
0.464779 5.307171
0.468075 5.281307
0.471371 5.254470
0.474668 5.226581
0.477964 5.197796
0.481260 5.169167
0.484557 5.143898
0.487853 5.126658
0.491149 5.116553
0.494446 5.113086

0.494446 5.113086
0.497742 5.107206
0.501038 5.089707
0.504335 5.061000
0.507631 5.001760
0.510927 4.950720
0.514223 4.864241
0.517520 4.765844
0.520816 4.666925
0.524112 4.568029
0.527409 4.469455
0.530705 4.371312
0.534001 4.273557
0.537298 4.176028
0.540594 4.078462
0.543890 3.980522
0.547187 3.881816
0.550483 3.781922
0.553779 3.680417
0.557075 3.576904
0.560372 3.471036
0.563668 3.362539
0.566964 3.251225
0.570261 3.136995
0.573557 3.019840
0.576853 2.899833
0.580150 2.777121
0.583446 2.651902
0.586742 2.524423
0.590039 2.394959
0.593335 2.263816
0.596631 2.131334
0.599927 1.997909
0.603224 1.864025
0.606520 1.730305
0.609816 1.593405
0.613113 1.438659
0.616409 1.279864
0.619705 1.152086
0.623002 1.028052
0.626298 0.907125
0.629594 0.789724
0.632891 0.676067
0.636187 0.565605
0.639483 0.455100
0.642779 0.323496
0.646076 -0.299812
0.649372 -0.635685
0.652668 -0.805650
0.655965 -0.893264
0.659261 -0.920695


0.000000 -0.082762
0.003296 -0.024203
0.006593 0.138836
0.009889 0.239842
0.013185 0.379306
0.016481 0.648616
0.019778 0.693546
0.023074 0.749865
0.026370 0.819517
0.029667 0.902234
0.032963 0.997125
0.036259 1.102838
0.039556 1.217669
0.042852 1.339672
0.046148 1.466885
0.049445 1.597565
0.052741 1.744851
0.056037 1.893330
0.059333 2.038936
0.062630 2.181640
0.065926 2.321359
0.069222 2.458008
0.072519 2.591530
0.075815 2.721915
0.079111 2.849211
0.082408 2.973521
0.085704 3.094996
0.089000 3.213829
0.092297 3.330235
0.095593 3.444435
0.098889 3.556643
0.102185 3.667042
0.105482 3.775777
0.108778 3.882931
0.112074 3.988518
0.115371 4.092467
0.118667 4.194613
0.121963 4.294688
0.125260 4.392311
0.128556 4.486984
0.131852 4.578087
0.135149 4.664883
0.138445 4.746522
0.141741 4.822057
0.145037 4.890474
0.148334 4.961219
0.151630 5.021734
0.154926 5.072069
0.158223 5.156848
0.161519 5.225658
0.164815 5.255352

0.164815 5.255352
0.168111 5.261985
0.171408 5.282198
0.174704 5.316614
0.178000 5.365467
0.181297 5.428186
0.184593 5.503472
0.187889 5.587491
0.191186 5.678409
0.194482 5.725463
0.197778 5.764575
0.201075 5.803887
0.204371 5.842739
0.207667 5.880582
0.210963 5.917004
0.214260 5.951738
0.217556 5.984671
0.220852 6.015843
0.224149 6.045447
0.227445 6.073817
0.230741 6.101415
0.234038 6.128809
0.237334 6.156657
0.240630 6.185670
0.243926 6.216593
0.247223 6.250163
0.250519 6.287082
0.253815 6.327983
0.257112 6.373398
0.260408 6.423729
0.263704 6.479228
0.267001 6.539979
0.270297 6.605887
0.273593 6.676674
0.276890 6.751883
0.280186 6.830889
0.283482 6.912913
0.286778 6.997041
0.290075 7.082246
0.293371 7.167410
0.296667 7.251346
0.299964 7.332817
0.303260 7.410561
0.306556 7.483298
0.309853 7.549759
0.313149 7.608698
0.316445 7.658920
0.319742 7.699327
0.323038 7.728958
0.326334 7.747060
0.329630 7.753150

0.329630 7.753150
0.332927 7.747060
0.336223 7.728958
0.339519 7.699327
0.342816 7.658920
0.346112 7.608698
0.349408 7.549759
0.352705 7.483298
0.356001 7.410561
0.359297 7.332817
0.362594 7.251346
0.365890 7.167410
0.369186 7.082246
0.372482 6.997041
0.375779 6.912913
0.379075 6.830889
0.382371 6.751883
0.385668 6.676674
0.388964 6.605887
0.392260 6.539979
0.395556 6.479228
0.398853 6.423729
0.402149 6.373398
0.405446 6.327983
0.408742 6.287082
0.412038 6.250163
0.415334 6.216593
0.418631 6.185670
0.421927 6.156657
0.425223 6.128809
0.428520 6.101415
0.431816 6.073817
0.435112 6.045447
0.438408 6.015843
0.441705 5.984671
0.445001 5.951738
0.448297 5.917004
0.451594 5.880582
0.454890 5.842739
0.458186 5.803887
0.461483 5.764575
0.464779 5.725463
0.468075 5.678409
0.471371 5.587491
0.474668 5.503472
0.477964 5.428186
0.481260 5.365467
0.484557 5.316614
0.487853 5.282198
0.491149 5.261985
0.494446 5.255352

0.494446 5.255352
0.497742 5.225658
0.501038 5.156848
0.504335 5.072069
0.507631 5.021734
0.510927 4.961219
0.514223 4.890474
0.517520 4.822057
0.520816 4.746522
0.524112 4.664883
0.527409 4.578087
0.530705 4.486984
0.534001 4.392311
0.537298 4.294688
0.540594 4.194613
0.543890 4.092467
0.547187 3.988518
0.550483 3.882931
0.553779 3.775777
0.557075 3.667042
0.560372 3.556643
0.563668 3.444435
0.566964 3.330235
0.570261 3.213829
0.573557 3.094996
0.576853 2.973521
0.580150 2.849211
0.583446 2.721915
0.586742 2.591530
0.590039 2.458008
0.593335 2.321359
0.596631 2.181640
0.599927 2.038936
0.603224 1.893330
0.606520 1.744851
0.609816 1.597565
0.613113 1.466885
0.616409 1.339672
0.619705 1.217669
0.623002 1.102838
0.626298 0.997125
0.629594 0.902234
0.632891 0.819517
0.636187 0.749865
0.639483 0.693546
0.642779 0.648616
0.646076 0.379306
0.649372 0.239842
0.652668 0.138836
0.655965 -0.024203
0.659261 -0.082762


0.000000 0.527786
0.003296 0.542954
0.006593 0.584063
0.009889 0.597666
0.013185 0.619287
0.016481 0.688541
0.019778 0.936674
0.023074 1.048441
0.026370 1.165260
0.029667 1.285863
0.032963 1.409250
0.036259 1.534590
0.039556 1.661153
0.042852 1.788284
0.046148 1.915375
0.049445 2.041867
0.052741 2.167246
0.056037 2.291055
0.059333 2.412901
0.062630 2.532466
0.065926 2.649521
0.069222 2.763926
0.072519 2.875634
0.075815 2.984693
0.079111 3.091230
0.082408 3.195444
0.085704 3.297589
0.089000 3.397953
0.092297 3.496839
0.095593 3.594544
0.098889 3.691340
0.102185 3.787451
0.105482 3.883039
0.108778 3.978190
0.112074 4.072898
0.115371 4.167054
0.118667 4.260443
0.121963 4.352731
0.125260 4.443465
0.128556 4.532069
0.131852 4.617846
0.135149 4.699984
0.138445 4.777569
0.141741 4.849600
0.145037 4.915020
0.148334 4.972749
0.151630 5.055323
0.154926 5.144062
0.158223 5.222808
0.161519 5.282439
0.164815 5.306572

0.164815 5.306572
0.168111 5.311206
0.171408 5.325542
0.174704 5.350836
0.178000 5.388856
0.181297 5.441073
0.184593 5.507717
0.187889 5.589666
0.191186 5.684702
0.194482 5.777976
0.197778 5.883808
0.201075 5.971762
0.204371 6.008060
0.207667 6.043209
0.210963 6.076803
0.214260 6.108582
0.217556 6.138438
0.220852 6.166413
0.224149 6.192704
0.227445 6.217646
0.230741 6.241702
0.234038 6.265444
0.237334 6.289531
0.240630 6.314681
0.243926 6.341645
0.247223 6.371171
0.250519 6.403973
0.253815 6.402863
0.257112 6.406519
0.260408 6.435087
0.263704 6.482283
0.267001 6.543294
0.270297 6.614609
0.273593 6.693571
0.276890 6.778044
0.280186 6.866203
0.283482 6.956423
0.286778 7.047218
0.290075 7.137219
0.293371 7.225161
0.296667 7.309888
0.299964 7.390346
0.303260 7.465550
0.306556 7.534004
0.309853 7.592408
0.313149 7.641749
0.316445 7.682229
0.319742 7.713575
0.323038 7.735717
0.326334 7.748823
0.329630 7.753150

0.329630 7.753150
0.332927 7.748823
0.336223 7.735717
0.339519 7.713575
0.342816 7.682229
0.346112 7.641749
0.349408 7.592408
0.352705 7.534004
0.356001 7.465550
0.359297 7.390346
0.362594 7.309888
0.365890 7.225161
0.369186 7.137219
0.372482 7.047218
0.375779 6.956423
0.379075 6.866203
0.382371 6.778044
0.385668 6.693571
0.388964 6.614609
0.392260 6.543294
0.395556 6.482283
0.398853 6.435087
0.402149 6.406519
0.405446 6.402863
0.408742 6.403973
0.412038 6.371171
0.415334 6.341645
0.418631 6.314681
0.421927 6.289531
0.425223 6.265444
0.428520 6.241702
0.431816 6.217646
0.435112 6.192704
0.438408 6.166413
0.441705 6.138438
0.445001 6.108582
0.448297 6.076803
0.451594 6.043209
0.454890 6.008060
0.458186 5.971762
0.461483 5.883808
0.464779 5.777976
0.468075 5.684702
0.471371 5.589666
0.474668 5.507717
0.477964 5.441073
0.481260 5.388856
0.484557 5.350836
0.487853 5.325542
0.491149 5.311206
0.494446 5.306572

0.494446 5.306572
0.497742 5.282439
0.501038 5.222808
0.504335 5.144062
0.507631 5.055323
0.510927 4.972749
0.514223 4.915020
0.517520 4.849600
0.520816 4.777569
0.524112 4.699984
0.527409 4.617846
0.530705 4.532069
0.534001 4.443465
0.537298 4.352731
0.540594 4.260443
0.543890 4.167054
0.547187 4.072898
0.550483 3.978190
0.553779 3.883039
0.557075 3.787451
0.560372 3.691340
0.563668 3.594544
0.566964 3.496839
0.570261 3.397953
0.573557 3.297589
0.576853 3.195444
0.580150 3.091230
0.583446 2.984693
0.586742 2.875634
0.590039 2.763926
0.593335 2.649521
0.596631 2.532466
0.599927 2.412901
0.603224 2.291055
0.606520 2.167246
0.609816 2.041867
0.613113 1.915375
0.616409 1.788284
0.619705 1.661153
0.623002 1.534590
0.626298 1.409250
0.629594 1.285863
0.632891 1.165260
0.636187 1.048441
0.639483 0.936674
0.642779 0.688541
0.646076 0.619287
0.649372 0.597666
0.652668 0.584063
0.655965 0.542954
0.659261 0.527786


0.000000 0.527786
0.003296 0.573220
0.006593 0.586241
0.009889 0.652412
0.013185 0.735773
0.016481 0.831657
0.019778 1.008478
0.023074 1.296801
0.026370 1.567188
0.029667 1.827017
0.032963 2.079817
0.036259 2.327294
0.039556 2.570188
0.042852 2.808668
0.046148 3.042537
0.049445 3.271355
0.052741 3.494523
0.056037 3.711340
0.059333 3.921063
0.062630 4.122953
0.065926 4.316316
0.069222 4.500537
0.072519 4.675098
0.075815 4.839588
0.079111 4.993695
0.082408 5.137201
0.085704 5.269960
0.089000 5.391888
0.092297 5.502941
0.095593 5.603108
0.098889 5.692398
0.102185 5.770836
0.105482 5.838465
0.108778 5.895338
0.112074 5.941525
0.115371 5.977119
0.118667 6.002234
0.121963 6.017014
0.125260 6.021637
0.128556 6.016321
0.131852 6.001334
0.135149 5.976998
0.138445 5.943708
0.141741 5.901948
0.145037 5.852324
0.148334 5.795627
0.151630 5.732963
0.154926 5.666095
0.158223 5.598493
0.161519 5.539005
0.164815 5.511500

0.164815 5.511500
0.168111 5.514697
0.171408 5.524195
0.174704 5.539711
0.178000 5.560794
0.181297 5.586848
0.184593 5.617156
0.187889 5.650922
0.191186 5.687307
0.194482 5.786638
0.197778 5.893384
0.201075 5.993585
0.204371 6.105039
0.207667 6.215843
0.210963 6.323126
0.214260 6.423034
0.217556 6.513458
0.220852 6.592407
0.224149 6.657022
0.227445 6.703902
0.230741 6.729207
0.234038 6.729007
0.237334 6.700362
0.240630 6.643844
0.243926 6.567525
0.247223 6.489242
0.250519 6.430298
0.253815 6.440701
0.257112 6.464373
0.260408 6.483799
0.263704 6.524265
0.267001 6.580248
0.270297 6.647661
0.273593 6.723443
0.276890 6.805182
0.280186 6.890862
0.283482 6.978721
0.286778 7.067165
0.290075 7.151437
0.293371 7.233332
0.296667 7.314153
0.299964 7.392672
0.303260 7.467629
0.306556 7.536643
0.309853 7.598407
0.313149 7.653842
0.316445 7.701651
0.319742 7.741135
0.323038 7.771334
0.326334 7.790741
0.329630 7.797519

0.329630 7.797519
0.332927 7.790741
0.336223 7.771334
0.339519 7.741135
0.342816 7.701651
0.346112 7.653842
0.349408 7.598407
0.352705 7.536643
0.356001 7.467629
0.359297 7.392672
0.362594 7.314153
0.365890 7.233332
0.369186 7.151437
0.372482 7.067165
0.375779 6.978721
0.379075 6.890862
0.382371 6.805182
0.385668 6.723443
0.388964 6.647661
0.392260 6.580248
0.395556 6.524265
0.398853 6.483799
0.402149 6.464373
0.405446 6.440701
0.408742 6.430298
0.412038 6.489242
0.415334 6.567525
0.418631 6.643844
0.421927 6.700362
0.425223 6.729007
0.428520 6.729207
0.431816 6.703902
0.435112 6.657022
0.438408 6.592407
0.441705 6.513458
0.445001 6.423034
0.448297 6.323126
0.451594 6.215843
0.454890 6.105039
0.458186 5.993585
0.461483 5.893384
0.464779 5.786638
0.468075 5.687307
0.471371 5.650922
0.474668 5.617156
0.477964 5.586848
0.481260 5.560794
0.484557 5.539711
0.487853 5.524195
0.491149 5.514697
0.494446 5.511500

0.494446 5.511500
0.497742 5.539005
0.501038 5.598493
0.504335 5.666095
0.507631 5.732963
0.510927 5.795627
0.514223 5.852324
0.517520 5.901948
0.520816 5.943708
0.524112 5.976998
0.527409 6.001334
0.530705 6.016321
0.534001 6.021637
0.537298 6.017014
0.540594 6.002234
0.543890 5.977119
0.547187 5.941525
0.550483 5.895338
0.553779 5.838465
0.557075 5.770836
0.560372 5.692398
0.563668 5.603108
0.566964 5.502941
0.570261 5.391888
0.573557 5.269960
0.576853 5.137201
0.580150 4.993695
0.583446 4.839588
0.586742 4.675098
0.590039 4.500537
0.593335 4.316316
0.596631 4.122953
0.599927 3.921063
0.603224 3.711340
0.606520 3.494523
0.609816 3.271355
0.613113 3.042537
0.616409 2.808668
0.619705 2.570188
0.623002 2.327294
0.626298 2.079817
0.629594 1.827017
0.632891 1.567188
0.636187 1.296801
0.639483 1.008478
0.642779 0.831657
0.646076 0.735773
0.649372 0.652412
0.652668 0.586241
0.655965 0.573220
0.659261 0.527786


0.000000 0.575459
0.003296 0.585252
0.006593 0.717501
0.009889 0.899431
0.013185 1.105184
0.016481 1.323698
0.019778 1.549458
0.023074 1.779419
0.026370 2.011670
0.029667 2.244855
0.032963 2.477893
0.036259 2.709843
0.039556 2.939828
0.042852 3.166990
0.046148 3.390467
0.049445 3.609376
0.052741 3.822808
0.056037 4.029845
0.059333 4.229582
0.062630 4.421168
0.065926 4.603840
0.069222 4.776963
0.072519 4.940049
0.075815 5.092762
0.079111 5.234909
0.082408 5.366420
0.085704 5.487319
0.089000 5.597699
0.092297 5.697691
0.095593 5.787447
0.098889 5.867121
0.102185 5.936859
0.105482 5.996795
0.108778 6.047044
0.112074 6.087708
0.115371 6.118874
0.118667 6.140623
0.121963 6.153038
0.125260 6.156209
0.128556 6.150252
0.131852 6.135324
0.135149 6.111644
0.138445 6.079525
0.141741 6.039416
0.145037 5.991963
0.148334 5.938129
0.151630 5.879422
0.154926 5.818399
0.158223 5.759861
0.161519 5.713338
0.164815 5.694491

0.164815 5.694491
0.168111 5.697548
0.171408 5.706625
0.174704 5.721447
0.178000 5.741573
0.181297 5.766417
0.184593 5.795278
0.187889 5.827376
0.191186 5.861887
0.194482 5.897980
0.197778 5.934851
0.201075 6.002854
0.204371 6.112966
0.207667 6.221713
0.210963 6.327582
0.214260 6.429888
0.217556 6.525923
0.220852 6.612406
0.224149 6.686257
0.227445 6.744064
0.230741 6.781907
0.234038 6.795444
0.237334 6.780613
0.240630 6.735650
0.243926 6.665049
0.247223 6.583614
0.250519 6.513714
0.253815 6.472682
0.257112 6.481905
0.260408 6.528009
0.263704 6.579289
0.267001 6.635852
0.270297 6.697627
0.273593 6.764359
0.276890 6.835613
0.280186 6.910780
0.283482 6.989094
0.286778 7.069654
0.290075 7.154731
0.293371 7.240068
0.296667 7.321928
0.299964 7.399175
0.303260 7.470828
0.306556 7.537764
0.309853 7.601827
0.313149 7.658605
0.316445 7.706949
0.319742 7.745811
0.323038 7.774286
0.326334 7.791672
0.329630 7.797519

0.329630 7.797519
0.332927 7.791672
0.336223 7.774286
0.339519 7.745811
0.342816 7.706949
0.346112 7.658605
0.349408 7.601827
0.352705 7.537764
0.356001 7.470828
0.359297 7.399175
0.362594 7.321928
0.365890 7.240068
0.369186 7.154731
0.372482 7.069654
0.375779 6.989094
0.379075 6.910780
0.382371 6.835613
0.385668 6.764359
0.388964 6.697627
0.392260 6.635852
0.395556 6.579289
0.398853 6.528009
0.402149 6.481905
0.405446 6.472682
0.408742 6.513714
0.412038 6.583614
0.415334 6.665049
0.418631 6.735650
0.421927 6.780613
0.425223 6.795444
0.428520 6.781907
0.431816 6.744064
0.435112 6.686257
0.438408 6.612406
0.441705 6.525923
0.445001 6.429888
0.448297 6.327582
0.451594 6.221713
0.454890 6.112966
0.458186 6.002854
0.461483 5.934851
0.464779 5.897980
0.468075 5.861887
0.471371 5.827376
0.474668 5.795278
0.477964 5.766417
0.481260 5.741573
0.484557 5.721447
0.487853 5.706625
0.491149 5.697548
0.494446 5.694491

0.494446 5.694491
0.497742 5.713338
0.501038 5.759861
0.504335 5.818399
0.507631 5.879422
0.510927 5.938129
0.514223 5.991963
0.517520 6.039416
0.520816 6.079525
0.524112 6.111644
0.527409 6.135324
0.530705 6.150252
0.534001 6.156209
0.537298 6.153038
0.540594 6.140623
0.543890 6.118874
0.547187 6.087708
0.550483 6.047044
0.553779 5.996795
0.557075 5.936859
0.560372 5.867121
0.563668 5.787447
0.566964 5.697691
0.570261 5.597699
0.573557 5.487319
0.576853 5.366420
0.580150 5.234909
0.583446 5.092762
0.586742 4.940049
0.590039 4.776963
0.593335 4.603840
0.596631 4.421168
0.599927 4.229582
0.603224 4.029845
0.606520 3.822808
0.609816 3.609376
0.613113 3.390467
0.616409 3.166990
0.619705 2.939828
0.623002 2.709843
0.626298 2.477893
0.629594 2.244855
0.632891 2.011670
0.636187 1.779419
0.639483 1.549458
0.642779 1.323698
0.646076 1.105184
0.649372 0.899431
0.652668 0.717501
0.655965 0.585252
0.659261 0.575459


0.000000 10.194982
0.003296 10.193536
0.006593 10.189218
0.009889 10.182101
0.013185 10.172296
0.016481 10.159960
0.019778 10.145283
0.023074 10.128488
0.026370 10.109835
0.029667 10.089626
0.032963 10.068227
0.036259 10.046085
0.039556 10.023752
0.042852 10.001882
0.046148 9.981222
0.049445 9.962563
0.052741 9.946689
0.056037 9.934306
0.059333 9.925982
0.062630 9.922096
0.065926 9.922804
0.069222 9.928035
0.072519 9.937489
0.075815 9.950665
0.079111 9.966890
0.082408 9.985359
0.085704 10.005179
0.089000 10.025411
0.092297 10.045114
0.095593 10.063382
0.098889 10.079380
0.102185 10.092373
0.105482 10.101747
0.108778 10.107031
0.112074 10.107907
0.115371 10.104219
0.118667 10.095975
0.121963 10.083348
0.125260 10.066672
0.128556 10.046434
0.131852 10.023266
0.135149 9.997929
0.138445 9.971297
0.141741 9.944334
0.145037 9.918064
0.148334 9.893531
0.151630 9.871758
0.154926 9.853692
0.158223 9.840148
0.161519 9.831755
0.164815 9.828912

0.164815 9.828912
0.168111 9.828400
0.171408 9.826892
0.174704 9.824470
0.178000 9.821254
0.181297 9.817385
0.184593 9.813008
0.187889 9.808245
0.191186 9.803182
0.194482 9.797855
0.197778 9.792240
0.201075 9.786257
0.204371 9.779767
0.207667 9.772584
0.210963 9.764486
0.214260 9.755225
0.217556 9.744540
0.220852 9.732176
0.224149 9.717894
0.227445 9.701487
0.230741 9.682789
0.234038 9.661684
0.237334 9.638118
0.240630 9.612104
0.243926 9.497402
0.247223 9.246617
0.250519 9.046313
0.253815 8.892051
0.257112 8.774824
0.260408 8.684669
0.263704 8.612995
0.267001 8.553334
0.270297 8.501208
0.273593 8.453711
0.276890 8.409084
0.280186 8.366369
0.283482 8.325143
0.286778 8.285328
0.290075 8.247043
0.293371 8.210504
0.296667 8.175957
0.299964 8.143640
0.303260 8.113771
0.306556 8.086538
0.309853 8.062108
0.313149 8.040597
0.316445 8.022023
0.319742 8.006302
0.323038 7.993535
0.326334 7.984649
0.329630 7.981367

0.329630 7.981367
0.332927 7.984649
0.336223 7.993535
0.339519 8.006302
0.342816 8.022023
0.346112 8.040597
0.349408 8.062108
0.352705 8.086538
0.356001 8.113771
0.359297 8.143640
0.362594 8.175957
0.365890 8.210504
0.369186 8.247043
0.372482 8.285328
0.375779 8.325143
0.379075 8.366369
0.382371 8.409084
0.385668 8.453711
0.388964 8.501208
0.392260 8.553334
0.395556 8.612995
0.398853 8.684669
0.402149 8.774824
0.405446 8.892051
0.408742 9.046313
0.412038 9.246617
0.415334 9.497402
0.418631 9.612104
0.421927 9.638118
0.425223 9.661684
0.428520 9.682789
0.431816 9.701487
0.435112 9.717894
0.438408 9.732176
0.441705 9.744540
0.445001 9.755225
0.448297 9.764486
0.451594 9.772584
0.454890 9.779767
0.458186 9.786257
0.461483 9.792240
0.464779 9.797855
0.468075 9.803182
0.471371 9.808245
0.474668 9.813008
0.477964 9.817385
0.481260 9.821254
0.484557 9.824470
0.487853 9.826892
0.491149 9.828400
0.494446 9.828912

0.494446 9.828912
0.497742 9.831755
0.501038 9.840148
0.504335 9.853692
0.507631 9.871758
0.510927 9.893531
0.514223 9.918064
0.517520 9.944334
0.520816 9.971297
0.524112 9.997929
0.527409 10.023266
0.530705 10.046434
0.534001 10.066672
0.537298 10.083348
0.540594 10.095975
0.543890 10.104219
0.547187 10.107907
0.550483 10.107031
0.553779 10.101747
0.557075 10.092373
0.560372 10.079380
0.563668 10.063382
0.566964 10.045114
0.570261 10.025411
0.573557 10.005179
0.576853 9.985359
0.580150 9.966890
0.583446 9.950665
0.586742 9.937489
0.590039 9.928035
0.593335 9.922804
0.596631 9.922096
0.599927 9.925982
0.603224 9.934306
0.606520 9.946689
0.609816 9.962563
0.613113 9.981222
0.616409 10.001882
0.619705 10.023752
0.623002 10.046085
0.626298 10.068227
0.629594 10.089626
0.632891 10.109835
0.636187 10.128488
0.639483 10.145283
0.642779 10.159960
0.646076 10.172296
0.649372 10.182101
0.652668 10.189218
0.655965 10.193536
0.659261 10.194982


0.000000 10.194982
0.003296 10.194140
0.006593 10.191769
0.009889 10.188336
0.013185 10.184601
0.016481 10.181601
0.019778 10.180602
0.023074 10.177371
0.026370 10.164407
0.029667 10.150509
0.032963 10.135876
0.036259 10.120751
0.039556 10.105455
0.042852 10.090416
0.046148 10.076175
0.049445 10.063368
0.052741 10.052676
0.056037 10.044759
0.059333 10.040183
0.062630 10.039359
0.065926 10.042501
0.069222 10.049602
0.072519 10.060439
0.075815 10.074586
0.079111 10.091446
0.082408 10.110289
0.085704 10.130296
0.089000 10.150599
0.092297 10.170328
0.095593 10.188644
0.098889 10.204777
0.102185 10.218050
0.105482 10.227906
0.108778 10.233923
0.112074 10.235822
0.115371 10.233481
0.118667 10.226928
0.121963 10.216343
0.125260 10.202053
0.128556 10.184523
0.131852 10.164340
0.135149 10.142205
0.138445 10.118912
0.141741 10.095327
0.145037 10.072359
0.148334 10.050928
0.151630 10.031926
0.154926 10.016174
0.158223 10.004374
0.161519 9.997067
0.164815 9.994592

0.164815 9.994592
0.168111 9.993783
0.171408 9.991396
0.174704 9.987549
0.178000 9.982421
0.181297 9.976226
0.184593 9.969187
0.187889 9.961510
0.191186 9.953360
0.194482 9.944848
0.197778 9.936015
0.201075 9.926837
0.204371 9.917221
0.207667 9.907017
0.210963 9.896027
0.214260 9.884017
0.217556 9.870733
0.220852 9.855916
0.224149 9.839314
0.227445 9.820697
0.230741 9.799869
0.234038 9.776680
0.237334 9.751034
0.240630 9.722898
0.243926 9.583721
0.247223 9.348297
0.250519 9.149368
0.253815 8.992601
0.257112 8.870123
0.260408 8.773290
0.263704 8.694534
0.267001 8.628035
0.270297 8.569671
0.273593 8.516704
0.276890 8.467428
0.280186 8.420867
0.283482 8.376533
0.286778 8.334245
0.290075 8.293989
0.293371 8.255827
0.296667 8.219839
0.299964 8.186090
0.303260 8.154627
0.306556 8.125500
0.309853 8.098806
0.313149 8.074760
0.316445 8.053791
0.319742 8.036613
0.323038 8.024051
0.326334 8.016570
0.329630 8.014116

0.329630 8.014116
0.332927 8.016570
0.336223 8.024051
0.339519 8.036613
0.342816 8.053791
0.346112 8.074760
0.349408 8.098806
0.352705 8.125500
0.356001 8.154627
0.359297 8.186090
0.362594 8.219839
0.365890 8.255827
0.369186 8.293989
0.372482 8.334245
0.375779 8.376533
0.379075 8.420867
0.382371 8.467428
0.385668 8.516704
0.388964 8.569671
0.392260 8.628035
0.395556 8.694534
0.398853 8.773290
0.402149 8.870123
0.405446 8.992601
0.408742 9.149368
0.412038 9.348297
0.415334 9.583721
0.418631 9.722898
0.421927 9.751034
0.425223 9.776680
0.428520 9.799869
0.431816 9.820697
0.435112 9.839314
0.438408 9.855916
0.441705 9.870733
0.445001 9.884017
0.448297 9.896027
0.451594 9.907017
0.454890 9.917221
0.458186 9.926837
0.461483 9.936015
0.464779 9.944848
0.468075 9.953360
0.471371 9.961510
0.474668 9.969187
0.477964 9.976226
0.481260 9.982421
0.484557 9.987549
0.487853 9.991396
0.491149 9.993783
0.494446 9.994592

0.494446 9.994592
0.497742 9.997067
0.501038 10.004374
0.504335 10.016174
0.507631 10.031926
0.510927 10.050928
0.514223 10.072359
0.517520 10.095327
0.520816 10.118912
0.524112 10.142205
0.527409 10.164340
0.530705 10.184523
0.534001 10.202053
0.537298 10.216343
0.540594 10.226928
0.543890 10.233481
0.547187 10.235822
0.550483 10.233923
0.553779 10.227906
0.557075 10.218050
0.560372 10.204777
0.563668 10.188644
0.566964 10.170328
0.570261 10.150599
0.573557 10.130296
0.576853 10.110289
0.580150 10.091446
0.583446 10.074586
0.586742 10.060439
0.590039 10.049602
0.593335 10.042501
0.596631 10.039359
0.599927 10.040183
0.603224 10.044759
0.606520 10.052676
0.609816 10.063368
0.613113 10.076175
0.616409 10.090416
0.619705 10.105455
0.623002 10.120751
0.626298 10.135876
0.629594 10.150509
0.632891 10.164407
0.636187 10.177371
0.639483 10.180602
0.642779 10.181601
0.646076 10.184601
0.649372 10.188336
0.652668 10.191769
0.655965 10.194140
0.659261 10.194982


0.000000 10.225789
0.003296 10.224636
0.006593 10.221342
0.009889 10.216028
0.013185 10.208746
0.016481 10.199739
0.019778 10.189213
0.023074 10.183050
0.026370 10.190523
0.029667 10.204820
0.032963 10.228166
0.036259 10.263153
0.039556 10.312310
0.042852 10.377661
0.046148 10.460304
0.049445 10.559977
0.052741 10.674602
0.056037 10.788644
0.059333 10.906251
0.062630 11.027494
0.065926 11.151259
0.069222 11.276830
0.072519 11.403470
0.075815 11.530194
0.079111 11.655749
0.082408 11.778690
0.085704 11.897500
0.089000 12.010689
0.092297 12.116892
0.095593 12.214925
0.098889 12.303835
0.102185 12.382924
0.105482 12.451759
0.108778 12.510178
0.112074 12.558274
0.115371 12.596383
0.118667 12.625058
0.121963 12.645043
0.125260 12.657236
0.128556 12.662662
0.131852 12.662429
0.135149 12.657692
0.138445 12.649621
0.141741 12.639358
0.145037 12.627993
0.148334 12.616529
0.151630 12.605856
0.154926 12.596735
0.158223 12.589774
0.161519 12.585417
0.164815 12.583934

0.164815 12.583934
0.168111 12.587218
0.171408 12.596930
0.174704 12.612654
0.178000 12.633727
0.181297 12.659275
0.184593 12.688257
0.187889 12.719519
0.191186 12.751838
0.194482 12.783969
0.197778 12.814686
0.201075 12.842814
0.204371 12.867263
0.207667 12.887044
0.210963 12.901294
0.214260 12.668721
0.217556 12.337802
0.220852 11.989022
0.224149 11.625284
0.227445 11.250802
0.230741 10.871479
0.234038 10.495320
0.237334 10.132680
0.240630 9.795871
0.243926 9.593622
0.247223 9.553121
0.250519 9.520520
0.253815 9.486202
0.257112 9.450504
0.260408 9.413806
0.263704 9.376524
0.267001 9.339088
0.270297 9.301930
0.273593 9.265464
0.276890 9.230074
0.280186 9.196092
0.283482 9.163795
0.286778 9.133388
0.290075 9.105010
0.293371 9.078729
0.296667 9.054556
0.299964 9.032459
0.303260 9.012383
0.306556 8.994275
0.309853 8.978119
0.313149 8.963956
0.316445 8.951903
0.319742 8.942152
0.323038 8.934938
0.326334 8.930495
0.329630 8.928993

0.329630 8.928993
0.332927 8.930495
0.336223 8.934938
0.339519 8.942152
0.342816 8.951903
0.346112 8.963956
0.349408 8.978119
0.352705 8.994275
0.356001 9.012383
0.359297 9.032459
0.362594 9.054556
0.365890 9.078729
0.369186 9.105010
0.372482 9.133388
0.375779 9.163795
0.379075 9.196092
0.382371 9.230074
0.385668 9.265464
0.388964 9.301930
0.392260 9.339088
0.395556 9.376524
0.398853 9.413806
0.402149 9.450504
0.405446 9.486202
0.408742 9.520520
0.412038 9.553121
0.415334 9.593622
0.418631 9.795871
0.421927 10.132680
0.425223 10.495320
0.428520 10.871479
0.431816 11.250802
0.435112 11.625284
0.438408 11.989022
0.441705 12.337802
0.445001 12.668721
0.448297 12.901294
0.451594 12.887044
0.454890 12.867263
0.458186 12.842814
0.461483 12.814686
0.464779 12.783969
0.468075 12.751838
0.471371 12.719519
0.474668 12.688257
0.477964 12.659275
0.481260 12.633727
0.484557 12.612654
0.487853 12.596930
0.491149 12.587218
0.494446 12.583934

0.494446 12.583934
0.497742 12.585417
0.501038 12.589774
0.504335 12.596735
0.507631 12.605856
0.510927 12.616529
0.514223 12.627993
0.517520 12.639358
0.520816 12.649621
0.524112 12.657692
0.527409 12.662429
0.530705 12.662662
0.534001 12.657236
0.537298 12.645043
0.540594 12.625058
0.543890 12.596383
0.547187 12.558274
0.550483 12.510178
0.553779 12.451759
0.557075 12.382924
0.560372 12.303835
0.563668 12.214925
0.566964 12.116892
0.570261 12.010689
0.573557 11.897500
0.576853 11.778690
0.580150 11.655749
0.583446 11.530194
0.586742 11.403470
0.590039 11.276830
0.593335 11.151259
0.596631 11.027494
0.599927 10.906251
0.603224 10.788644
0.606520 10.674602
0.609816 10.559977
0.613113 10.460304
0.616409 10.377661
0.619705 10.312310
0.623002 10.263153
0.626298 10.228166
0.629594 10.204820
0.632891 10.190523
0.636187 10.183050
0.639483 10.189213
0.642779 10.199739
0.646076 10.208746
0.649372 10.216028
0.652668 10.221342
0.655965 10.224636
0.659261 10.225789


0.000000 10.225789
0.003296 10.224680
0.006593 10.221392
0.009889 10.216399
0.013185 10.210631
0.016481 10.205199
0.019778 10.201611
0.023074 10.201746
0.026370 10.207829
0.029667 10.222250
0.032963 10.247187
0.036259 10.284396
0.039556 10.335219
0.042852 10.400448
0.046148 10.480034
0.049445 10.572842
0.052741 10.676795
0.056037 10.800987
0.059333 10.934033
0.062630 11.069763
0.065926 11.205463
0.069222 11.339938
0.072519 11.472739
0.075815 11.603443
0.079111 11.731328
0.082408 11.855365
0.085704 11.974339
0.089000 12.086984
0.092297 12.192105
0.095593 12.288658
0.098889 12.375808
0.102185 12.452960
0.105482 12.519774
0.108778 12.576163
0.112074 12.622283
0.115371 12.658522
0.118667 12.685470
0.121963 12.703899
0.125260 12.714727
0.128556 12.718988
0.131852 12.717795
0.135149 12.712302
0.138445 12.703668
0.141741 12.693022
0.145037 12.681429
0.148334 12.669861
0.151630 12.659176
0.154926 12.650095
0.158223 12.643192
0.161519 12.638882
0.164815 12.637418

0.164815 12.637418
0.168111 12.640532
0.171408 12.649746
0.174704 12.664672
0.178000 12.684691
0.181297 12.708980
0.184593 12.736558
0.187889 12.766323
0.191186 12.797100
0.194482 12.827685
0.197778 12.856883
0.201075 12.883539
0.204371 12.906573
0.207667 12.925002
0.210963 12.937961
0.214260 12.700576
0.217556 12.374257
0.220852 12.030369
0.224149 11.672034
0.227445 11.303732
0.230741 10.931637
0.234038 10.563908
0.237334 10.210727
0.240630 9.883627
0.243926 9.692308
0.247223 9.659368
0.250519 9.624255
0.253815 9.587214
0.257112 9.548553
0.260408 9.508634
0.263704 9.467864
0.267001 9.426676
0.270297 9.385517
0.273593 9.344830
0.276890 9.305036
0.280186 9.266520
0.283482 9.229617
0.286778 9.194602
0.290075 9.161688
0.293371 9.131029
0.296667 9.102722
0.299964 9.076826
0.303260 9.053376
0.306556 9.032401
0.309853 9.013937
0.313149 8.998044
0.316445 8.984805
0.319742 8.974325
0.323038 8.966721
0.326334 8.962105
0.329630 8.960556

0.329630 8.960556
0.332927 8.962105
0.336223 8.966721
0.339519 8.974325
0.342816 8.984805
0.346112 8.998044
0.349408 9.013937
0.352705 9.032401
0.356001 9.053376
0.359297 9.076826
0.362594 9.102722
0.365890 9.131029
0.369186 9.161688
0.372482 9.194602
0.375779 9.229617
0.379075 9.266520
0.382371 9.305036
0.385668 9.344830
0.388964 9.385517
0.392260 9.426676
0.395556 9.467864
0.398853 9.508634
0.402149 9.548553
0.405446 9.587214
0.408742 9.624255
0.412038 9.659368
0.415334 9.692308
0.418631 9.883627
0.421927 10.210727
0.425223 10.563908
0.428520 10.931637
0.431816 11.303732
0.435112 11.672034
0.438408 12.030369
0.441705 12.374257
0.445001 12.700576
0.448297 12.937961
0.451594 12.925002
0.454890 12.906573
0.458186 12.883539
0.461483 12.856883
0.464779 12.827685
0.468075 12.797100
0.471371 12.766323
0.474668 12.736558
0.477964 12.708980
0.481260 12.684691
0.484557 12.664672
0.487853 12.649746
0.491149 12.640532
0.494446 12.637418

0.494446 12.637418
0.497742 12.638882
0.501038 12.643192
0.504335 12.650095
0.507631 12.659176
0.510927 12.669861
0.514223 12.681429
0.517520 12.693022
0.520816 12.703668
0.524112 12.712302
0.527409 12.717795
0.530705 12.718988
0.534001 12.714727
0.537298 12.703899
0.540594 12.685470
0.543890 12.658522
0.547187 12.622283
0.550483 12.576163
0.553779 12.519774
0.557075 12.452960
0.560372 12.375808
0.563668 12.288658
0.566964 12.192105
0.570261 12.086984
0.573557 11.974339
0.576853 11.855365
0.580150 11.731328
0.583446 11.603443
0.586742 11.472739
0.590039 11.339938
0.593335 11.205463
0.596631 11.069763
0.599927 10.934033
0.603224 10.800987
0.606520 10.676795
0.609816 10.572842
0.613113 10.480034
0.616409 10.400448
0.619705 10.335219
0.623002 10.284396
0.626298 10.247187
0.629594 10.222250
0.632891 10.207829
0.636187 10.201746
0.639483 10.201611
0.642779 10.205199
0.646076 10.210631
0.649372 10.216399
0.652668 10.221392
0.655965 10.224680
0.659261 10.225789


0.000000 12.102610
0.003296 12.093936
0.006593 12.068313
0.009889 12.026937
0.013185 11.971757
0.016481 11.905405
0.019778 11.831102
0.023074 11.752523
0.026370 11.673698
0.029667 11.598997
0.032963 11.533051
0.036259 11.480485
0.039556 11.445627
0.042852 11.432420
0.046148 11.444492
0.049445 11.485358
0.052741 11.558602
0.056037 11.667784
0.059333 11.815736
0.062630 12.003345
0.065926 12.228656
0.069222 12.487092
0.072519 12.772502
0.075815 13.036515
0.079111 13.200215
0.082408 13.366296
0.085704 13.532513
0.089000 13.696697
0.092297 13.856805
0.095593 14.010960
0.098889 14.157490
0.102185 14.294957
0.105482 14.422180
0.108778 14.538251
0.112074 14.642549
0.115371 14.734735
0.118667 14.814758
0.121963 14.882837
0.125260 14.939445
0.128556 14.985288
0.131852 15.021271
0.135149 15.048461
0.138445 15.068048
0.141741 15.081295
0.145037 15.089488
0.148334 15.093885
0.151630 15.095662
0.154926 15.095862
0.158223 15.095351
0.161519 15.094776
0.164815 15.094539

0.164815 15.094539
0.168111 15.083195
0.171408 15.049310
0.174704 14.993284
0.178000 14.915668
0.181297 14.817018
0.184593 14.697756
0.187889 14.558038
0.191186 14.397587
0.194482 14.215648
0.197778 14.011777
0.201075 13.786188
0.204371 13.538981
0.207667 13.270155
0.210963 12.979882
0.214260 12.909288
0.217556 12.910450
0.220852 12.904361
0.224149 12.890760
0.227445 12.869550
0.230741 12.840784
0.234038 12.804668
0.237334 12.761545
0.240630 12.711881
0.243926 12.656248
0.247223 12.595305
0.250519 12.529777
0.253815 12.460432
0.257112 12.388059
0.260408 12.313451
0.263704 12.237386
0.267001 12.160620
0.270297 12.083879
0.273593 12.007854
0.276890 11.933200
0.280186 11.860526
0.283482 11.790389
0.286778 11.723292
0.290075 11.659680
0.293371 11.599942
0.296667 11.544417
0.299964 11.493398
0.303260 11.447134
0.306556 11.405841
0.309853 11.369701
0.313149 11.338868
0.316445 11.313469
0.319742 11.293608
0.323038 11.279364
0.326334 11.270795
0.329630 11.267935

0.329630 11.267935
0.332927 11.270795
0.336223 11.279364
0.339519 11.293608
0.342816 11.313469
0.346112 11.338868
0.349408 11.369701
0.352705 11.405841
0.356001 11.447134
0.359297 11.493398
0.362594 11.544417
0.365890 11.599942
0.369186 11.659680
0.372482 11.723292
0.375779 11.790389
0.379075 11.860526
0.382371 11.933200
0.385668 12.007854
0.388964 12.083879
0.392260 12.160620
0.395556 12.237386
0.398853 12.313451
0.402149 12.388059
0.405446 12.460432
0.408742 12.529777
0.412038 12.595305
0.415334 12.656248
0.418631 12.711881
0.421927 12.761545
0.425223 12.804668
0.428520 12.840784
0.431816 12.869550
0.435112 12.890760
0.438408 12.904361
0.441705 12.910450
0.445001 12.909288
0.448297 12.979882
0.451594 13.270155
0.454890 13.538981
0.458186 13.786188
0.461483 14.011777
0.464779 14.215648
0.468075 14.397587
0.471371 14.558038
0.474668 14.697756
0.477964 14.817018
0.481260 14.915668
0.484557 14.993284
0.487853 15.049310
0.491149 15.083195
0.494446 15.094539

0.494446 15.094539
0.497742 15.094776
0.501038 15.095351
0.504335 15.095862
0.507631 15.095662
0.510927 15.093885
0.514223 15.089488
0.517520 15.081295
0.520816 15.068048
0.524112 15.048461
0.527409 15.021271
0.530705 14.985288
0.534001 14.939445
0.537298 14.882837
0.540594 14.814758
0.543890 14.734735
0.547187 14.642549
0.550483 14.538251
0.553779 14.422180
0.557075 14.294957
0.560372 14.157490
0.563668 14.010960
0.566964 13.856805
0.570261 13.696697
0.573557 13.532513
0.576853 13.366296
0.580150 13.200215
0.583446 13.036515
0.586742 12.772502
0.590039 12.487092
0.593335 12.228656
0.596631 12.003345
0.599927 11.815736
0.603224 11.667784
0.606520 11.558602
0.609816 11.485358
0.613113 11.444492
0.616409 11.432420
0.619705 11.445627
0.623002 11.480485
0.626298 11.533051
0.629594 11.598997
0.632891 11.673698
0.636187 11.752523
0.639483 11.831102
0.642779 11.905405
0.646076 11.971757
0.649372 12.026937
0.652668 12.068313
0.655965 12.093936
0.659261 12.102610


0.000000 12.102610
0.003296 12.099291
0.006593 12.089535
0.009889 12.053124
0.013185 11.995742
0.016481 11.926970
0.019778 11.850412
0.023074 11.770288
0.026370 11.691256
0.029667 11.618108
0.032963 11.555494
0.036259 11.507885
0.039556 11.479630
0.042852 11.474979
0.046148 11.498086
0.049445 11.552961
0.052741 11.643217
0.056037 11.771492
0.059333 11.938677
0.062630 12.143417
0.065926 12.382242
0.069222 12.650202
0.072519 12.877464
0.075815 13.078171
0.079111 13.258841
0.082408 13.421366
0.085704 13.583938
0.089000 13.744478
0.092297 13.901021
0.095593 14.051762
0.098889 14.195091
0.102185 14.329621
0.105482 14.454216
0.108778 14.568002
0.112074 14.670379
0.115371 14.761026
0.118667 14.839891
0.121963 14.907187
0.125260 14.963368
0.128556 15.009112
0.131852 15.045288
0.135149 15.072918
0.138445 15.093141
0.141741 15.107161
0.145037 15.116202
0.148334 15.121460
0.151630 15.124045
0.154926 15.124944
0.158223 15.124971
0.161519 15.124735
0.164815 15.124614

0.164815 15.124614
0.168111 15.112758
0.171408 15.077378
0.174704 15.018988
0.178000 14.938307
0.181297 14.836102
0.184593 14.713062
0.187889 14.569744
0.191186 14.406659
0.194482 14.224340
0.197778 14.022666
0.201075 13.800693
0.204371 13.557642
0.207667 13.293152
0.210963 13.007277
0.214260 12.944720
0.217556 12.944694
0.220852 12.937454
0.224149 12.922730
0.227445 12.900412
0.230741 12.870547
0.234038 12.833333
0.237334 12.789111
0.240630 12.738346
0.243926 12.681620
0.247223 12.619608
0.250519 12.553063
0.253815 12.482791
0.257112 12.409639
0.260408 12.334466
0.263704 12.258128
0.267001 12.181450
0.270297 12.105215
0.273593 12.030136
0.276890 11.956856
0.280186 11.885943
0.283482 11.817891
0.286778 11.753130
0.290075 11.692032
0.293371 11.634915
0.296667 11.582049
0.299964 11.533661
0.303260 11.489942
0.306556 11.451050
0.309853 11.417112
0.313149 11.388235
0.316445 11.364502
0.319742 11.345978
0.323038 11.332712
0.326334 11.324740
0.329630 11.322080

0.329630 11.322080
0.332927 11.324740
0.336223 11.332712
0.339519 11.345978
0.342816 11.364502
0.346112 11.388235
0.349408 11.417112
0.352705 11.451050
0.356001 11.489942
0.359297 11.533661
0.362594 11.582049
0.365890 11.634915
0.369186 11.692032
0.372482 11.753130
0.375779 11.817891
0.379075 11.885943
0.382371 11.956856
0.385668 12.030136
0.388964 12.105215
0.392260 12.181450
0.395556 12.258128
0.398853 12.334466
0.402149 12.409639
0.405446 12.482791
0.408742 12.553063
0.412038 12.619608
0.415334 12.681620
0.418631 12.738346
0.421927 12.789111
0.425223 12.833333
0.428520 12.870547
0.431816 12.900412
0.435112 12.922730
0.438408 12.937454
0.441705 12.944694
0.445001 12.944720
0.448297 13.007277
0.451594 13.293152
0.454890 13.557642
0.458186 13.800693
0.461483 14.022666
0.464779 14.224340
0.468075 14.406659
0.471371 14.569744
0.474668 14.713062
0.477964 14.836102
0.481260 14.938307
0.484557 15.018988
0.487853 15.077378
0.491149 15.112758
0.494446 15.124614

0.494446 15.124614
0.497742 15.124735
0.501038 15.124971
0.504335 15.124944
0.507631 15.124045
0.510927 15.121460
0.514223 15.116202
0.517520 15.107161
0.520816 15.093141
0.524112 15.072918
0.527409 15.045288
0.530705 15.009112
0.534001 14.963368
0.537298 14.907187
0.540594 14.839891
0.543890 14.761026
0.547187 14.670379
0.550483 14.568002
0.553779 14.454216
0.557075 14.329621
0.560372 14.195091
0.563668 14.051762
0.566964 13.901021
0.570261 13.744478
0.573557 13.583938
0.576853 13.421366
0.580150 13.258841
0.583446 13.078171
0.586742 12.877464
0.590039 12.650202
0.593335 12.382242
0.596631 12.143417
0.599927 11.938677
0.603224 11.771492
0.606520 11.643217
0.609816 11.552961
0.613113 11.498086
0.616409 11.474979
0.619705 11.479630
0.623002 11.507885
0.626298 11.555494
0.629594 11.618108
0.632891 11.691256
0.636187 11.770288
0.639483 11.850412
0.642779 11.926970
0.646076 11.995742
0.649372 12.053124
0.652668 12.089535
0.655965 12.099291
0.659261 12.102610


0.000000 12.131999
0.003296 12.122949
0.006593 12.096229
0.009889 12.073941
0.013185 12.053500
0.016481 12.029581
0.019778 12.003907
0.023074 11.978515
0.026370 11.955693
0.029667 11.937891
0.032963 11.927606
0.036259 11.927246
0.039556 11.938991
0.042852 11.964661
0.046148 12.005611
0.049445 12.062670
0.052741 12.136120
0.056037 12.225720
0.059333 12.330746
0.062630 12.450059
0.065926 12.582168
0.069222 12.725300
0.072519 12.941567
0.075815 13.098515
0.079111 13.397413
0.082408 13.723813
0.085704 14.051283
0.089000 14.374036
0.092297 14.686491
0.095593 14.983119
0.098889 15.258204
0.102185 15.505594
0.105482 15.718738
0.108778 15.891756
0.112074 16.022036
0.115371 16.112548
0.118667 16.170718
0.121963 16.204935
0.125260 16.222192
0.128556 16.227645
0.131852 16.224995
0.135149 16.216962
0.138445 16.205622
0.141741 16.192607
0.145037 16.179217
0.148334 16.166477
0.151630 16.155174
0.154926 16.145885
0.158223 16.139007
0.161519 16.134790
0.164815 16.133370

0.164815 16.133370
0.168111 16.134391
0.171408 16.137421
0.174704 16.142371
0.178000 16.149092
0.181297 16.157384
0.184593 16.167002
0.187889 16.177664
0.191186 16.189060
0.194482 16.200864
0.197778 16.212744
0.201075 16.224371
0.204371 16.235431
0.207667 16.245635
0.210963 16.254725
0.214260 16.262484
0.217556 16.268737
0.220852 16.273359
0.224149 16.276273
0.227445 16.277455
0.230741 16.276926
0.234038 16.274759
0.237334 16.271065
0.240630 16.265997
0.243926 16.259738
0.247223 16.252499
0.250519 16.244511
0.253815 16.236015
0.257112 16.227257
0.260408 16.218479
0.263704 16.209914
0.267001 16.201773
0.270297 16.194246
0.273593 16.187488
0.276890 16.162997
0.280186 16.140620
0.283482 16.124477
0.286778 16.114104
0.290075 16.108905
0.293371 16.108176
0.296667 16.111143
0.299964 16.116991
0.303260 16.124894
0.306556 16.134046
0.309853 16.143685
0.313149 16.153112
0.316445 16.161709
0.319742 16.168956
0.323038 16.174435
0.326334 16.177845
0.329630 16.179002

0.329630 16.179002
0.332927 16.177845
0.336223 16.174435
0.339519 16.168956
0.342816 16.161709
0.346112 16.153112
0.349408 16.143685
0.352705 16.134046
0.356001 16.124894
0.359297 16.116991
0.362594 16.111143
0.365890 16.108176
0.369186 16.108905
0.372482 16.114104
0.375779 16.124477
0.379075 16.140620
0.382371 16.162997
0.385668 16.187488
0.388964 16.194246
0.392260 16.201773
0.395556 16.209914
0.398853 16.218479
0.402149 16.227257
0.405446 16.236015
0.408742 16.244511
0.412038 16.252499
0.415334 16.259738
0.418631 16.265997
0.421927 16.271065
0.425223 16.274759
0.428520 16.276926
0.431816 16.277455
0.435112 16.276273
0.438408 16.273359
0.441705 16.268737
0.445001 16.262484
0.448297 16.254725
0.451594 16.245635
0.454890 16.235431
0.458186 16.224371
0.461483 16.212744
0.464779 16.200864
0.468075 16.189060
0.471371 16.177664
0.474668 16.167002
0.477964 16.157384
0.481260 16.149092
0.484557 16.142371
0.487853 16.137421
0.491149 16.134391
0.494446 16.133370

0.494446 16.133370
0.497742 16.134790
0.501038 16.139007
0.504335 16.145885
0.507631 16.155174
0.510927 16.166477
0.514223 16.179217
0.517520 16.192607
0.520816 16.205622
0.524112 16.216962
0.527409 16.224995
0.530705 16.227645
0.534001 16.222192
0.537298 16.204935
0.540594 16.170718
0.543890 16.112548
0.547187 16.022036
0.550483 15.891756
0.553779 15.718738
0.557075 15.505594
0.560372 15.258204
0.563668 14.983119
0.566964 14.686491
0.570261 14.374036
0.573557 14.051283
0.576853 13.723813
0.580150 13.397413
0.583446 13.098515
0.586742 12.941567
0.590039 12.725300
0.593335 12.582168
0.596631 12.450059
0.599927 12.330746
0.603224 12.225720
0.606520 12.136120
0.609816 12.062670
0.613113 12.005611
0.616409 11.964661
0.619705 11.938991
0.623002 11.927246
0.626298 11.927606
0.629594 11.937891
0.632891 11.955693
0.636187 11.978515
0.639483 12.003907
0.642779 12.029581
0.646076 12.053500
0.649372 12.073941
0.652668 12.096229
0.655965 12.122949
0.659261 12.131999


0.000000 12.131999
0.003296 12.128810
0.006593 12.119465
0.009889 12.104628
0.013185 12.085382
0.016481 12.063194
0.019778 12.039865
0.023074 12.017463
0.026370 11.998238
0.029667 11.984533
0.032963 11.978669
0.036259 11.982828
0.039556 11.998942
0.042852 12.028582
0.046148 12.072892
0.049445 12.132542
0.052741 12.207720
0.056037 12.298152
0.059333 12.403138
0.062630 12.521601
0.065926 12.652139
0.069222 12.793083
0.072519 12.942553
0.075815 13.250318
0.079111 13.570431
0.082408 13.896005
0.085704 14.221305
0.089000 14.540738
0.092297 14.848766
0.095593 15.139725
0.098889 15.407579
0.102185 15.645715
0.105482 15.847252
0.108778 16.006741
0.112074 16.123274
0.115371 16.202066
0.118667 16.251886
0.121963 16.281127
0.125260 16.296061
0.128556 16.301007
0.131852 16.298994
0.135149 16.292268
0.138445 16.282594
0.141741 16.271394
0.145037 16.259825
0.148334 16.248806
0.151630 16.239036
0.154926 16.231021
0.158223 16.225098
0.161519 16.221474
0.164815 16.220255

0.164815 16.220255
0.168111 16.221204
0.171408 16.224021
0.174704 16.228616
0.178000 16.234844
0.181297 16.242509
0.184593 16.251369
0.187889 16.261150
0.191186 16.271546
0.194482 16.282241
0.197778 16.292909
0.201075 16.303231
0.204371 16.312906
0.207667 16.321655
0.210963 16.329234
0.214260 16.335439
0.217556 16.340114
0.220852 16.343149
0.224149 16.344487
0.227445 16.344124
0.230741 16.342102
0.234038 16.338514
0.237334 16.333493
0.240630 16.327209
0.243926 16.319865
0.247223 16.311687
0.250519 16.302917
0.253815 16.293807
0.257112 16.284607
0.260408 16.275561
0.263704 16.266899
0.267001 16.258826
0.270297 16.227458
0.273593 16.191904
0.276890 16.181622
0.280186 16.176732
0.283482 16.172861
0.286778 16.170015
0.290075 16.168157
0.293371 16.167218
0.296667 16.167097
0.299964 16.167665
0.303260 16.168777
0.306556 16.170274
0.309853 16.171991
0.313149 16.173768
0.316445 16.175456
0.319742 16.176919
0.323038 16.178047
0.326334 16.178759
0.329630 16.179002

0.329630 16.179002
0.332927 16.178759
0.336223 16.178047
0.339519 16.176919
0.342816 16.175456
0.346112 16.173768
0.349408 16.171991
0.352705 16.170274
0.356001 16.168777
0.359297 16.167665
0.362594 16.167097
0.365890 16.167218
0.369186 16.168157
0.372482 16.170015
0.375779 16.172861
0.379075 16.176732
0.382371 16.181622
0.385668 16.191904
0.388964 16.227458
0.392260 16.258826
0.395556 16.266899
0.398853 16.275561
0.402149 16.284607
0.405446 16.293807
0.408742 16.302917
0.412038 16.311687
0.415334 16.319865
0.418631 16.327209
0.421927 16.333493
0.425223 16.338514
0.428520 16.342102
0.431816 16.344124
0.435112 16.344487
0.438408 16.343149
0.441705 16.340114
0.445001 16.335439
0.448297 16.329234
0.451594 16.321655
0.454890 16.312906
0.458186 16.303231
0.461483 16.292909
0.464779 16.282241
0.468075 16.271546
0.471371 16.261150
0.474668 16.251369
0.477964 16.242509
0.481260 16.234844
0.484557 16.228616
0.487853 16.224021
0.491149 16.221204
0.494446 16.220255

0.494446 16.220255
0.497742 16.221474
0.501038 16.225098
0.504335 16.231021
0.507631 16.239036
0.510927 16.248806
0.514223 16.259825
0.517520 16.271394
0.520816 16.282594
0.524112 16.292268
0.527409 16.298994
0.530705 16.301007
0.534001 16.296061
0.537298 16.281127
0.540594 16.251886
0.543890 16.202066
0.547187 16.123274
0.550483 16.006741
0.553779 15.847252
0.557075 15.645715
0.560372 15.407579
0.563668 15.139725
0.566964 14.848766
0.570261 14.540738
0.573557 14.221305
0.576853 13.896005
0.580150 13.570431
0.583446 13.250318
0.586742 12.942553
0.590039 12.793083
0.593335 12.652139
0.596631 12.521601
0.599927 12.403138
0.603224 12.298152
0.606520 12.207720
0.609816 12.132542
0.613113 12.072892
0.616409 12.028582
0.619705 11.998942
0.623002 11.982828
0.626298 11.978669
0.629594 11.984533
0.632891 11.998238
0.636187 12.017463
0.639483 12.039865
0.642779 12.063194
0.646076 12.085382
0.649372 12.104628
0.652668 12.119465
0.655965 12.128810
0.659261 12.131999


0.000000 18.948158
0.003296 18.938063
0.006593 18.907955
0.009889 18.858363
0.013185 18.790166
0.016481 18.704580
0.019778 18.603145
0.023074 18.487700
0.026370 18.360348
0.029667 18.223415
0.032963 18.079402
0.036259 17.930927
0.039556 17.780660
0.042852 17.631258
0.046148 17.485293
0.049445 17.345182
0.052741 17.213120
0.056037 17.091017
0.059333 16.980444
0.062630 16.882597
0.065926 16.798264
0.069222 16.727823
0.072519 16.671248
0.075815 16.628144
0.079111 16.597798
0.082408 16.579256
0.085704 16.571433
0.089000 16.573261
0.092297 16.583892
0.095593 16.602987
0.098889 16.631083
0.102185 16.670000
0.105482 16.722946
0.108778 16.793488
0.112074 16.882651
0.115371 16.986140
0.118667 17.095510
0.121963 17.202165
0.125260 17.299892
0.128556 17.385134
0.131852 17.456378
0.135149 17.513506
0.138445 17.557329
0.141741 17.589265
0.145037 17.611109
0.148334 17.624858
0.151630 17.632555
0.154926 17.636144
0.158223 17.637338
0.161519 17.637479
0.164815 17.637428

0.164815 17.637428
0.168111 17.639179
0.171408 17.643941
0.174704 17.650316
0.178000 17.656261
0.181297 17.659472
0.184593 17.657833
0.187889 17.649796
0.191186 17.634555
0.194482 17.611966
0.197778 17.582278
0.201075 17.545777
0.204371 17.502482
0.207667 17.452338
0.210963 17.396169
0.214260 17.335587
0.217556 17.271908
0.220852 17.205882
0.224149 17.137917
0.227445 17.068273
0.230741 16.997180
0.234038 16.924913
0.237334 16.851839
0.240630 16.778447
0.243926 16.705350
0.247223 16.633280
0.250519 16.563059
0.253815 16.495561
0.257112 16.431670
0.260408 16.372228
0.263704 16.317989
0.267001 16.269578
0.270297 16.251520
0.273593 16.245126
0.276890 16.239751
0.280186 16.228570
0.283482 16.209749
0.286778 16.196830
0.290075 16.189257
0.293371 16.186356
0.296667 16.187369
0.299964 16.191490
0.303260 16.197895
0.306556 16.205771
0.309853 16.214346
0.313149 16.222908
0.316445 16.230824
0.319742 16.237559
0.323038 16.242683
0.326334 16.245884
0.329630 16.246972

0.329630 16.246972
0.332927 16.245884
0.336223 16.242683
0.339519 16.237559
0.342816 16.230824
0.346112 16.222908
0.349408 16.214346
0.352705 16.205771
0.356001 16.197895
0.359297 16.191490
0.362594 16.187369
0.365890 16.186356
0.369186 16.189257
0.372482 16.196830
0.375779 16.209749
0.379075 16.228570
0.382371 16.239751
0.385668 16.245126
0.388964 16.251520
0.392260 16.269578
0.395556 16.317989
0.398853 16.372228
0.402149 16.431670
0.405446 16.495561
0.408742 16.563059
0.412038 16.633280
0.415334 16.705350
0.418631 16.778447
0.421927 16.851839
0.425223 16.924913
0.428520 16.997180
0.431816 17.068273
0.435112 17.137917
0.438408 17.205882
0.441705 17.271908
0.445001 17.335587
0.448297 17.396169
0.451594 17.452338
0.454890 17.502482
0.458186 17.545777
0.461483 17.582278
0.464779 17.611966
0.468075 17.634555
0.471371 17.649796
0.474668 17.657833
0.477964 17.659472
0.481260 17.656261
0.484557 17.650316
0.487853 17.643941
0.491149 17.639179
0.494446 17.637428

0.494446 17.637428
0.497742 17.637479
0.501038 17.637338
0.504335 17.636144
0.507631 17.632555
0.510927 17.624858
0.514223 17.611109
0.517520 17.589265
0.520816 17.557329
0.524112 17.513506
0.527409 17.456378
0.530705 17.385134
0.534001 17.299892
0.537298 17.202165
0.540594 17.095510
0.543890 16.986140
0.547187 16.882651
0.550483 16.793488
0.553779 16.722946
0.557075 16.670000
0.560372 16.631083
0.563668 16.602987
0.566964 16.583892
0.570261 16.573261
0.573557 16.571433
0.576853 16.579256
0.580150 16.597798
0.583446 16.628144
0.586742 16.671248
0.590039 16.727823
0.593335 16.798264
0.596631 16.882597
0.599927 16.980444
0.603224 17.091017
0.606520 17.213120
0.609816 17.345182
0.613113 17.485293
0.616409 17.631258
0.619705 17.780660
0.623002 17.930927
0.626298 18.079402
0.629594 18.223415
0.632891 18.360348
0.636187 18.487700
0.639483 18.603145
0.642779 18.704580
0.646076 18.790166
0.649372 18.858363
0.652668 18.907955
0.655965 18.938063
0.659261 18.948158


0.000000 18.984545
0.003296 18.974692
0.006593 18.945307
0.009889 18.896914
0.013185 18.830373
0.016481 18.746874
0.019778 18.647911
0.023074 18.535265
0.026370 18.410967
0.029667 18.277265
0.032963 18.136575
0.036259 17.991429
0.039556 17.844412
0.042852 17.698096
0.046148 17.554973
0.049445 17.417384
0.052741 17.287455
0.056037 17.167036
0.059333 17.057654
0.062630 16.960475
0.065926 16.876283
0.069222 16.805484
0.072519 16.748120
0.075815 16.703918
0.079111 16.672350
0.082408 16.652734
0.085704 16.644351
0.089000 16.646605
0.092297 16.659221
0.095593 16.682497
0.098889 16.717598
0.102185 16.766765
0.105482 16.832972
0.108778 16.918277
0.112074 17.021050
0.115371 17.134871
0.118667 17.251011
0.121963 17.361783
0.125260 17.462006
0.128556 17.548852
0.131852 17.621243
0.135149 17.679306
0.138445 17.723981
0.141741 17.756744
0.145037 17.779409
0.148334 17.793958
0.151630 17.802400
0.154926 17.806634
0.158223 17.808324
0.161519 17.808776
0.164815 17.808830

0.164815 17.808830
0.168111 17.809909
0.171408 17.812356
0.174704 17.813968
0.178000 17.811715
0.181297 17.802772
0.184593 17.785503
0.187889 17.759705
0.191186 17.726147
0.194482 17.686027
0.197778 17.640683
0.201075 17.591567
0.204371 17.540315
0.207667 17.488414
0.210963 17.436193
0.214260 17.382893
0.217556 17.327779
0.220852 17.270471
0.224149 17.210799
0.227445 17.148714
0.230741 17.084272
0.234038 17.017648
0.237334 16.949166
0.240630 16.879306
0.243926 16.808710
0.247223 16.738165
0.250519 16.668569
0.253815 16.600891
0.257112 16.536119
0.260408 16.475209
0.263704 16.419029
0.267001 16.368317
0.270297 16.323643
0.273593 16.285382
0.276890 16.253703
0.280186 16.235462
0.283482 16.232283
0.286778 16.230199
0.290075 16.229155
0.293371 16.229061
0.296667 16.229794
0.299964 16.231207
0.303260 16.233135
0.306556 16.235399
0.309853 16.237820
0.313149 16.240222
0.316445 16.242439
0.319742 16.244327
0.323038 16.245766
0.326334 16.246666
0.329630 16.246972

0.329630 16.246972
0.332927 16.246666
0.336223 16.245766
0.339519 16.244327
0.342816 16.242439
0.346112 16.240222
0.349408 16.237820
0.352705 16.235399
0.356001 16.233135
0.359297 16.231207
0.362594 16.229794
0.365890 16.229061
0.369186 16.229155
0.372482 16.230199
0.375779 16.232283
0.379075 16.235462
0.382371 16.253703
0.385668 16.285382
0.388964 16.323643
0.392260 16.368317
0.395556 16.419029
0.398853 16.475209
0.402149 16.536119
0.405446 16.600891
0.408742 16.668569
0.412038 16.738165
0.415334 16.808710
0.418631 16.879306
0.421927 16.949166
0.425223 17.017648
0.428520 17.084272
0.431816 17.148714
0.435112 17.210799
0.438408 17.270471
0.441705 17.327779
0.445001 17.382893
0.448297 17.436193
0.451594 17.488414
0.454890 17.540315
0.458186 17.591567
0.461483 17.640683
0.464779 17.686027
0.468075 17.726147
0.471371 17.759705
0.474668 17.785503
0.477964 17.802772
0.481260 17.811715
0.484557 17.813968
0.487853 17.812356
0.491149 17.809909
0.494446 17.808830

0.494446 17.808830
0.497742 17.808776
0.501038 17.808324
0.504335 17.806634
0.507631 17.802400
0.510927 17.793958
0.514223 17.779409
0.517520 17.756744
0.520816 17.723981
0.524112 17.679306
0.527409 17.621243
0.530705 17.548852
0.534001 17.462006
0.537298 17.361783
0.540594 17.251011
0.543890 17.134871
0.547187 17.021050
0.550483 16.918277
0.553779 16.832972
0.557075 16.766765
0.560372 16.717598
0.563668 16.682497
0.566964 16.659221
0.570261 16.646605
0.573557 16.644351
0.576853 16.652734
0.580150 16.672350
0.583446 16.703918
0.586742 16.748120
0.590039 16.805484
0.593335 16.876283
0.596631 16.960475
0.599927 17.057654
0.603224 17.167036
0.606520 17.287455
0.609816 17.417384
0.613113 17.554973
0.616409 17.698096
0.619705 17.844412
0.623002 17.991429
0.626298 18.136575
0.629594 18.277265
0.632891 18.410967
0.636187 18.535265
0.639483 18.647911
0.642779 18.746874
0.646076 18.830373
0.649372 18.896914
0.652668 18.945307
0.655965 18.974692
0.659261 18.984545


0.000000 20.341616
0.003296 20.336128
0.006593 20.319797
0.009889 20.293016
0.013185 20.256427
0.016481 20.210903
0.019778 20.157522
0.023074 20.097531
0.026370 20.032318
0.029667 19.963365
0.032963 19.892207
0.036259 19.820391
0.039556 19.749424
0.042852 19.680731
0.046148 19.615614
0.049445 19.555204
0.052741 19.500425
0.056037 19.451966
0.059333 19.410247
0.062630 19.375405
0.065926 19.347285
0.069222 19.325445
0.072519 19.309172
0.075815 19.297503
0.079111 19.289273
0.082408 19.283149
0.085704 19.277691
0.089000 19.271405
0.092297 19.262803
0.095593 19.250466
0.098889 19.233097
0.102185 19.209578
0.105482 19.179020
0.108778 19.140803
0.112074 19.094608
0.115371 19.040445
0.118667 18.978665
0.121963 18.909961
0.125260 18.835357
0.128556 18.756192
0.131852 18.674078
0.135149 18.590861
0.138445 18.508559
0.141741 18.429292
0.145037 18.355209
0.148334 18.288400
0.151630 18.230807
0.154926 18.184135
0.158223 18.149778
0.161519 18.128753
0.164815 18.121676

0.164815 18.121676
0.168111 18.122611
0.171408 18.125960
0.174704 18.133226
0.178000 18.146410
0.181297 18.167128
0.184593 18.195793
0.187889 18.231498
0.191186 18.272576
0.194482 18.317207
0.197778 18.363770
0.201075 18.410925
0.204371 18.457531
0.207667 18.502189
0.210963 18.542882
0.214260 18.580246
0.217556 18.616099
0.220852 18.651223
0.224149 18.686134
0.227445 18.721340
0.230741 18.757366
0.234038 18.794722
0.237334 18.833877
0.240630 18.875227
0.243926 18.919082
0.247223 18.965652
0.250519 19.015050
0.253815 19.067288
0.257112 19.122291
0.260408 19.179900
0.263704 19.239883
0.267001 19.301942
0.270297 19.365719
0.273593 19.430804
0.276890 19.496736
0.280186 19.563014
0.283482 19.629096
0.286778 19.694408
0.290075 19.758346
0.293371 19.820287
0.296667 19.879593
0.299964 19.935624
0.303260 19.987746
0.306556 20.035345
0.309853 20.077845
0.313149 20.114725
0.316445 20.145530
0.319742 20.169885
0.323038 20.187494
0.326334 20.198146
0.329630 20.201711

0.329630 20.201711
0.332927 20.198146
0.336223 20.187494
0.339519 20.169885
0.342816 20.145530
0.346112 20.114725
0.349408 20.077845
0.352705 20.035345
0.356001 19.987746
0.359297 19.935624
0.362594 19.879593
0.365890 19.820287
0.369186 19.758346
0.372482 19.694408
0.375779 19.629096
0.379075 19.563014
0.382371 19.496736
0.385668 19.430804
0.388964 19.365719
0.392260 19.301942
0.395556 19.239883
0.398853 19.179900
0.402149 19.122291
0.405446 19.067288
0.408742 19.015050
0.412038 18.965652
0.415334 18.919082
0.418631 18.875227
0.421927 18.833877
0.425223 18.794722
0.428520 18.757366
0.431816 18.721340
0.435112 18.686134
0.438408 18.651223
0.441705 18.616099
0.445001 18.580246
0.448297 18.542882
0.451594 18.502189
0.454890 18.457531
0.458186 18.410925
0.461483 18.363770
0.464779 18.317207
0.468075 18.272576
0.471371 18.231498
0.474668 18.195793
0.477964 18.167128
0.481260 18.146410
0.484557 18.133226
0.487853 18.125960
0.491149 18.122611
0.494446 18.121676

0.494446 18.121676
0.497742 18.128753
0.501038 18.149778
0.504335 18.184135
0.507631 18.230807
0.510927 18.288400
0.514223 18.355209
0.517520 18.429292
0.520816 18.508559
0.524112 18.590861
0.527409 18.674078
0.530705 18.756192
0.534001 18.835357
0.537298 18.909961
0.540594 18.978665
0.543890 19.040445
0.547187 19.094608
0.550483 19.140803
0.553779 19.179020
0.557075 19.209578
0.560372 19.233097
0.563668 19.250466
0.566964 19.262803
0.570261 19.271405
0.573557 19.277691
0.576853 19.283149
0.580150 19.289273
0.583446 19.297503
0.586742 19.309172
0.590039 19.325445
0.593335 19.347285
0.596631 19.375405
0.599927 19.410247
0.603224 19.451966
0.606520 19.500425
0.609816 19.555204
0.613113 19.615614
0.616409 19.680731
0.619705 19.749424
0.623002 19.820391
0.626298 19.892207
0.629594 19.963365
0.632891 20.032318
0.636187 20.097531
0.639483 20.157522
0.642779 20.210903
0.646076 20.256427
0.649372 20.293016
0.652668 20.319797
0.655965 20.336128
0.659261 20.341616


0.000000 20.387740
0.003296 20.382204
0.006593 20.365729
0.009889 20.338717
0.013185 20.301824
0.016481 20.255941
0.019778 20.202170
0.023074 20.141796
0.026370 20.076244
0.029667 20.007048
0.032963 19.935799
0.036259 19.864100
0.039556 19.793519
0.042852 19.725531
0.046148 19.661471
0.049445 19.602487
0.052741 19.549496
0.056037 19.503153
0.059333 19.463822
0.062630 19.431571
0.065926 19.406165
0.069222 19.387080
0.072519 19.373522
0.075815 19.364463
0.079111 19.358681
0.082408 19.354806
0.085704 19.351378
0.089000 19.346902
0.092297 19.339906
0.095593 19.329000
0.098889 19.312929
0.102185 19.290622
0.105482 19.261241
0.108778 19.224212
0.112074 19.179259
0.115371 19.126424
0.118667 19.066076
0.121963 18.998915
0.125260 18.925961
0.128556 18.848531
0.131852 18.768211
0.135149 18.686809
0.138445 18.606298
0.141741 18.528753
0.145037 18.456274
0.148334 18.390900
0.151630 18.334527
0.154926 18.288825
0.158223 18.255162
0.161519 18.234551
0.164815 18.227611

0.164815 18.227611
0.168111 18.228575
0.171408 18.231665
0.174704 18.237440
0.178000 18.246706
0.181297 18.260320
0.184593 18.278910
0.187889 18.302641
0.191186 18.331115
0.194482 18.363480
0.197778 18.398658
0.201075 18.435601
0.204371 18.473552
0.207667 18.512560
0.210963 18.553821
0.214260 18.596372
0.217556 18.638486
0.220852 18.679818
0.224149 18.720546
0.227445 18.761024
0.230741 18.801677
0.234038 18.842944
0.237334 18.885242
0.240630 18.928941
0.243926 18.974345
0.247223 19.021685
0.250519 19.071106
0.253815 19.122678
0.257112 19.176390
0.260408 19.232157
0.263704 19.289828
0.267001 19.349187
0.270297 19.409961
0.273593 19.471821
0.276890 19.534390
0.280186 19.597241
0.283482 19.659908
0.286778 19.721886
0.290075 19.782635
0.293371 19.841592
0.296667 19.898174
0.299964 19.951788
0.303260 20.001842
0.306556 20.047751
0.309853 20.088948
0.313149 20.124894
0.316445 20.155087
0.319742 20.179079
0.323038 20.196498
0.326334 20.207064
0.329630 20.210606

0.329630 20.210606
0.332927 20.207064
0.336223 20.196498
0.339519 20.179079
0.342816 20.155087
0.346112 20.124894
0.349408 20.088948
0.352705 20.047751
0.356001 20.001842
0.359297 19.951788
0.362594 19.898174
0.365890 19.841592
0.369186 19.782635
0.372482 19.721886
0.375779 19.659908
0.379075 19.597241
0.382371 19.534390
0.385668 19.471821
0.388964 19.409961
0.392260 19.349187
0.395556 19.289828
0.398853 19.232157
0.402149 19.176390
0.405446 19.122678
0.408742 19.071106
0.412038 19.021685
0.415334 18.974345
0.418631 18.928941
0.421927 18.885242
0.425223 18.842944
0.428520 18.801677
0.431816 18.761024
0.435112 18.720546
0.438408 18.679818
0.441705 18.638486
0.445001 18.596372
0.448297 18.553821
0.451594 18.512560
0.454890 18.473552
0.458186 18.435601
0.461483 18.398658
0.464779 18.363480
0.468075 18.331115
0.471371 18.302641
0.474668 18.278910
0.477964 18.260320
0.481260 18.246706
0.484557 18.237440
0.487853 18.231665
0.491149 18.228575
0.494446 18.227611

0.494446 18.227611
0.497742 18.234551
0.501038 18.255162
0.504335 18.288825
0.507631 18.334527
0.510927 18.390900
0.514223 18.456274
0.517520 18.528753
0.520816 18.606298
0.524112 18.686809
0.527409 18.768211
0.530705 18.848531
0.534001 18.925961
0.537298 18.998915
0.540594 19.066076
0.543890 19.126424
0.547187 19.179259
0.550483 19.224212
0.553779 19.261241
0.557075 19.290622
0.560372 19.312929
0.563668 19.329000
0.566964 19.339906
0.570261 19.346902
0.573557 19.351378
0.576853 19.354806
0.580150 19.358681
0.583446 19.364463
0.586742 19.373522
0.590039 19.387080
0.593335 19.406165
0.596631 19.431571
0.599927 19.463822
0.603224 19.503153
0.606520 19.549496
0.609816 19.602487
0.613113 19.661471
0.616409 19.725531
0.619705 19.793519
0.623002 19.864100
0.626298 19.935799
0.629594 20.007048
0.632891 20.076244
0.636187 20.141796
0.639483 20.202170
0.642779 20.255941
0.646076 20.301824
0.649372 20.338717
0.652668 20.365729
0.655965 20.382204
0.659261 20.387740



