# distance  frequency (bands are separated by blank lines)
# End points of segments: 
#   0.00000000 0.15664160 0.31328320 0.46992480 0.62656640 
0.000000 -0.045244
0.003133 -0.112706
0.006266 0.090350
0.009399 0.228957
0.012531 0.340636
0.015664 0.430459
0.018797 0.516898
0.021930 0.602922
0.025063 0.688508
0.028195 0.773608
0.031328 0.858158
0.034461 0.942076
0.037594 1.019521
0.040727 1.080902
0.043860 1.136473
0.046992 1.186159
0.050125 1.229985
0.053258 1.268106
0.056391 1.300820
0.059524 1.328593
0.062657 1.352067
0.065790 1.372067
0.068922 1.389596
0.072055 1.405815
0.075188 1.422005
0.078321 1.439514
0.081454 1.459683
0.084586 1.483766
0.087719 1.512836
0.090852 1.547710
0.093985 1.588887
0.097118 1.636515
0.100251 1.690390
0.103384 1.749989
0.106516 1.814515
0.109649 1.882961
0.112782 1.954175
0.115915 2.026922
0.119048 2.099936
0.122180 2.171963
0.125313 2.241801
0.128446 2.308324
0.131579 2.370504
0.134712 2.427422
0.137845 2.478280
0.140977 2.522399
0.144110 2.559219
0.147243 2.588299
0.150376 2.609301
0.153509 2.621994
0.156642 2.626240

0.156642 2.626240
0.159774 2.622660
0.162907 2.615626
0.166040 2.609080
0.169173 2.604205
0.172306 2.601143
0.175439 2.599804
0.178571 2.600091
0.181704 2.601957
0.184837 2.605407
0.187970 2.610485
0.191103 2.617262
0.194236 2.625813
0.197368 2.636214
0.200501 2.648522
0.203634 2.662777
0.206767 2.678988
0.209900 2.697138
0.213033 2.717179
0.216165 2.739033
0.219298 2.762597
0.222431 2.787746
0.225564 2.814333
0.228697 2.842199
0.231830 2.871172
0.234962 2.901072
0.238095 2.931713
0.241228 2.962906
0.244361 2.994463
0.247494 3.026194
0.250627 3.057916
0.253759 3.089448
0.256892 3.120618
0.260025 3.151259
0.263158 3.181216
0.266291 3.210343
0.269424 3.238502
0.272556 3.265564
0.275689 3.291408
0.278822 3.315917
0.281955 3.338972
0.285088 3.360456
0.288221 3.380245
0.291353 3.398207
0.294486 3.414201
0.297619 3.428083
0.300752 3.439705
0.303885 3.448923
0.307018 3.455611
0.310150 3.459668
0.313283 3.461027

0.313283 3.461027
0.316416 3.459668
0.319549 3.455611
0.322682 3.448923
0.325815 3.439705
0.328947 3.428083
0.332080 3.414201
0.335213 3.398207
0.338346 3.380245
0.341479 3.360456
0.344612 3.338972
0.347744 3.315917
0.350877 3.291408
0.354010 3.265564
0.357143 3.238502
0.360276 3.210343
0.363409 3.181216
0.366541 3.151259
0.369674 3.120618
0.372807 3.089448
0.375940 3.057916
0.379073 3.026194
0.382205 2.994463
0.385338 2.962906
0.388471 2.931713
0.391604 2.901072
0.394737 2.871172
0.397870 2.842199
0.401002 2.814333
0.404135 2.787746
0.407268 2.762597
0.410401 2.739033
0.413534 2.717179
0.416667 2.697138
0.419799 2.678988
0.422932 2.662777
0.426065 2.648522
0.429198 2.636214
0.432331 2.625813
0.435464 2.617262
0.438597 2.610485
0.441729 2.605407
0.444862 2.601957
0.447995 2.600091
0.451128 2.599804
0.454261 2.601143
0.457394 2.604205
0.460526 2.609080
0.463659 2.615626
0.466792 2.622660
0.469925 2.626240

0.469925 2.626240
0.473058 2.621994
0.476191 2.609301
0.479323 2.588299
0.482456 2.559219
0.485589 2.522399
0.488722 2.478280
0.491855 2.427422
0.494988 2.370504
0.498120 2.308324
0.501253 2.241801
0.504386 2.171963
0.507519 2.099936
0.510652 2.026922
0.513784 1.954175
0.516917 1.882961
0.520050 1.814515
0.523183 1.749989
0.526316 1.690390
0.529449 1.636515
0.532582 1.588887
0.535714 1.547710
0.538847 1.512836
0.541980 1.483766
0.545113 1.459683
0.548246 1.439514
0.551378 1.422005
0.554511 1.405815
0.557644 1.389596
0.560777 1.372067
0.563910 1.352067
0.567043 1.328593
0.570175 1.300820
0.573308 1.268106
0.576441 1.229985
0.579574 1.186159
0.582707 1.136473
0.585840 1.080902
0.588972 1.019521
0.592105 0.942076
0.595238 0.858158
0.598371 0.773608
0.601504 0.688508
0.604637 0.602922
0.607769 0.516898
0.610902 0.430459
0.614035 0.340636
0.617168 0.228957
0.620301 0.090350
0.623434 -0.112706
0.626566 -0.045244


0.000000 -0.045244
0.003133 0.074016
0.006266 0.167449
0.009399 0.256102
0.012531 0.343577
0.015664 0.443370
0.018797 0.540303
0.021930 0.632352
0.025063 0.719725
0.028195 0.802346
0.031328 0.880014
0.034461 0.952488
0.037594 1.025273
0.040727 1.107646
0.043860 1.189081
0.046992 1.269456
0.050125 1.348638
0.053258 1.426489
0.056391 1.502865
0.059524 1.577616
0.062657 1.650595
0.065790 1.721653
0.068922 1.790647
0.072055 1.857438
0.075188 1.921899
0.078321 1.983914
0.081454 2.043379
0.084586 2.100206
0.087719 2.154326
0.090852 2.205684
0.093985 2.254244
0.097118 2.299986
0.100251 2.342909
0.103384 2.383025
0.106516 2.420363
0.109649 2.454960
0.112782 2.486869
0.115915 2.516148
0.119048 2.542862
0.122180 2.567082
0.125313 2.588880
0.128446 2.608330
0.131579 2.625505
0.134712 2.640473
0.137845 2.653300
0.140977 2.664046
0.144110 2.672763
0.147243 2.679494
0.150376 2.684277
0.153509 2.687136
0.156642 2.688087

0.156642 2.688087
0.159774 2.697107
0.162907 2.720396
0.166040 2.753814
0.169173 2.795864
0.172306 2.845980
0.175439 2.903746
0.178571 2.968678
0.181704 3.040189
0.184837 3.117600
0.187970 3.200159
0.191103 3.287070
0.194236 3.377503
0.197368 3.470618
0.200501 3.565567
0.203634 3.661512
0.206767 3.757625
0.209900 3.853100
0.213033 3.947159
0.216165 4.039056
0.219298 4.113097
0.222431 4.123554
0.225564 4.135665
0.228697 4.149549
0.231830 4.165290
0.234962 4.182927
0.238095 4.202449
0.241228 4.223790
0.244361 4.246832
0.247494 4.271406
0.250627 4.297298
0.253759 4.324257
0.256892 4.352003
0.260025 4.380240
0.263158 4.408662
0.266291 4.436963
0.269424 4.464845
0.272556 4.492025
0.275689 4.518238
0.278822 4.543237
0.281955 4.566798
0.285088 4.588720
0.288221 4.608821
0.291353 4.626940
0.294486 4.642936
0.297619 4.656685
0.300752 4.668081
0.303885 4.677036
0.307018 4.683483
0.310150 4.687372
0.313283 4.688671

0.313283 4.688671
0.316416 4.687372
0.319549 4.683483
0.322682 4.677036
0.325815 4.668081
0.328947 4.656685
0.332080 4.642936
0.335213 4.626940
0.338346 4.608821
0.341479 4.588720
0.344612 4.566798
0.347744 4.543237
0.350877 4.518238
0.354010 4.492025
0.357143 4.464845
0.360276 4.436963
0.363409 4.408662
0.366541 4.380240
0.369674 4.352003
0.372807 4.324257
0.375940 4.297298
0.379073 4.271406
0.382205 4.246832
0.385338 4.223790
0.388471 4.202449
0.391604 4.182927
0.394737 4.165290
0.397870 4.149549
0.401002 4.135665
0.404135 4.123554
0.407268 4.113097
0.410401 4.039056
0.413534 3.947159
0.416667 3.853100
0.419799 3.757625
0.422932 3.661512
0.426065 3.565567
0.429198 3.470618
0.432331 3.377503
0.435464 3.287070
0.438597 3.200159
0.441729 3.117600
0.444862 3.040189
0.447995 2.968678
0.451128 2.903746
0.454261 2.845980
0.457394 2.795864
0.460526 2.753814
0.463659 2.720396
0.466792 2.697107
0.469925 2.688087

0.469925 2.688087
0.473058 2.687136
0.476191 2.684277
0.479323 2.679494
0.482456 2.672763
0.485589 2.664046
0.488722 2.653300
0.491855 2.640473
0.494988 2.625505
0.498120 2.608330
0.501253 2.588880
0.504386 2.567082
0.507519 2.542862
0.510652 2.516148
0.513784 2.486869
0.516917 2.454960
0.520050 2.420363
0.523183 2.383025
0.526316 2.342909
0.529449 2.299986
0.532582 2.254244
0.535714 2.205684
0.538847 2.154326
0.541980 2.100206
0.545113 2.043379
0.548246 1.983914
0.551378 1.921899
0.554511 1.857438
0.557644 1.790647
0.560777 1.721653
0.563910 1.650595
0.567043 1.577616
0.570175 1.502865
0.573308 1.426489
0.576441 1.348638
0.579574 1.269456
0.582707 1.189081
0.585840 1.107646
0.588972 1.025273
0.592105 0.952488
0.595238 0.880014
0.598371 0.802346
0.601504 0.719725
0.604637 0.632352
0.607769 0.540303
0.610902 0.443370
0.614035 0.343577
0.617168 0.256102
0.620301 0.167449
0.623434 0.074016
0.626566 -0.045244


0.000000 -0.011570
0.003133 0.243544
0.006266 0.428883
0.009399 0.615828
0.012531 0.803082
0.015664 0.988700
0.018797 1.171212
0.021930 1.349476
0.025063 1.522548
0.028195 1.689619
0.031328 1.849984
0.034461 2.003028
0.037594 2.148228
0.040727 2.285150
0.043860 2.413460
0.046992 2.532930
0.050125 2.643442
0.053258 2.745002
0.056391 2.837745
0.059524 2.921939
0.062657 2.997989
0.065790 3.066429
0.068922 3.127917
0.072055 3.183209
0.075188 3.233144
0.078321 3.278607
0.081454 3.320496
0.084586 3.359688
0.087719 3.397004
0.090852 3.433180
0.093985 3.468844
0.097118 3.504494
0.100251 3.540494
0.103384 3.577070
0.106516 3.614312
0.109649 3.652184
0.112782 3.690538
0.115915 3.729127
0.119048 3.767622
0.122180 3.805628
0.125313 3.842698
0.128446 3.878351
0.131579 3.912082
0.134712 3.943381
0.137845 3.971744
0.140977 3.996690
0.144110 4.017776
0.147243 4.034614
0.150376 4.046883
0.153509 4.054342
0.156642 4.056846

0.156642 4.056846
0.159774 4.056928
0.162907 4.057175
0.166040 4.057589
0.169173 4.058172
0.172306 4.058928
0.175439 4.059864
0.178571 4.060989
0.181704 4.062316
0.184837 4.063862
0.187970 4.065654
0.191103 4.067730
0.194236 4.070137
0.197368 4.072942
0.200501 4.076229
0.203634 4.080099
0.206767 4.084678
0.209900 4.090105
0.213033 4.096539
0.216165 4.104146
0.219298 4.128087
0.222431 4.213599
0.225564 4.294990
0.228697 4.371722
0.231830 4.443325
0.234962 4.509400
0.238095 4.569623
0.241228 4.623749
0.244361 4.671614
0.247494 4.713132
0.250627 4.748296
0.253759 4.777180
0.256892 4.799932
0.260025 4.816777
0.263158 4.828012
0.266291 4.834005
0.269424 4.835189
0.272556 4.832061
0.275689 4.825176
0.278822 4.815138
0.281955 4.802599
0.285088 4.788243
0.288221 4.772777
0.291353 4.756919
0.294486 4.741380
0.297619 4.726846
0.300752 4.713955
0.303885 4.703278
0.307018 4.695288
0.310150 4.690344
0.313283 4.688671

0.313283 4.688671
0.316416 4.690344
0.319549 4.695288
0.322682 4.703278
0.325815 4.713955
0.328947 4.726846
0.332080 4.741380
0.335213 4.756919
0.338346 4.772777
0.341479 4.788243
0.344612 4.802599
0.347744 4.815138
0.350877 4.825176
0.354010 4.832061
0.357143 4.835189
0.360276 4.834005
0.363409 4.828012
0.366541 4.816777
0.369674 4.799932
0.372807 4.777180
0.375940 4.748296
0.379073 4.713132
0.382205 4.671614
0.385338 4.623749
0.388471 4.569623
0.391604 4.509400
0.394737 4.443325
0.397870 4.371722
0.401002 4.294990
0.404135 4.213599
0.407268 4.128087
0.410401 4.104146
0.413534 4.096539
0.416667 4.090105
0.419799 4.084678
0.422932 4.080099
0.426065 4.076229
0.429198 4.072942
0.432331 4.070137
0.435464 4.067730
0.438597 4.065654
0.441729 4.063862
0.444862 4.062316
0.447995 4.060989
0.451128 4.059864
0.454261 4.058928
0.457394 4.058172
0.460526 4.057589
0.463659 4.057175
0.466792 4.056928
0.469925 4.056846

0.469925 4.056846
0.473058 4.054342
0.476191 4.046883
0.479323 4.034614
0.482456 4.017776
0.485589 3.996690
0.488722 3.971744
0.491855 3.943381
0.494988 3.912082
0.498120 3.878351
0.501253 3.842698
0.504386 3.805628
0.507519 3.767622
0.510652 3.729127
0.513784 3.690538
0.516917 3.652184
0.520050 3.614312
0.523183 3.577070
0.526316 3.540494
0.529449 3.504494
0.532582 3.468844
0.535714 3.433180
0.538847 3.397004
0.541980 3.359688
0.545113 3.320496
0.548246 3.278607
0.551378 3.233144
0.554511 3.183209
0.557644 3.127917
0.560777 3.066429
0.563910 2.997989
0.567043 2.921939
0.570175 2.837745
0.573308 2.745002
0.576441 2.643442
0.579574 2.532930
0.582707 2.413460
0.585840 2.285150
0.588972 2.148228
0.592105 2.003028
0.595238 1.849984
0.598371 1.689619
0.601504 1.522548
0.604637 1.349476
0.607769 1.171212
0.610902 0.988700
0.614035 0.803082
0.617168 0.615828
0.620301 0.428883
0.623434 0.243544
0.626566 -0.011570


0.000000 8.073135
0.003133 8.070478
0.006266 8.062574
0.009399 8.049622
0.012531 8.031953
0.015664 8.010024
0.018797 7.984421
0.021930 7.955844
0.025063 7.925112
0.028195 7.893142
0.031328 7.860949
0.034461 7.829627
0.037594 7.800333
0.040727 7.774270
0.043860 7.752663
0.046992 7.736735
0.050125 7.727674
0.053258 7.726603
0.056391 7.734549
0.059524 7.752400
0.062657 7.780883
0.065790 7.820527
0.068922 7.871645
0.072055 7.934319
0.075188 8.008397
0.078321 8.093492
0.081454 8.189004
0.084586 8.294133
0.087719 8.407907
0.090852 8.529214
0.093985 8.656827
0.097118 8.701716
0.100251 8.726991
0.103384 8.751838
0.106516 8.776121
0.109649 8.799697
0.112782 8.822428
0.115915 8.844178
0.119048 8.864816
0.122180 8.884223
0.125313 8.902286
0.128446 8.918907
0.131579 8.933996
0.134712 8.947476
0.137845 8.959281
0.140977 8.969357
0.144110 8.977658
0.147243 8.984150
0.150376 8.988805
0.153509 8.991606
0.156642 8.992540

0.156642 8.992540
0.159774 8.987186
0.162907 8.971305
0.166040 8.945418
0.169173 8.910325
0.172306 8.867018
0.175439 8.816600
0.178571 8.760213
0.181704 8.698991
0.184837 8.634023
0.187970 8.566341
0.191103 8.496906
0.194236 8.426604
0.197368 8.356249
0.200501 8.286575
0.203634 8.218241
0.206767 8.151824
0.209900 8.087818
0.213033 8.026638
0.216165 7.968616
0.219298 7.914000
0.222431 7.862965
0.225564 7.815610
0.228697 7.771972
0.231830 7.732027
0.234962 7.695703
0.238095 7.662887
0.241228 7.633434
0.244361 7.607173
0.247494 7.583919
0.250627 7.563472
0.253759 7.545627
0.256892 7.530173
0.260025 7.516900
0.263158 7.505599
0.266291 7.496064
0.269424 7.488095
0.272556 7.481499
0.275689 7.476090
0.278822 7.471698
0.281955 7.468161
0.285088 7.465338
0.288221 7.463100
0.291353 7.461339
0.294486 7.459965
0.297619 7.458906
0.300752 7.458103
0.303885 7.457517
0.307018 7.457117
0.310150 7.456884
0.313283 7.456808

0.313283 7.456808
0.316416 7.456884
0.319549 7.457117
0.322682 7.457517
0.325815 7.458103
0.328947 7.458906
0.332080 7.459965
0.335213 7.461339
0.338346 7.463100
0.341479 7.465338
0.344612 7.468161
0.347744 7.471698
0.350877 7.476090
0.354010 7.481499
0.357143 7.488095
0.360276 7.496064
0.363409 7.505599
0.366541 7.516900
0.369674 7.530173
0.372807 7.545627
0.375940 7.563472
0.379073 7.583919
0.382205 7.607173
0.385338 7.633434
0.388471 7.662887
0.391604 7.695703
0.394737 7.732027
0.397870 7.771972
0.401002 7.815610
0.404135 7.862965
0.407268 7.914000
0.410401 7.968616
0.413534 8.026638
0.416667 8.087818
0.419799 8.151824
0.422932 8.218241
0.426065 8.286575
0.429198 8.356249
0.432331 8.426604
0.435464 8.496906
0.438597 8.566341
0.441729 8.634023
0.444862 8.698991
0.447995 8.760213
0.451128 8.816600
0.454261 8.867018
0.457394 8.910325
0.460526 8.945418
0.463659 8.971305
0.466792 8.987186
0.469925 8.992540

0.469925 8.992540
0.473058 8.991606
0.476191 8.988805
0.479323 8.984150
0.482456 8.977658
0.485589 8.969357
0.488722 8.959281
0.491855 8.947476
0.494988 8.933996
0.498120 8.918907
0.501253 8.902286
0.504386 8.884223
0.507519 8.864816
0.510652 8.844178
0.513784 8.822428
0.516917 8.799697
0.520050 8.776121
0.523183 8.751838
0.526316 8.726991
0.529449 8.701716
0.532582 8.656827
0.535714 8.529214
0.538847 8.407907
0.541980 8.294133
0.545113 8.189004
0.548246 8.093492
0.551378 8.008397
0.554511 7.934319
0.557644 7.871645
0.560777 7.820527
0.563910 7.780883
0.567043 7.752400
0.570175 7.734549
0.573308 7.726603
0.576441 7.727674
0.579574 7.736735
0.582707 7.752663
0.585840 7.774270
0.588972 7.800333
0.592105 7.829627
0.595238 7.860949
0.598371 7.893142
0.601504 7.925112
0.604637 7.955844
0.607769 7.984421
0.610902 8.010024
0.614035 8.031953
0.617168 8.049622
0.620301 8.062574
0.623434 8.070478
0.626566 8.073135


0.000000 8.073135
0.003133 8.074540
0.006266 8.078728
0.009399 8.085614
0.012531 8.095063
0.015664 8.106897
0.018797 8.120899
0.021930 8.136832
0.025063 8.154442
0.028195 8.173473
0.031328 8.193677
0.034461 8.214823
0.037594 8.236706
0.040727 8.259150
0.043860 8.282010
0.046992 8.305178
0.050125 8.328579
0.053258 8.352165
0.056391 8.375917
0.059524 8.399834
0.062657 8.423929
0.065790 8.448225
0.068922 8.472742
0.072055 8.497499
0.075188 8.522503
0.078321 8.547749
0.081454 8.573213
0.084586 8.598855
0.087719 8.624613
0.090852 8.650410
0.093985 8.676148
0.097118 8.789435
0.100251 8.925672
0.103384 9.064141
0.106516 9.203439
0.109649 9.342174
0.112782 9.478984
0.115915 9.612551
0.119048 9.741613
0.122180 9.864974
0.125313 9.981512
0.128446 10.090187
0.131579 10.190045
0.134712 10.280224
0.137845 10.359955
0.140977 10.428567
0.144110 10.485488
0.147243 10.530250
0.150376 10.562485
0.153509 10.581932
0.156642 10.588432

0.156642 10.588432
0.159774 10.590893
0.162907 10.598126
0.166040 10.609708
0.169173 10.624996
0.172306 10.643221
0.175439 10.663558
0.178571 10.685198
0.181704 10.707393
0.184837 10.729480
0.187970 10.750896
0.191103 10.771173
0.194236 10.789939
0.197368 10.806904
0.200501 10.821854
0.203634 10.834642
0.206767 10.845177
0.209900 10.853417
0.213033 10.859360
0.216165 10.863042
0.219298 10.864527
0.222431 10.863904
0.225564 10.861283
0.228697 10.856790
0.231830 10.850565
0.234962 10.842757
0.238095 10.833525
0.241228 10.823032
0.244361 10.811448
0.247494 10.798941
0.250627 10.785685
0.253759 10.771850
0.256892 10.757606
0.260025 10.743122
0.263158 10.728560
0.266291 10.714082
0.269424 10.699838
0.272556 10.685976
0.275689 10.672631
0.278822 10.659931
0.281955 10.647991
0.285088 10.636913
0.288221 10.626790
0.291353 10.617699
0.294486 10.609705
0.297619 10.602862
0.300752 10.597212
0.303885 10.592787
0.307018 10.589611
0.310150 10.587699
0.313283 10.587061

0.313283 10.587061
0.316416 10.587699
0.319549 10.589611
0.322682 10.592787
0.325815 10.597212
0.328947 10.602862
0.332080 10.609705
0.335213 10.617699
0.338346 10.626790
0.341479 10.636913
0.344612 10.647991
0.347744 10.659931
0.350877 10.672631
0.354010 10.685976
0.357143 10.699838
0.360276 10.714082
0.363409 10.728560
0.366541 10.743122
0.369674 10.757606
0.372807 10.771850
0.375940 10.785685
0.379073 10.798941
0.382205 10.811448
0.385338 10.823032
0.388471 10.833525
0.391604 10.842757
0.394737 10.850565
0.397870 10.856790
0.401002 10.861283
0.404135 10.863904
0.407268 10.864527
0.410401 10.863042
0.413534 10.859360
0.416667 10.853417
0.419799 10.845177
0.422932 10.834642
0.426065 10.821854
0.429198 10.806904
0.432331 10.789939
0.435464 10.771173
0.438597 10.750896
0.441729 10.729480
0.444862 10.707393
0.447995 10.685198
0.451128 10.663558
0.454261 10.643221
0.457394 10.624996
0.460526 10.609708
0.463659 10.598126
0.466792 10.590893
0.469925 10.588432

0.469925 10.588432
0.473058 10.581932
0.476191 10.562485
0.479323 10.530250
0.482456 10.485488
0.485589 10.428567
0.488722 10.359955
0.491855 10.280224
0.494988 10.190045
0.498120 10.090187
0.501253 9.981512
0.504386 9.864974
0.507519 9.741613
0.510652 9.612551
0.513784 9.478984
0.516917 9.342174
0.520050 9.203439
0.523183 9.064141
0.526316 8.925672
0.529449 8.789435
0.532582 8.676148
0.535714 8.650410
0.538847 8.624613
0.541980 8.598855
0.545113 8.573213
0.548246 8.547749
0.551378 8.522503
0.554511 8.497499
0.557644 8.472742
0.560777 8.448225
0.563910 8.423929
0.567043 8.399834
0.570175 8.375917
0.573308 8.352165
0.576441 8.328579
0.579574 8.305178
0.582707 8.282010
0.585840 8.259150
0.588972 8.236706
0.592105 8.214823
0.595238 8.193677
0.598371 8.173473
0.601504 8.154442
0.604637 8.136832
0.607769 8.120899
0.610902 8.106897
0.614035 8.095063
0.617168 8.085614
0.620301 8.078728
0.623434 8.074540
0.626566 8.073135


0.000000 18.298597
0.003133 18.292113
0.006266 18.272816
0.009399 18.241161
0.012531 18.197870
0.015664 18.143896
0.018797 18.080397
0.021930 18.008714
0.025063 17.930356
0.028195 17.846982
0.031328 17.760373
0.034461 17.672407
0.037594 17.585018
0.040727 17.500152
0.043860 17.419714
0.046992 17.345515
0.050125 17.279209
0.053258 17.222230
0.056391 17.175732
0.059524 17.140530
0.062657 17.117050
0.065790 17.105296
0.068922 17.104832
0.072055 17.114799
0.075188 17.133955
0.078321 17.160765
0.081454 17.193513
0.084586 17.230442
0.087719 17.269895
0.090852 17.310430
0.093985 17.350900
0.097118 17.390476
0.100251 17.428634
0.103384 17.465114
0.106516 17.499866
0.109649 17.532994
0.112782 17.564707
0.115915 17.595273
0.119048 17.624977
0.122180 17.654079
0.125313 17.682780
0.128446 17.667667
0.131579 17.626893
0.134712 17.589603
0.137845 17.556265
0.140977 17.527299
0.144110 17.503075
0.147243 17.483903
0.150376 17.470028
0.153509 17.461631
0.156642 17.458820

0.156642 17.458820
0.159774 17.449637
0.162907 17.422808
0.166040 17.380264
0.169173 17.324612
0.172306 17.258619
0.175439 17.184885
0.178571 17.105715
0.181704 17.023099
0.184837 16.938746
0.187970 16.854130
0.191103 16.770532
0.194236 16.689077
0.197368 16.610758
0.200501 16.536460
0.203634 16.466972
0.206767 16.402995
0.209900 16.345156
0.213033 16.294001
0.216165 16.250004
0.219298 16.213560
0.222431 16.184985
0.225564 16.164506
0.228697 16.152259
0.231830 16.148281
0.234962 16.152509
0.238095 16.164773
0.241228 16.184795
0.244361 16.212194
0.247494 16.246488
0.250627 16.287099
0.253759 16.333368
0.256892 16.384557
0.260025 16.439873
0.263158 16.498472
0.266291 16.559482
0.269424 16.622012
0.272556 16.685172
0.275689 16.748086
0.278822 16.809905
0.281955 16.869828
0.285088 16.927109
0.288221 16.981078
0.291353 17.031153
0.294486 17.076853
0.297619 17.117810
0.300752 17.153767
0.303885 17.184534
0.307018 17.209809
0.310150 17.228450
0.313283 17.236221

0.313283 17.236221
0.316416 17.228450
0.319549 17.209809
0.322682 17.184534
0.325815 17.153767
0.328947 17.117810
0.332080 17.076853
0.335213 17.031153
0.338346 16.981078
0.341479 16.927109
0.344612 16.869828
0.347744 16.809905
0.350877 16.748086
0.354010 16.685172
0.357143 16.622012
0.360276 16.559482
0.363409 16.498472
0.366541 16.439873
0.369674 16.384557
0.372807 16.333368
0.375940 16.287099
0.379073 16.246488
0.382205 16.212194
0.385338 16.184795
0.388471 16.164773
0.391604 16.152509
0.394737 16.148281
0.397870 16.152259
0.401002 16.164506
0.404135 16.184985
0.407268 16.213560
0.410401 16.250004
0.413534 16.294001
0.416667 16.345156
0.419799 16.402995
0.422932 16.466972
0.426065 16.536460
0.429198 16.610758
0.432331 16.689077
0.435464 16.770532
0.438597 16.854130
0.441729 16.938746
0.444862 17.023099
0.447995 17.105715
0.451128 17.184885
0.454261 17.258619
0.457394 17.324612
0.460526 17.380264
0.463659 17.422808
0.466792 17.449637
0.469925 17.458820

0.469925 17.458820
0.473058 17.461631
0.476191 17.470028
0.479323 17.483903
0.482456 17.503075
0.485589 17.527299
0.488722 17.556265
0.491855 17.589603
0.494988 17.626893
0.498120 17.667667
0.501253 17.682780
0.504386 17.654079
0.507519 17.624977
0.510652 17.595273
0.513784 17.564707
0.516917 17.532994
0.520050 17.499866
0.523183 17.465114
0.526316 17.428634
0.529449 17.390476
0.532582 17.350900
0.535714 17.310430
0.538847 17.269895
0.541980 17.230442
0.545113 17.193513
0.548246 17.160765
0.551378 17.133955
0.554511 17.114799
0.557644 17.104832
0.560777 17.105296
0.563910 17.117050
0.567043 17.140530
0.570175 17.175732
0.573308 17.222230
0.576441 17.279209
0.579574 17.345515
0.582707 17.419714
0.585840 17.500152
0.588972 17.585018
0.592105 17.672407
0.595238 17.760373
0.598371 17.846982
0.601504 17.930356
0.604637 18.008714
0.607769 18.080397
0.610902 18.143896
0.614035 18.197870
0.617168 18.241161
0.620301 18.272816
0.623434 18.292113
0.626566 18.298597


0.000000 18.298597
0.003133 18.299471
0.006266 18.302077
0.009399 18.306363
0.012531 18.312244
0.015664 18.319600
0.018797 18.328278
0.021930 18.338086
0.025063 18.348803
0.028195 18.360171
0.031328 18.371903
0.034461 18.383682
0.037594 18.395168
0.040727 18.406002
0.043860 18.415810
0.046992 18.424212
0.050125 18.430828
0.053258 18.435289
0.056391 18.437239
0.059524 18.436351
0.062657 18.432328
0.065790 18.424914
0.068922 18.413901
0.072055 18.399133
0.075188 18.380510
0.078321 18.357995
0.081454 18.331614
0.084586 18.301458
0.087719 18.267681
0.090852 18.230502
0.093985 18.190202
0.097118 18.147118
0.100251 18.101642
0.103384 18.054213
0.106516 18.005311
0.109649 17.955455
0.112782 17.905188
0.115915 17.855074
0.119048 17.805690
0.122180 17.757614
0.125313 17.711420
0.128446 17.711184
0.131579 17.739265
0.134712 17.766836
0.137845 17.793522
0.140977 17.818735
0.144110 17.841667
0.147243 17.861308
0.150376 17.876521
0.153509 17.886204
0.156642 17.889535

0.156642 17.889535
0.159774 17.889137
0.162907 17.887940
0.166040 17.885938
0.169173 17.883118
0.172306 17.879466
0.175439 17.874963
0.178571 17.869587
0.181704 17.863315
0.184837 17.856122
0.187970 17.847984
0.191103 17.838881
0.194236 17.828792
0.197368 17.817705
0.200501 17.805612
0.203634 17.792515
0.206767 17.778424
0.209900 17.763360
0.213033 17.747357
0.216165 17.730459
0.219298 17.712725
0.222431 17.694226
0.225564 17.675045
0.228697 17.655276
0.231830 17.635026
0.234962 17.614406
0.238095 17.593539
0.241228 17.572549
0.244361 17.551564
0.247494 17.530713
0.250627 17.510122
0.253759 17.489915
0.256892 17.470208
0.260025 17.451111
0.263158 17.432725
0.266291 17.415141
0.269424 17.398441
0.272556 17.382695
0.275689 17.367964
0.278822 17.354297
0.281955 17.341736
0.285088 17.330313
0.288221 17.320053
0.291353 17.310975
0.294486 17.303091
0.297619 17.296411
0.300752 17.290942
0.303885 17.286685
0.307018 17.283644
0.310150 17.281819
0.313283 17.281211

0.313283 17.281211
0.316416 17.281819
0.319549 17.283644
0.322682 17.286685
0.325815 17.290942
0.328947 17.296411
0.332080 17.303091
0.335213 17.310975
0.338346 17.320053
0.341479 17.330313
0.344612 17.341736
0.347744 17.354297
0.350877 17.367964
0.354010 17.382695
0.357143 17.398441
0.360276 17.415141
0.363409 17.432725
0.366541 17.451111
0.369674 17.470208
0.372807 17.489915
0.375940 17.510122
0.379073 17.530713
0.382205 17.551564
0.385338 17.572549
0.388471 17.593539
0.391604 17.614406
0.394737 17.635026
0.397870 17.655276
0.401002 17.675045
0.404135 17.694226
0.407268 17.712725
0.410401 17.730459
0.413534 17.747357
0.416667 17.763360
0.419799 17.778424
0.422932 17.792515
0.426065 17.805612
0.429198 17.817705
0.432331 17.828792
0.435464 17.838881
0.438597 17.847984
0.441729 17.856122
0.444862 17.863315
0.447995 17.869587
0.451128 17.874963
0.454261 17.879466
0.457394 17.883118
0.460526 17.885938
0.463659 17.887940
0.466792 17.889137
0.469925 17.889535

0.469925 17.889535
0.473058 17.886204
0.476191 17.876521
0.479323 17.861308
0.482456 17.841667
0.485589 17.818735
0.488722 17.793522
0.491855 17.766836
0.494988 17.739265
0.498120 17.711184
0.501253 17.711420
0.504386 17.757614
0.507519 17.805690
0.510652 17.855074
0.513784 17.905188
0.516917 17.955455
0.520050 18.005311
0.523183 18.054213
0.526316 18.101642
0.529449 18.147118
0.532582 18.190202
0.535714 18.230502
0.538847 18.267681
0.541980 18.301458
0.545113 18.331614
0.548246 18.357995
0.551378 18.380510
0.554511 18.399133
0.557644 18.413901
0.560777 18.424914
0.563910 18.432328
0.567043 18.436351
0.570175 18.437239
0.573308 18.435289
0.576441 18.430828
0.579574 18.424212
0.582707 18.415810
0.585840 18.406002
0.588972 18.395168
0.592105 18.383682
0.595238 18.371903
0.598371 18.360171
0.601504 18.348803
0.604637 18.338086
0.607769 18.328278
0.610902 18.319600
0.614035 18.312244
0.617168 18.306363
0.620301 18.302077
0.623434 18.299471
0.626566 18.298597


0.000000 18.890296
0.003133 18.891223
0.006266 18.893934
0.009399 18.898227
0.012531 18.903799
0.015664 18.910283
0.018797 18.917270
0.021930 18.924325
0.025063 18.931003
0.028195 18.936853
0.031328 18.941439
0.034461 18.944359
0.037594 18.945271
0.040727 18.943925
0.043860 18.940203
0.046992 18.934159
0.050125 18.926057
0.053258 18.916396
0.056391 18.905907
0.059524 18.895510
0.062657 18.886213
0.065790 18.878946
0.068922 18.874326
0.072055 18.872377
0.075188 18.872263
0.078321 18.872209
0.081454 18.869841
0.084586 18.863024
0.087719 18.850720
0.090852 18.833210
0.093985 18.811639
0.097118 18.787403
0.100251 18.761764
0.103384 18.735696
0.106516 18.709869
0.109649 18.684682
0.112782 18.660313
0.115915 18.636773
0.119048 18.613951
0.122180 18.591676
0.125313 18.569763
0.128446 18.548062
0.131579 18.526510
0.134712 18.505173
0.137845 18.484289
0.140977 18.464298
0.144110 18.445867
0.147243 18.429876
0.150376 18.417354
0.153509 18.409319
0.156642 18.406543

0.156642 18.406543
0.159774 18.408926
0.162907 18.415430
0.166040 18.424350
0.169173 18.433469
0.172306 18.440584
0.175439 18.443841
0.178571 18.441873
0.181704 18.433818
0.184837 18.419276
0.187970 18.398237
0.191103 18.371011
0.194236 18.338155
0.197368 18.300399
0.200501 18.258590
0.203634 18.213627
0.206767 18.166416
0.209900 18.117828
0.213033 18.068667
0.216165 18.019642
0.219298 17.971358
0.222431 17.924303
0.225564 17.878851
0.228697 17.835265
0.231830 17.793711
0.234962 17.754270
0.238095 17.716959
0.241228 17.681743
0.244361 17.648555
0.247494 17.617312
0.250627 17.587925
0.253759 17.560310
0.256892 17.534391
0.260025 17.510105
0.263158 17.487399
0.266291 17.466231
0.269424 17.446561
0.272556 17.428350
0.275689 17.411551
0.278822 17.396103
0.281955 17.381929
0.285088 17.368927
0.288221 17.356965
0.291353 17.345875
0.294486 17.335449
0.297619 17.325441
0.300752 17.315568
0.303885 17.305570
0.307018 17.295390
0.310150 17.285911
0.313283 17.281211

0.313283 17.281211
0.316416 17.285911
0.319549 17.295390
0.322682 17.305570
0.325815 17.315568
0.328947 17.325441
0.332080 17.335449
0.335213 17.345875
0.338346 17.356965
0.341479 17.368927
0.344612 17.381929
0.347744 17.396103
0.350877 17.411551
0.354010 17.428350
0.357143 17.446561
0.360276 17.466231
0.363409 17.487399
0.366541 17.510105
0.369674 17.534391
0.372807 17.560310
0.375940 17.587925
0.379073 17.617312
0.382205 17.648555
0.385338 17.681743
0.388471 17.716959
0.391604 17.754270
0.394737 17.793711
0.397870 17.835265
0.401002 17.878851
0.404135 17.924303
0.407268 17.971358
0.410401 18.019642
0.413534 18.068667
0.416667 18.117828
0.419799 18.166416
0.422932 18.213627
0.426065 18.258590
0.429198 18.300399
0.432331 18.338155
0.435464 18.371011
0.438597 18.398237
0.441729 18.419276
0.444862 18.433818
0.447995 18.441873
0.451128 18.443841
0.454261 18.440584
0.457394 18.433469
0.460526 18.424350
0.463659 18.415430
0.466792 18.408926
0.469925 18.406543

0.469925 18.406543
0.473058 18.409319
0.476191 18.417354
0.479323 18.429876
0.482456 18.445867
0.485589 18.464298
0.488722 18.484289
0.491855 18.505173
0.494988 18.526510
0.498120 18.548062
0.501253 18.569763
0.504386 18.591676
0.507519 18.613951
0.510652 18.636773
0.513784 18.660313
0.516917 18.684682
0.520050 18.709869
0.523183 18.735696
0.526316 18.761764
0.529449 18.787403
0.532582 18.811639
0.535714 18.833210
0.538847 18.850720
0.541980 18.863024
0.545113 18.869841
0.548246 18.872209
0.551378 18.872263
0.554511 18.872377
0.557644 18.874326
0.560777 18.878946
0.563910 18.886213
0.567043 18.895510
0.570175 18.905907
0.573308 18.916396
0.576441 18.926057
0.579574 18.934159
0.582707 18.940203
0.585840 18.943925
0.588972 18.945271
0.592105 18.944359
0.595238 18.941439
0.598371 18.936853
0.601504 18.931003
0.604637 18.924325
0.607769 18.917270
0.610902 18.910283
0.614035 18.903799
0.617168 18.898227
0.620301 18.893934
0.623434 18.891223
0.626566 18.890296


0.000000 20.966298
0.003133 20.960532
0.006266 20.943326
0.009399 20.914956
0.012531 20.875874
0.015664 20.826710
0.018797 20.768259
0.021930 20.701473
0.025063 20.627445
0.028195 20.547396
0.031328 20.462649
0.034461 20.374605
0.037594 20.284711
0.040727 20.194419
0.043860 20.105143
0.046992 20.018211
0.050125 19.934821
0.053258 19.856011
0.056391 19.782650
0.059524 19.715476
0.062657 19.655189
0.065790 19.602598
0.068922 19.558835
0.072055 19.525597
0.075188 19.505354
0.078321 19.501354
0.081454 19.517174
0.084586 19.555781
0.087719 19.618566
0.090852 19.705052
0.093985 19.813321
0.097118 19.940647
0.100251 20.083955
0.103384 20.240059
0.106516 20.405778
0.109649 20.578006
0.112782 20.753746
0.115915 20.930142
0.119048 21.104498
0.122180 21.274297
0.125313 21.437206
0.128446 21.591087
0.131579 21.733999
0.134712 21.864202
0.137845 21.980157
0.140977 22.080532
0.144110 22.164197
0.147243 22.230229
0.150376 22.277908
0.153509 22.306720
0.156642 22.316359

0.156642 22.316359
0.159774 22.319192
0.162907 22.327705
0.166040 22.341936
0.169173 22.361937
0.172306 22.387753
0.175439 22.419403
0.178571 22.456863
0.181704 22.500057
0.184837 22.548845
0.187970 22.603034
0.191103 22.662388
0.194236 22.726640
0.197368 22.795514
0.200501 22.868742
0.203634 22.946081
0.206767 23.027322
0.209900 23.112300
0.213033 23.200892
0.216165 23.293015
0.219298 23.388621
0.222431 23.487682
0.225564 23.590175
0.228697 23.696072
0.231830 23.805318
0.234962 23.917818
0.238095 24.033420
0.241228 24.151903
0.244361 24.272970
0.247494 24.396237
0.250627 24.521235
0.253759 24.647407
0.256892 24.774115
0.260025 24.900650
0.263158 25.026237
0.266291 25.150055
0.269424 25.271243
0.272556 25.388921
0.275689 25.502203
0.278822 25.610209
0.281955 25.712082
0.285088 25.806998
0.288221 25.894183
0.291353 25.972914
0.294486 26.042537
0.297619 26.102469
0.300752 26.152208
0.303885 26.191335
0.307018 26.219521
0.310150 26.236528
0.313283 26.242213

0.313283 26.242213
0.316416 26.236528
0.319549 26.219521
0.322682 26.191335
0.325815 26.152208
0.328947 26.102469
0.332080 26.042537
0.335213 25.972914
0.338346 25.894183
0.341479 25.806998
0.344612 25.712082
0.347744 25.610209
0.350877 25.502203
0.354010 25.388921
0.357143 25.271243
0.360276 25.150055
0.363409 25.026237
0.366541 24.900650
0.369674 24.774115
0.372807 24.647407
0.375940 24.521235
0.379073 24.396237
0.382205 24.272970
0.385338 24.151903
0.388471 24.033420
0.391604 23.917818
0.394737 23.805318
0.397870 23.696072
0.401002 23.590175
0.404135 23.487682
0.407268 23.388621
0.410401 23.293015
0.413534 23.200892
0.416667 23.112300
0.419799 23.027322
0.422932 22.946081
0.426065 22.868742
0.429198 22.795514
0.432331 22.726640
0.435464 22.662388
0.438597 22.603034
0.441729 22.548845
0.444862 22.500057
0.447995 22.456863
0.451128 22.419403
0.454261 22.387753
0.457394 22.361937
0.460526 22.341936
0.463659 22.327705
0.466792 22.319192
0.469925 22.316359

0.469925 22.316359
0.473058 22.306720
0.476191 22.277908
0.479323 22.230229
0.482456 22.164197
0.485589 22.080532
0.488722 21.980157
0.491855 21.864202
0.494988 21.733999
0.498120 21.591087
0.501253 21.437206
0.504386 21.274297
0.507519 21.104498
0.510652 20.930142
0.513784 20.753746
0.516917 20.578006
0.520050 20.405778
0.523183 20.240059
0.526316 20.083955
0.529449 19.940647
0.532582 19.813321
0.535714 19.705052
0.538847 19.618566
0.541980 19.555781
0.545113 19.517174
0.548246 19.501354
0.551378 19.505354
0.554511 19.525597
0.557644 19.558835
0.560777 19.602598
0.563910 19.655189
0.567043 19.715476
0.570175 19.782650
0.573308 19.856011
0.576441 19.934821
0.579574 20.018211
0.582707 20.105143
0.585840 20.194419
0.588972 20.284711
0.592105 20.374605
0.595238 20.462649
0.598371 20.547396
0.601504 20.627445
0.604637 20.701473
0.607769 20.768259
0.610902 20.826710
0.614035 20.875874
0.617168 20.914956
0.620301 20.943326
0.623434 20.960532
0.626566 20.966298



