     #Energy           s          py          pz          px         dxy         dyz         dz2         dxz         dx2       tot  
   -21.21205     0.00000     0.00000     0.00000     0.00000     0.00000     0.00000     0.00000     0.00000     0.00000     0.00000
   -21.13205     0.00000     0.00000     0.00000     0.00000     0.00000     0.00000     0.00000     0.00000     0.00000     0.00000
   -21.05105     0.00000     0.00000     0.00000     0.00000     0.00000     0.00000     0.00000     0.00000     0.00000     0.00000
   -20.97005     0.00000     0.00000     0.00000     0.00000     0.00000     0.00000     0.00000     0.00000     0.00000     0.00000
   -20.88905     0.00000     0.00000     0.00000     0.00000     0.00000     0.00000     0.00000     0.00000     0.00000     0.00000
   -20.80805     0.00000     0.00000     0.00000     0.00000     0.00000     0.00000     0.00000     0.00000     0.00000     0.00000
   -20.72805     0.00000     0.00000     0.00000     0.00000     0.00000     0.00000     0.00000     0.00000     0.00000     0.00000
   -20.64705     0.00000     0.00000     0.00000     0.00000     0.00000     0.00000     0.00000     0.00000     0.00000     0.00000
   -20.56605     0.00000     0.00000     0.00000     0.00000     0.00000     0.00000     0.00000     0.00000     0.00000     0.00000
   -20.48505     0.00000     0.00000     0.00000     0.00000     0.00000     0.00000     0.00000     0.00000     0.00000     0.00000
   -20.40405     0.00000     0.00000     0.00000     0.00000     0.00000     0.00000     0.00000     0.00000     0.00000     0.00000
   -20.32405     0.00000     0.00000     0.00000     0.00000     0.00000     0.00000     0.00000     0.00000     0.00000     0.00000
   -20.24305     0.00000     0.00000     0.00000     0.00000     0.00000     0.00000     0.00000     0.00000     0.00000     0.00000
   -20.16205     0.00000     0.00000     0.00000     0.00000     0.00000     0.00000     0.00000     0.00000     0.00000     0.00000
   -20.08105     1.50084     0.04514     0.09163     0.03250     0.02811     0.01796     0.27992     0.09073     0.04734     2.13417
   -20.00005     1.55483     0.09979     0.09248     0.12563     0.07554     0.02669     0.28663     0.16501     0.14740     2.57402
   -19.92005     1.59583     0.23712     0.09598     0.22928     0.20465     0.04609     0.28302     0.27550     0.27211     3.23958
   -19.83905     2.19073     0.69345     0.14127     0.66170     0.63276     0.11803     0.29644     0.67530     0.79964     6.20933
   -19.75805     0.17367     0.07937     0.01031     0.08271     0.07457     0.01259     0.01505     0.07904     0.10092     0.62822
   -19.67705     2.07698     0.15423     0.29287     0.11849     0.30761     0.20735     0.76719     0.87050     0.33901     5.13422
   -19.59605     5.23530     0.57039     0.90779     0.83248     1.35391     0.83676     2.00732     2.46312     1.28504    15.49210
   -19.51605     1.84451     0.52753     0.44183     2.28854     1.67490     0.71924     0.75660     2.36297     2.93282    13.54894
   -19.43505     0.68658     0.68175     0.12821     1.27863     1.29906     0.30139     0.35875     1.71863     1.71622     8.16922
   -19.35405     1.30369     1.85965     0.26891     0.89330     2.90359     0.67054     0.39352     2.21737     1.34158    11.85216
   -19.27305     2.01216     2.33290     1.01579     3.03291     3.98858     1.21209     1.11564     2.23636     2.82745    19.77389
   -19.19305     0.12628     0.34377     0.11693     0.23189     0.58807     0.12691     0.06855     0.13951     0.18839     1.93031
   -19.11205     0.66463     1.50795     0.69726     1.24502     2.55450     0.50233     0.45311     0.27354     0.69676     8.59510
   -19.03105     0.10909     1.21649     0.36566     0.42704     2.02876     0.34403     0.07609     0.07387     0.11697     4.75800
   -18.95005     0.00382     0.09598     0.02661     0.02745     0.16049     0.02650     0.00227     0.00426     0.00445     0.35183
   -18.86905     0.00186     0.03855     0.01460     0.01369     0.07004     0.02062     0.00105     0.00200     0.00196     0.16436
   -18.78905     0.00270     0.01063     0.03291     0.02293     0.05965     0.07848     0.00133     0.00237     0.00141     0.21241
   -18.70805     0.00405     0.00590     0.05326     0.03527     0.08134     0.13007     0.00197     0.00333     0.00169     0.31689
   -18.62705     0.00663     0.00411     0.10081     0.06330     0.14094     0.23913     0.00346     0.00518     0.00260     0.56616
   -18.54605     0.00823     0.00508     0.11894     0.07545     0.16806     0.28564     0.00413     0.00645     0.00312     0.67509
   -18.46505     0.60920     0.37902     4.78131     3.42143     5.63589    10.06483     0.19044     0.69508     0.33665    26.11385
   -18.38505     1.99998     1.50655     0.11503     0.11156     0.15521     0.28180     0.07044     1.98444     0.22346     6.44847
   -18.30405     0.96067     0.88463     0.02033     0.02616     0.01258     0.04438     0.04595     0.94204     0.09462     3.03136
   -18.22305     0.13300     0.13000     0.00276     0.00394     0.00136     0.00614     0.00707     0.13509     0.01227     0.43162
   -18.14205     0.08080     0.07812     0.00168     0.00239     0.00084     0.00366     0.00416     0.08043     0.00777     0.25984
   -18.06105     0.05187     0.04976     0.00108     0.00153     0.00054     0.00232     0.00261     0.05090     0.00513     0.16575
   -17.98105     0.01194     0.01139     0.00025     0.00035     0.00013     0.00053     0.00059     0.01158     0.00121     0.03796
   -17.90005     0.00000     0.00000     0.00000     0.00000     0.00000     0.00000     0.00000     0.00000     0.00000     0.00000
   -17.81905     0.00000     0.00000     0.00000     0.00000     0.00000     0.00000     0.00000     0.00000     0.00000     0.00000
   -17.73805     0.00000     0.00000     0.00000     0.00000     0.00000     0.00000     0.00000     0.00000     0.00000     0.00000
   -17.65705     0.00000     0.00000     0.00000     0.00000     0.00000     0.00000     0.00000     0.00000     0.00000     0.00000
   -17.57705     0.00000     0.00000     0.00000     0.00000     0.00000     0.00000     0.00000     0.00000     0.00000     0.00000
   -17.49605     0.00000     0.00000     0.00000     0.00000     0.00000     0.00000     0.00000     0.00000     0.00000     0.00000
   -17.41505     0.00000     0.00000     0.00000     0.00000     0.00000     0.00000     0.00000     0.00000     0.00000     0.00000
   -17.33405     0.00000     0.00000     0.00000     0.00000     0.00000     0.00000     0.00000     0.00000     0.00000     0.00000
   -17.25305     0.00000     0.00000     0.00000     0.00000     0.00000     0.00000     0.00000     0.00000     0.00000     0.00000
   -17.17305     0.00000     0.00000     0.00000     0.00000     0.00000     0.00000     0.00000     0.00000     0.00000     0.00000
   -17.09205     0.00000     0.00000     0.00000     0.00000     0.00000     0.00000     0.00000     0.00000     0.00000     0.00000
   -17.01105     0.00000     0.00000     0.00000     0.00000     0.00000     0.00000     0.00000     0.00000     0.00000     0.00000
   -16.93005     0.00000     0.00000     0.00000     0.00000     0.00000     0.00000     0.00000     0.00000     0.00000     0.00000
   -16.84905     0.00000     0.00000     0.00000     0.00000     0.00000     0.00000     0.00000     0.00000     0.00000     0.00000
   -16.76905     0.00000     0.00000     0.00000     0.00000     0.00000     0.00000     0.00000     0.00000     0.00000     0.00000
   -16.68805     0.00000     0.00000     0.00000     0.00000     0.00000     0.00000     0.00000     0.00000     0.00000     0.00000
   -16.60705     0.00000     0.00000     0.00000     0.00000     0.00000     0.00000     0.00000     0.00000     0.00000     0.00000
   -16.52605     0.00000     0.00000     0.00000     0.00000     0.00000     0.00000     0.00000     0.00000     0.00000     0.00000
   -16.44605     0.00000     0.00000     0.00000     0.00000     0.00000     0.00000     0.00000     0.00000     0.00000     0.00000
   -16.36505     0.00000     0.00000     0.00000     0.00000     0.00000     0.00000     0.00000     0.00000     0.00000     0.00000
   -16.28405     0.00000     0.00000     0.00000     0.00000     0.00000     0.00000     0.00000     0.00000     0.00000     0.00000
   -16.20305     0.00000     0.00000     0.00000     0.00000     0.00000     0.00000     0.00000     0.00000     0.00000     0.00000
   -16.12205     0.00000     0.00000     0.00000     0.00000     0.00000     0.00000     0.00000     0.00000     0.00000     0.00000
   -16.04205     0.01946     0.00002     0.00030     0.00001     0.00001     0.00004     0.00045     0.00003     0.00001     0.02034
   -15.96105     0.06053     0.00036     0.00097     0.00032     0.00016     0.00013     0.00146     0.00012     0.00013     0.06419
   -15.88005     0.07168     0.00047     0.00115     0.00042     0.00020     0.00016     0.00174     0.00015     0.00017     0.07614
   -15.79905     0.07344     0.00050     0.00119     0.00045     0.00021     0.00016     0.00179     0.00015     0.00018     0.07807
   -15.71805     0.09151     0.00109     0.00154     0.00103     0.00047     0.00024     0.00232     0.00022     0.00042     0.09884
   -15.63805     0.11241     0.00183     0.00196     0.00174     0.00078     0.00033     0.00294     0.00030     0.00073     0.12301
   -15.55705     0.13500     0.00266     0.00241     0.00254     0.00113     0.00043     0.00362     0.00039     0.00107     0.14924
   -15.47605     0.25563     0.00432     0.00447     0.00411     0.00183     0.00076     0.00672     0.00070     0.00172     0.28026
   -15.39505     0.23137     0.00625     0.00437     0.00604     0.00268     0.00086     0.00655     0.00079     0.00256     0.26147
   -15.31405     0.23549     0.00819     0.00483     0.00821     0.00374     0.00110     0.00710     0.00102     0.00353     0.27320
   -15.23405     0.39480     0.01525     0.00841     0.01541     0.00712     0.00205     0.01228     0.00189     0.00669     0.46388
   -15.15305     0.67421     0.04194     0.01715     0.03791     0.01850     0.00538     0.02418     0.00474     0.01939     0.84339
   -15.07205     0.34299     0.02943     0.01057     0.02386     0.01236     0.00413     0.01408     0.00346     0.01430     0.45519
   -14.99105     0.26002     0.02836     0.00972     0.02312     0.01249     0.00440     0.01231     0.00371     0.01434     0.36847
   -14.91005     0.90148     0.10324     0.04805     0.10975     0.05985     0.02108     0.04900     0.01964     0.05420     1.36629
   -14.83005     0.37763     0.05735     0.04669     0.05520     0.03225     0.01696     0.02616     0.01538     0.03168     0.65930
   -14.74905     0.17461     0.03174     0.06985     0.03238     0.01969     0.01851     0.01725     0.01735     0.01821     0.39958
   -14.66805     0.15659     0.03246     0.14464     0.03088     0.01940     0.02343     0.01966     0.02194     0.01882     0.46782
   -14.58705     0.18167     0.03869     0.33704     0.03917     0.02566     0.04060     0.02935     0.03957     0.02368     0.75542
   -14.50605     0.44075     0.09011     0.43173     0.09837     0.06331     0.07782     0.03933     0.08120     0.05930     1.38191
   -14.42605     0.65797     0.15383     0.32173     0.15827     0.10538     0.10480     0.04521     0.09921     0.10182     1.74824
   -14.34505     0.38007     0.10109     0.19117     0.09545     0.06654     0.09251     0.03169     0.07916     0.06719     1.10487
   -14.26405     0.26185     0.07727     0.08851     0.08334     0.05788     0.06192     0.01556     0.05871     0.05390     0.75894
   -14.18305     0.41686     0.15327     0.32513     0.13681     0.09569     0.18143     0.01885     0.16900     0.10613     1.60318
   -14.10205     0.40423     0.18340     0.27352     0.18773     0.13850     0.18230     0.02301     0.19794     0.13640     1.72703
   -14.02205     0.32370     0.19571     0.26428     0.18844     0.14668     0.20983     0.01904     0.21419     0.15038     1.71225
   -13.94105     0.27561     0.19415     0.15299     0.19760     0.15673     0.16259     0.01633     0.17105     0.15534     1.48239
   -13.86005     0.35719     0.33787     0.29047     0.35204     0.28868     0.37092     0.03114     0.41013     0.27683     2.71528
   -13.77905     0.35114     0.45188     0.44694     0.43296     0.36141     0.86709     0.02789     0.78433     0.38159     4.10522
   -13.69905     0.21427     0.37276     0.23730     0.34978     0.28186     0.63357     0.01356     0.85809     0.30529     3.26647
   -13.61805     0.09830     0.17677     0.34528     0.19471     0.16008     1.73258     0.01074     1.68578     0.14739     4.55163
   -13.53705     0.07265     0.17974     0.18238     0.17668     0.14981     1.76555     0.01156     1.38653     0.15806     4.08298
   -13.45605     0.00955     0.03479     0.04233     0.03597     0.03195     0.77079     0.00237     0.76921     0.03232     1.72928
   -13.37505     0.00236     0.01533     0.01073     0.01575     0.01412     0.28977     0.00090     0.29012     0.01439     0.65347
   -13.29505     0.00027     0.00058     0.00436     0.00061     0.00055     0.05218     0.00006     0.05190     0.00053     0.11103
   -13.21405     0.00021     0.00046     0.00275     0.00048     0.00043     0.03466     0.00005     0.03459     0.00042     0.07404
   -13.13305     0.00015     0.00033     0.00132     0.00035     0.00031     0.01887     0.00003     0.01895     0.00030     0.04063
   -13.05205     0.00000     0.00000     0.00000     0.00000     0.00000     0.00000     0.00000     0.00000     0.00000     0.00000
   -12.97105     0.00000     0.00000     0.00000     0.00000     0.00000     0.00000     0.00000     0.00000     0.00000     0.00000
   -12.89105     0.00000     0.00000     0.00000     0.00000     0.00000     0.00000     0.00000     0.00000     0.00000     0.00000
   -12.81005     0.00000     0.00000     0.00000     0.00000     0.00000     0.00000     0.00000     0.00000     0.00000     0.00000
   -12.72905     0.00000     0.00000     0.00000     0.00000     0.00000     0.00000     0.00000     0.00000     0.00000     0.00000
   -12.64805     0.00000     0.00000     0.00000     0.00000     0.00000     0.00000     0.00000     0.00000     0.00000     0.00000
   -12.56705     0.00000     0.00000     0.00000     0.00000     0.00000     0.00000     0.00000     0.00000     0.00000     0.00000
   -12.48705     0.00000     0.00000     0.00000     0.00000     0.00000     0.00000     0.00000     0.00000     0.00000     0.00000
   -12.40605     0.00000     0.00000     0.00000     0.00000     0.00000     0.00000     0.00000     0.00000     0.00000     0.00000
   -12.32505     0.00000     0.00000     0.00000     0.00000     0.00000     0.00000     0.00000     0.00000     0.00000     0.00000
   -12.24405     0.00000     0.00000     0.00000     0.00000     0.00000     0.00000     0.00000     0.00000     0.00000     0.00000
   -12.16305     0.00000     0.00000     0.00000     0.00000     0.00000     0.00000     0.00000     0.00000     0.00000     0.00000
   -12.08305     0.00000     0.00000     0.00000     0.00000     0.00000     0.00000     0.00000     0.00000     0.00000     0.00000
   -12.00205     0.00000     0.00000     0.00000     0.00000     0.00000     0.00000     0.00000     0.00000     0.00000     0.00000
   -11.92105     0.00000     0.00000     0.00000     0.00000     0.00000     0.00000     0.00000     0.00000     0.00000     0.00000
   -11.84005     0.00000     0.00000     0.00000     0.00000     0.00000     0.00000     0.00000     0.00000     0.00000     0.00000
   -11.75905     0.00000     0.00000     0.00000     0.00000     0.00000     0.00000     0.00000     0.00000     0.00000     0.00000
   -11.67905     0.00000     0.00000     0.00000     0.00000     0.00000     0.00000     0.00000     0.00000     0.00000     0.00000
   -11.59805     0.00000     0.00000     0.00000     0.00000     0.00000     0.00000     0.00000     0.00000     0.00000     0.00000
   -11.51705     0.00000     0.00000     0.00000     0.00000     0.00000     0.00000     0.00000     0.00000     0.00000     0.00000
   -11.43605     0.00000     0.00000     0.00000     0.00000     0.00000     0.00000     0.00000     0.00000     0.00000     0.00000
   -11.35505     0.00000     0.00000     0.00000     0.00000     0.00000     0.00000     0.00000     0.00000     0.00000     0.00000
   -11.27505     0.00000     0.00000     0.00000     0.00000     0.00000     0.00000     0.00000     0.00000     0.00000     0.00000
   -11.19405     0.00000     0.00000     0.00000     0.00000     0.00000     0.00000     0.00000     0.00000     0.00000     0.00000
   -11.11305     0.00000     0.00000     0.00000     0.00000     0.00000     0.00000     0.00000     0.00000     0.00000     0.00000
   -11.03205     0.00000     0.00000     0.00000     0.00000     0.00000     0.00000     0.00000     0.00000     0.00000     0.00000
   -10.95205     0.00000     0.00000     0.00000     0.00000     0.00000     0.00000     0.00000     0.00000     0.00000     0.00000
   -10.87105     0.00000     0.00000     0.00000     0.00000     0.00000     0.00000     0.00000     0.00000     0.00000     0.00000
   -10.79005     0.00000     0.00000     0.00000     0.00000     0.00000     0.00000     0.00000     0.00000     0.00000     0.00000
   -10.70905     0.00000     0.00000     0.00000     0.00000     0.00000     0.00000     0.00000     0.00000     0.00000     0.00000
   -10.62805     0.00000     0.00000     0.00000     0.00000     0.00000     0.00000     0.00000     0.00000     0.00000     0.00000
   -10.54805     0.00000     0.00000     0.00000     0.00000     0.00000     0.00000     0.00000     0.00000     0.00000     0.00000
   -10.46705     0.00000     0.00000     0.00000     0.00000     0.00000     0.00000     0.00000     0.00000     0.00000     0.00000
   -10.38605     0.00000     0.00000     0.00000     0.00000     0.00000     0.00000     0.00000     0.00000     0.00000     0.00000
   -10.30505     0.00000     0.00000     0.00000     0.00000     0.00000     0.00000     0.00000     0.00000     0.00000     0.00000
   -10.22405     0.00000     0.00000     0.00000     0.00000     0.00000     0.00000     0.00000     0.00000     0.00000     0.00000
   -10.14405     0.00000     0.00000     0.00000     0.00000     0.00000     0.00000     0.00000     0.00000     0.00000     0.00000
   -10.06305     0.00000     0.00000     0.00000     0.00000     0.00000     0.00000     0.00000     0.00000     0.00000     0.00000
    -9.98205     0.00000     0.00000     0.00000     0.00000     0.00000     0.00000     0.00000     0.00000     0.00000     0.00000
    -9.90105     0.00000     0.00000     0.00000     0.00000     0.00000     0.00000     0.00000     0.00000     0.00000     0.00000
    -9.82005     0.00000     0.00000     0.00000     0.00000     0.00000     0.00000     0.00000     0.00000     0.00000     0.00000
    -9.74005     0.00000     0.00000     0.00000     0.00000     0.00000     0.00000     0.00000     0.00000     0.00000     0.00000
    -9.65905     0.00000     0.00000     0.00000     0.00000     0.00000     0.00000     0.00000     0.00000     0.00000     0.00000
    -9.57805     0.00000     0.00000     0.00000     0.00000     0.00000     0.00000     0.00000     0.00000     0.00000     0.00000
    -9.49705     0.00000     0.00000     0.00000     0.00000     0.00000     0.00000     0.00000     0.00000     0.00000     0.00000
    -9.41605     0.00000     0.00000     0.00000     0.00000     0.00000     0.00000     0.00000     0.00000     0.00000     0.00000
    -9.33605     0.00000     0.00000     0.00000     0.00000     0.00000     0.00000     0.00000     0.00000     0.00000     0.00000
    -9.25505     0.00000     0.00000     0.00000     0.00000     0.00000     0.00000     0.00000     0.00000     0.00000     0.00000
    -9.17405     0.00000     0.00000     0.00000     0.00000     0.00000     0.00000     0.00000     0.00000     0.00000     0.00000
    -9.09305     0.00000     0.00000     0.00000     0.00000     0.00000     0.00000     0.00000     0.00000     0.00000     0.00000
    -9.01205     0.00000     0.00000     0.00000     0.00000     0.00000     0.00000     0.00000     0.00000     0.00000     0.00000
    -8.93205     0.00000     0.00000     0.00000     0.00000     0.00000     0.00000     0.00000     0.00000     0.00000     0.00000
    -8.85105     0.00000     0.00000     0.00000     0.00000     0.00000     0.00000     0.00000     0.00000     0.00000     0.00000
    -8.77005     0.00000     0.00000     0.00000     0.00000     0.00000     0.00000     0.00000     0.00000     0.00000     0.00000
    -8.68905     0.00000     0.00000     0.00000     0.00000     0.00000     0.00000     0.00000     0.00000     0.00000     0.00000
    -8.60805     0.00000     0.00000     0.00000     0.00000     0.00000     0.00000     0.00000     0.00000     0.00000     0.00000
    -8.52805     0.00000     0.00000     0.00000     0.00000     0.00000     0.00000     0.00000     0.00000     0.00000     0.00000
    -8.44705     0.00000     0.00000     0.00000     0.00000     0.00000     0.00000     0.00000     0.00000     0.00000     0.00000
    -8.36605     0.00000     0.00000     0.00000     0.00000     0.00000     0.00000     0.00000     0.00000     0.00000     0.00000
    -8.28505     0.01262     0.00152     0.00022     0.00241     0.00112     0.00200     0.00186     0.00923     0.04089     0.07187
    -8.20505     0.03728     0.00443     0.00064     0.00631     0.00296     0.00462     0.02842     0.02638     0.12660     0.23765
    -8.12405     0.05378     0.00662     0.00098     0.00915     0.00508     0.00728     0.03251     0.03762     0.17408     0.32709
    -8.04305     0.10273     0.01284     0.00191     0.01835     0.01031     0.01536     0.03922     0.07309     0.32801     0.60182
    -7.96205     0.14814     0.01865     0.00279     0.02685     0.01529     0.02289     0.04511     0.10583     0.46922     0.85477
    -7.88105     0.14095     0.01797     0.00271     0.02496     0.01547     0.02173     0.04547     0.09898     0.43502     0.80326
    -7.80105     0.11940     0.01554     0.00237     0.02022     0.01439     0.01823     0.04397     0.08125     0.35221     0.66759
    -7.72005     0.81357     0.06948     0.01422     0.13201     0.03739     0.12724     0.16011     0.49884     2.19110     4.04398
    -7.63905     2.03842     0.38382     0.05265     0.34759     0.58926     0.42697     1.53364     1.76996     7.19295    14.33525
    -7.55805     1.44238     0.47298     0.06296     0.28517     1.19997     0.63326     1.23751     2.09818     6.63329    14.06569
    -7.47705     1.41891     0.25734     0.05300     0.18739     1.17705     0.92330     1.18933     2.72864     5.51436    13.44931
    -7.39705     1.11694     0.18988     0.04970     0.15150     1.78490     1.00223     0.96237     2.10210     3.36157    10.72117
    -7.31605     1.37051     0.18955     0.08788     0.26171     3.82678     2.34408     1.37172     2.76026     3.03643    15.24892
    -7.23505     1.09911     0.17313     0.12077     0.26895     4.11127     2.53806     1.09100     2.27231     1.69977    13.37436
    -7.15405     0.96786     0.16268     0.11197     0.20278     3.23847     2.05160     0.79813     1.66350     1.37366    10.57066
    -7.07305     1.68162     0.14820     0.12147     0.16238     4.69063     1.60833     0.59749     2.18823     1.32203    12.52038
    -6.99305     2.38543     0.31112     0.30505     0.44255     6.95518     1.90657     1.64435     3.17635     4.46436    21.59095
    -6.91205     1.70556     0.16719     0.22751     0.34281     3.64875     1.51742     1.40795     2.38804     2.92612    14.33135
    -6.83105     2.18572     0.24406     0.27973     0.41056     4.27614     1.58800     1.98465     2.40809     4.55983    17.93678
    -6.75005     3.75289     0.39510     0.32311     0.54292     4.33528     2.08175     3.27249     2.47825     3.49286    20.67465
    -6.66905     1.97768     0.30090     0.21707     0.39627     3.02456     1.73715     1.88652     1.66720     2.35199    13.55934
    -6.58905     1.39710     0.26277     0.19066     0.29083     2.20034     1.32622     1.54276     1.36145     1.74462    10.31675
    -6.50805     2.98634     0.47058     0.42536     0.56021     4.73947     3.05405     3.28032     2.43263     2.78972    20.73868
    -6.42705     3.08540     0.65705     0.44551     0.76388     3.94758     3.08929     4.06710     3.28768     4.31500    23.65849
    -6.34605     2.64720     0.65805     0.51645     0.66209     3.22580     2.77693     3.84490     3.14055     3.56800    21.03997
    -6.26505     2.23350     0.64397     0.66036     0.78569     3.57160     2.59801     3.16950     2.88930     3.67078    20.22271
    -6.18505     1.70508     0.54470     0.69800     0.77777     3.27433     2.74412     2.73726     2.82171     2.65258    17.95555
    -6.10405     2.09945     0.62150     1.05138     1.10546     3.94902     4.44651     2.89242     5.97330     2.06554    24.20458
    -6.02305     2.31985     1.05824     1.09438     0.95699     4.40833     4.76020     3.37649     6.59810     3.03920    27.61178
    -5.94205     2.37617     1.22672     1.01960     1.05645     4.83787     2.73616     3.72793     5.09916     3.05229    25.13235
    -5.86105     1.84697     0.90051     0.84836     0.79462     2.46929     3.11078     2.73553     4.49229     1.90499    19.10334
    -5.78105     1.72191     0.81502     0.90210     1.00936     3.65849     3.96984     3.31098     4.52910     1.92189    21.83869
    -5.70005     1.28880     0.81728     0.58607     0.79324     3.80877     3.33981     2.12026     2.97592     1.57667    17.30682
    -5.61905     1.86154     1.02377     0.57348     0.91864     4.16098     3.77628     2.86132     3.50437     1.58422    20.26460
    -5.53805     1.56294     1.13476     0.38664     0.62447     4.34854     3.63486     2.74763     2.58281     1.54558    18.56823
    -5.45705     2.46578     0.99096     0.64672     0.89618     4.05580     4.34220     3.98600     3.81050     2.44400    23.63814
    -5.37705     1.71592     0.66418     0.43357     0.58627     3.12982     3.64201     2.43115     2.86065     1.54276    17.00633
    -5.29605     1.85717     0.57135     0.42817     0.76977     2.16870     3.26939     2.62180     2.47180     1.60037    15.75852
    -5.21505     2.00360     0.83262     0.60743     1.12443     2.74982     5.39090     3.54202     3.57214     2.07222    21.89518
    -5.13405     3.26561     1.29588     0.44013     1.11298     3.08371     5.41055     3.53280     3.65784     2.90271    24.70221
    -5.05405     2.66705     0.90796     0.29827     0.84697     2.72586     2.33193     2.50226     2.13310     1.91935    16.33275
    -4.97305     2.37565     0.95259     0.35183     0.76959     2.98374     2.19978     2.72433     2.43084     2.65868    17.44703
    -4.89205     2.15827     0.95603     0.36903     0.71362     3.03701     2.55618     2.73923     2.16707     3.23149    17.92793
    -4.81105     2.43828     1.12477     0.54552     0.89681     3.89460     4.26080     3.17133     3.87470     3.66149    23.86830
    -4.73005     1.61779     1.10527     0.63823     0.75250     2.76963     2.96198     2.40407     2.78186     2.34540    17.37673
    -4.65005     1.61255     1.15620     0.81749     0.68816     2.31461     3.32958     1.84717     2.74198     2.30962    16.81736
    -4.56905     1.71749     1.44839     1.01379     0.57706     2.05754     3.26397     1.94838     2.35108     2.82007    17.19777
    -4.48805     1.51541     0.99118     1.15313     0.59431     1.81857     6.36910     1.89351     4.62852     2.20997    21.17370
    -4.40705     1.14595     0.82214     1.23598     0.61555     2.29729     4.17669     1.68900     3.45140     2.10585    17.53985
    -4.32605     1.38811     0.87074     1.57169     0.75564     2.11798     5.39410     2.22348     3.82882     2.05685    20.20741
    -4.24605     1.22263     1.01625     2.68501     0.77317     1.62009     8.45670     1.99410     7.43655     1.92408    27.12858
    -4.16505     1.10965     1.20232     2.04929     0.99256     1.30466     6.91240     1.58521     6.08798     1.76776    23.01183
    -4.08405     0.91548     1.19452     1.24619     0.89696     1.13908     7.24264     1.26200     6.87576     1.50969    22.28232
    -4.00305     1.25983     1.36090     1.20805     0.88808     2.81773     6.47821     1.15376     5.69319     3.77688    24.63663
    -3.92205     0.82056     1.11537     1.16816     0.90140     2.19246     4.56138     1.20342     3.51869     2.29752    17.77896
    -3.84205     0.64993     0.85062     0.73403     0.81114     1.54234     3.27742     1.31521     2.86503     1.40040    13.44612
    -3.76105     0.69556     0.88254     0.71159     0.85822     1.15657     4.23456     2.01310     3.60916     1.47253    15.63383
    -3.68005     0.41841     0.63206     0.62086     0.60678     1.15210     2.67663     1.58746     2.04096     1.35198    11.08724
    -3.59905     0.27838     0.35069     0.44457     0.43435     1.93509     2.53889     0.74613     2.09690     1.90474    10.72975
    -3.51805     0.27937     0.30106     0.47013     0.76109     1.14880     2.93690     0.77177     2.02374     0.74348     9.43634
    -3.43805     0.28986     0.52133     0.57215     0.54952     1.29365     1.99944     1.46989     1.38691     1.48614     9.56888
    -3.35705     0.35038     0.56339     0.73299     0.58647     2.52127     2.84056     1.87851     2.36040     2.37886    14.21283
    -3.27605     0.53701     0.61869     1.74865     0.88417     2.97355     5.31019     2.84548     5.33906     3.27967    23.53647
    -3.19505     0.39451     0.61589     0.55123     0.76904     2.83449     3.49256     1.71622     3.60286     2.76076    16.73755
    -3.11405     0.39693     0.52591     0.71135     0.82713     1.63647     3.75148     2.19216     3.39453     1.33653    14.77249
    -3.03405     0.22959     0.44897     0.38114     0.72145     3.51943     1.24163     1.76682     1.25856     3.61780    13.18539
    -2.95305     0.20517     0.43084     0.60442     0.79702     3.24489     1.41340     1.64131     1.35676     4.35063    14.04444
    -2.87205     0.14431     0.30188     0.87350     0.59037     2.11965     2.16637     1.22462     2.04049     2.71248    12.17368
    -2.79105     0.16407     0.30444     0.81385     0.35682     1.78004     2.80877     1.35082     2.89825     1.89812    12.37518
    -2.71005     0.15400     0.26139     0.58387     0.28059     1.23503     1.14610     1.07987     1.12177     1.07821     6.94083
    -2.63005     0.17857     0.50692     0.41667     0.45711     1.49650     0.37396     1.47471     0.36511     1.91044     7.17997
    -2.54905     0.15601     0.29574     0.63983     0.32052     0.90025     1.92384     1.06986     1.87038     0.88449     8.06091
    -2.46805     0.09255     0.13063     0.71389     0.12549     0.33234     1.22835     0.52991     1.18651     0.38837     4.72804
    -2.38705     0.14706     0.12057     1.06427     0.12548     0.96002     3.62864     0.83205     3.58096     0.67690    11.13595
    -2.30705     0.15598     0.08165     1.36636     0.07346     0.51666     1.40919     1.21837     1.72586     0.67890     7.22644
    -2.22605     0.11547     0.17739     0.18563     0.18331     1.43260     0.26996     2.44311     0.32776     1.48249     6.61773
    -2.14505     0.17232     0.34823     0.05815     0.34074     3.69121     0.07056     6.16604     0.07599     3.68757    14.61080
    -2.06405     0.15013     0.39448     0.06952     0.43611     4.20536     0.06953     6.91078     0.09022     4.35057    16.67671
    -1.98305     0.18462     0.33855     0.06564     0.33860     5.02267     0.07268     8.36580     0.15962     5.20308    19.75128
    -1.90305     0.23309     0.20096     0.06293     0.19866     4.29142     0.07740     8.64432     0.24349     4.57614    18.52841
    -1.82205     0.65684     0.76142     0.11644     0.92020    15.17757     0.19660    19.56302     0.88089    16.38727    54.66024
    -1.74105     0.25477     0.18479     0.06035     0.13319     2.21371     0.15719     9.21301     2.37677     6.88320    21.47697
    -1.66005     0.42203     0.33840     0.05771     0.38218     7.35144     0.31306    13.31734     3.12621    13.14078    38.44915
    -1.57905     0.14447     0.18538     0.02866     0.14276     2.47763     0.15664     6.50534     4.10975    10.27279    24.02342
    -1.49905     0.08941     0.11367     0.02814     0.12528     1.78368     0.16797     7.94806     5.35500    13.28266    28.89387
    -1.41805     0.06162     0.03886     0.00691     0.04141     3.50222     0.08458     1.43779     0.54679     4.54442    10.26459
    -1.33705     0.01411     0.00663     0.00190     0.00551     0.56636     0.05003     0.17968     0.07689     0.55020     1.45130
    -1.25605     0.00722     0.00182     0.00214     0.00245     0.10351     0.07063     0.09685     0.12939     0.07394     0.48795
    -1.17505     0.00810     0.00204     0.00240     0.00275     0.11602     0.07913     0.10881     0.14514     0.08292     0.54731
    -1.09505     0.00876     0.00220     0.00259     0.00297     0.12519     0.08534     0.11769     0.15672     0.08952     0.59097
    -1.01405     0.04181     0.01656     0.02783     0.03155     2.42545     1.98005     0.55738     2.16833     1.24286     8.49181
    -0.93305     0.12252     0.02955     0.04797     0.04714     2.74180     2.20990     1.59224     2.57506     1.36867    10.73484
    -0.85205     1.22612     0.11129     0.25897     0.19781    11.62634     7.80461    14.91312     8.98676     4.50263    49.62765
    -0.77105     0.02929     0.00380     0.00844     0.00623     0.39168     0.29508     0.34900     0.27765     0.12040     1.48157
    -0.69105     0.00807     0.00091     0.00142     0.00129     0.06206     0.05017     0.08747     0.04467     0.02737     0.28343
    -0.61005     1.61047     0.17943     0.18123     0.11638     3.15980    13.80839    21.85568     4.43498    12.34288    57.68925
    -0.52905     0.88142     0.05525     0.06970     0.08420     2.28394     5.10707     6.23697     3.23636     2.88946    20.84438
    -0.44805     0.30952     0.00987     0.01403     0.02755     0.46216     0.77476     1.46862     0.84408     0.36823     4.27882
    -0.36705     7.35081     0.26928     0.41245     0.21074     4.75554     8.80247    30.21900     7.07395     4.53802    63.63227
    -0.28705     1.11631     0.04736     0.06147     0.03919     0.71973     1.57250     5.32026     0.85852     0.84373    10.57907
    -0.20605     0.00000     0.00000     0.00000     0.00000     0.00000     0.00000     0.00000     0.00000     0.00000     0.00000
    -0.12505     0.00000     0.00000     0.00000     0.00000     0.00000     0.00000     0.00000     0.00000     0.00000     0.00000
    -0.04405     0.00000     0.00000     0.00000     0.00000     0.00000     0.00000     0.00000     0.00000     0.00000     0.00000
     0.03695     1.08958     0.06318     0.14265     0.14991     3.25439     3.10083     6.58132     1.82359     3.02123    19.22668
     0.11695     2.32783     0.16091     0.31374     0.33998     7.38426     5.88312    15.15550     5.01581     7.67896    44.26012
     0.19795     0.62875     0.07348     0.10499     0.12690     4.31559     2.93701     7.04587     4.21994     2.64351    22.09604
     0.27895     0.69014     0.12141     0.11018     0.15834     4.71927     3.94036     8.91968     4.66634     3.34277    26.66848
     0.35995     0.71100     0.22917     0.09030     0.23229     4.44070     5.78719     8.93770     5.26532     6.41800    32.11167
     0.43995     1.08596     0.63678     0.19771     0.72495    11.46720    14.49300    20.47960    13.24342    17.14680    79.47542
     0.52095     0.58834     0.46879     0.12262     0.57194    15.43810     6.56830    15.46130     7.49585    15.45840    62.17364
     0.60195     0.45305     0.28126     0.07754     0.36248    11.53560     4.17303    11.18844     4.44908    10.84305    43.36353
     0.68295     0.43783     0.35381     0.16781     0.33644    10.52150     9.13866     7.84330     4.71635    11.59120    45.10691
     0.76395     0.65671     0.39838     0.19715     0.52640    12.06650     8.09270    14.11390     7.84463    10.52070    54.41707
     0.84395     0.95982     0.53026     0.23630     0.70052    18.69230    10.03250    21.63130    10.83663    17.21030    80.82993
     0.92495     0.78045     0.52576     0.24467     0.38935    11.89240    11.25490    16.95500     6.82820    12.85160    61.72232
     1.00595     0.96228     0.62852     0.31957     0.64402    14.40550    14.47090    19.41520     7.69970    15.36620    73.91189
     1.08695     0.40668     0.40043     0.24687     0.37246     7.45849    11.04500    10.15250     6.94210     7.72640    44.75093
     1.16795     0.49806     0.41939     0.24774     0.48713     9.91872    10.18180     8.90941     6.39910     9.49080    46.55215
     1.24795     0.41528     0.34869     0.20886     0.43753     7.36029     9.13160     5.83106     6.29144     7.73010    37.75485
     1.32895     0.35019     0.39869     0.26731     0.52025     7.39632    15.15720     5.78246    14.97486     5.83470    50.68198
     1.40995     0.25767     0.35725     0.18842     0.47369     6.56830     8.18870     4.58307     6.12235     4.65810    31.39755
     1.49095     0.38965     0.59756     0.28293     0.74442    10.53160    11.71240     6.58606     9.44354     6.71440    47.00256
     1.57195     0.24660     0.34128     0.19456     0.46009     4.99106     8.32360     5.23751     6.70825     3.93679    30.43975
     1.65195     0.15335     0.30486     0.16508     0.25938     3.35148     6.08690     2.98334     4.58355     2.63281    20.52076
     1.73295     0.04795     0.15054     0.07903     0.10247     1.40944     2.20117     0.99382     1.65615     1.33496     7.97553
     1.81395     0.08462     0.30608     0.16005     0.10436     1.97271     3.84108     1.39554     3.68098     1.42586    12.97127
     1.89495     0.03639     0.15508     0.04148     0.02183     0.67940     1.14249     0.34243     0.98433     0.27269     3.67613
     1.97595     0.00000     0.00000     0.00000     0.00000     0.00000     0.00000     0.00000     0.00000     0.00000     0.00000
     2.05595     0.00000     0.00000     0.00000     0.00000     0.00000     0.00000     0.00000     0.00000     0.00000     0.00000
     2.13695     0.00000     0.00000     0.00000     0.00000     0.00000     0.00000     0.00000     0.00000     0.00000     0.00000
     2.21795     0.00000     0.00000     0.00000     0.00000     0.00000     0.00000     0.00000     0.00000     0.00000     0.00000
     2.29895     0.00000     0.00000     0.00000     0.00000     0.00000     0.00000     0.00000     0.00000     0.00000     0.00000
     2.37995     0.00000     0.00000     0.00000     0.00000     0.00000     0.00000     0.00000     0.00000     0.00000     0.00000
     2.45995     0.00000     0.00000     0.00000     0.00000     0.00000     0.00000     0.00000     0.00000     0.00000     0.00000
     2.54095     0.00000     0.00000     0.00000     0.00000     0.00000     0.00000     0.00000     0.00000     0.00000     0.00000
     2.62195     0.00000     0.00000     0.00000     0.00000     0.00000     0.00000     0.00000     0.00000     0.00000     0.00000
     2.70295     0.00000     0.00000     0.00000     0.00000     0.00000     0.00000     0.00000     0.00000     0.00000     0.00000
     2.78395     0.00000     0.00000     0.00000     0.00000     0.00000     0.00000     0.00000     0.00000     0.00000     0.00000
     2.86395     0.00000     0.00000     0.00000     0.00000     0.00000     0.00000     0.00000     0.00000     0.00000     0.00000
     2.94495     0.00000     0.00000     0.00000     0.00000     0.00000     0.00000     0.00000     0.00000     0.00000     0.00000
     3.02595     0.00000     0.00000     0.00000     0.00000     0.00000     0.00000     0.00000     0.00000     0.00000     0.00000
