     #Energy           s          py          pz          px         dxy         dyz         dz2         dxz         dx2       tot  
   -17.54709     0.00000     0.00000     0.00000     0.00000     0.00000     0.00000     0.00000     0.00000     0.00000     0.00000
   -17.45909     0.00000     0.00000     0.00000     0.00000     0.00000     0.00000     0.00000     0.00000     0.00000     0.00000
   -17.37109     0.00000     0.00000     0.00000     0.00000     0.00000     0.00000     0.00000     0.00000     0.00000     0.00000
   -17.28209     0.00000     0.00000     0.00000     0.00000     0.00000     0.00000     0.00000     0.00000     0.00000     0.00000
   -17.19409     0.00000     0.00000     0.00000     0.00000     0.00000     0.00000     0.00000     0.00000     0.00000     0.00000
   -17.10609     0.00000     0.00000     0.00000     0.00000     0.00000     0.00000     0.00000     0.00000     0.00000     0.00000
   -17.01809     0.00000     0.00000     0.00000     0.00000     0.00000     0.00000     0.00000     0.00000     0.00000     0.00000
   -16.93009     0.00000     0.00000     0.00000     0.00000     0.00000     0.00000     0.00000     0.00000     0.00000     0.00000
   -16.84209     0.00000     0.00000     0.00000     0.00000     0.00000     0.00000     0.00000     0.00000     0.00000     0.00000
   -16.75409     0.00000     0.00000     0.00000     0.00000     0.00000     0.00000     0.00000     0.00000     0.00000     0.00000
   -16.66609     0.00000     0.00000     0.00000     0.00000     0.00000     0.00000     0.00000     0.00000     0.00000     0.00000
   -16.57809     0.00000     0.00000     0.00000     0.00000     0.00000     0.00000     0.00000     0.00000     0.00000     0.00000
   -16.49009     0.00000     0.00000     0.00000     0.00000     0.00000     0.00000     0.00000     0.00000     0.00000     0.00000
   -16.40209     0.00000     0.00000     0.00000     0.00000     0.00000     0.00000     0.00000     0.00000     0.00000     0.00000
   -16.31409     0.00000     0.00000     0.00000     0.00000     0.00000     0.00000     0.00000     0.00000     0.00000     0.00000
   -16.22609     0.00000     0.00000     0.00000     0.00000     0.00000     0.00000     0.00000     0.00000     0.00000     0.00000
   -16.13809     0.00000     0.00000     0.00000     0.00000     0.00000     0.00000     0.00000     0.00000     0.00000     0.00000
   -16.05009     0.00000     0.00000     0.00000     0.00000     0.00000     0.00000     0.00000     0.00000     0.00000     0.00000
   -15.96109     0.00000     0.00000     0.00000     0.00000     0.00000     0.00000     0.00000     0.00000     0.00000     0.00000
   -15.87309     0.00000     0.00000     0.00000     0.00000     0.00000     0.00000     0.00000     0.00000     0.00000     0.00000
   -15.78509     0.00000     0.00000     0.00000     0.00000     0.00000     0.00000     0.00000     0.00000     0.00000     0.00000
   -15.69709     0.00000     0.00000     0.00000     0.00000     0.00000     0.00000     0.00000     0.00000     0.00000     0.00000
   -15.60909     0.00000     0.00000     0.00000     0.00000     0.00000     0.00000     0.00000     0.00000     0.00000     0.00000
   -15.52109     0.00000     0.00000     0.00000     0.00000     0.00000     0.00000     0.00000     0.00000     0.00000     0.00000
   -15.43309     0.00000     0.00000     0.00000     0.00000     0.00000     0.00000     0.00000     0.00000     0.00000     0.00000
   -15.34509     0.00000     0.00000     0.00000     0.00000     0.00000     0.00000     0.00000     0.00000     0.00000     0.00000
   -15.25709     0.00000     0.00000     0.00000     0.00000     0.00000     0.00000     0.00000     0.00000     0.00000     0.00000
   -15.16909     0.00000     0.00000     0.00000     0.00000     0.00000     0.00000     0.00000     0.00000     0.00000     0.00000
   -15.08109     0.00000     0.00000     0.00000     0.00000     0.00000     0.00000     0.00000     0.00000     0.00000     0.00000
   -14.99309     0.00000     0.00000     0.00000     0.00000     0.00000     0.00000     0.00000     0.00000     0.00000     0.00000
   -14.90509     0.00000     0.00000     0.00000     0.00000     0.00000     0.00000     0.00000     0.00000     0.00000     0.00000
   -14.81709     0.00000     0.00000     0.00000     0.00000     0.00000     0.00000     0.00000     0.00000     0.00000     0.00000
   -14.72909     0.00000     0.00000     0.00000     0.00000     0.00000     0.00000     0.00000     0.00000     0.00000     0.00000
   -14.64109     0.00000     0.00000     0.00000     0.00000     0.00000     0.00000     0.00000     0.00000     0.00000     0.00000
   -14.55209     0.00000     0.00000     0.00000     0.00000     0.00000     0.00000     0.00000     0.00000     0.00000     0.00000
   -14.46409     0.00000     0.00000     0.00000     0.00000     0.00000     0.00000     0.00000     0.00000     0.00000     0.00000
   -14.37609     0.00000     0.00000     0.00000     0.00000     0.00000     0.00000     0.00000     0.00000     0.00000     0.00000
   -14.28809     0.00000     0.00000     0.00000     0.00000     0.00000     0.00000     0.00000     0.00000     0.00000     0.00000
   -14.20009     0.00000     0.00000     0.00000     0.00000     0.00000     0.00000     0.00000     0.00000     0.00000     0.00000
   -14.11209     0.00000     0.00000     0.00000     0.00000     0.00000     0.00000     0.00000     0.00000     0.00000     0.00000
   -14.02409     0.00000     0.00000     0.00000     0.00000     0.00000     0.00000     0.00000     0.00000     0.00000     0.00000
   -13.93609     0.00000     0.00000     0.00000     0.00000     0.00000     0.00000     0.00000     0.00000     0.00000     0.00000
   -13.84809     0.00000     0.00000     0.00000     0.00000     0.00000     0.00000     0.00000     0.00000     0.00000     0.00000
   -13.76009     0.00000     0.00000     0.00000     0.00000     0.00000     0.00000     0.00000     0.00000     0.00000     0.00000
   -13.67209     0.00000     0.00000     0.00000     0.00000     0.00000     0.00000     0.00000     0.00000     0.00000     0.00000
   -13.58409     0.00000     0.00000     0.00000     0.00000     0.00000     0.00000     0.00000     0.00000     0.00000     0.00000
   -13.49609     0.00000     0.00000     0.00000     0.00000     0.00000     0.00000     0.00000     0.00000     0.00000     0.00000
   -13.40809     0.00000     0.00000     0.00000     0.00000     0.00000     0.00000     0.00000     0.00000     0.00000     0.00000
   -13.32009     0.00000     0.00000     0.00000     0.00000     0.00000     0.00000     0.00000     0.00000     0.00000     0.00000
   -13.23209     0.00000     0.00000     0.00000     0.00000     0.00000     0.00000     0.00000     0.00000     0.00000     0.00000
   -13.14309     0.00000     0.00000     0.00000     0.00000     0.00000     0.00000     0.00000     0.00000     0.00000     0.00000
   -13.05509     0.00000     0.00000     0.00000     0.00000     0.00000     0.00000     0.00000     0.00000     0.00000     0.00000
   -12.96709     0.00000     0.00000     0.00000     0.00000     0.00000     0.00000     0.00000     0.00000     0.00000     0.00000
   -12.87909     0.00000     0.00000     0.00000     0.00000     0.00000     0.00000     0.00000     0.00000     0.00000     0.00000
   -12.79109     0.00000     0.00000     0.00000     0.00000     0.00000     0.00000     0.00000     0.00000     0.00000     0.00000
   -12.70309    -0.00099    -0.00005    -0.00002    -0.00005     0.00000     0.00000     0.00000     0.00000     0.00000    -0.00112
   -12.61509    -0.00037    -0.00002    -0.00001    -0.00002     0.00000     0.00000     0.00000     0.00000     0.00000    -0.00042
   -12.52709    -0.00043    -0.00002    -0.00002    -0.00002     0.00000     0.00000     0.00000     0.00000     0.00000    -0.00048
   -12.43909    -0.00200    -0.00007    -0.00007    -0.00006     0.00000     0.00000     0.00000     0.00000     0.00000    -0.00221
   -12.35109    -0.10151    -0.00374    -0.00376    -0.00327     0.00000     0.00000     0.00000     0.00000     0.00000    -0.11228
   -12.26309    -0.00303    -0.00011    -0.00012    -0.00011     0.00000     0.00000     0.00000     0.00000     0.00000    -0.00336
   -12.17509    -0.00114    -0.00004    -0.00004    -0.00004     0.00000     0.00000     0.00000     0.00000     0.00000    -0.00127
   -12.08709    -0.00050    -0.00002    -0.00002    -0.00003     0.00000     0.00000     0.00000     0.00000     0.00000    -0.00056
   -11.99909    -0.00136    -0.00006    -0.00005    -0.00006     0.00000     0.00000     0.00000     0.00000     0.00000    -0.00153
   -11.91109    -0.00064    -0.00003    -0.00002    -0.00002     0.00000     0.00000     0.00000     0.00000     0.00000    -0.00071
   -11.82209    -0.00042    -0.00002    -0.00002    -0.00002     0.00000     0.00000     0.00000     0.00000     0.00000    -0.00048
   -11.73409     0.00000     0.00000     0.00000     0.00000     0.00000     0.00000     0.00000     0.00000     0.00000     0.00000
   -11.64609     0.00000     0.00000     0.00000     0.00000     0.00000     0.00000     0.00000     0.00000     0.00000     0.00000
   -11.55809     0.00000     0.00000     0.00000     0.00000     0.00000     0.00000     0.00000     0.00000     0.00000     0.00000
   -11.47009     0.00000     0.00000     0.00000     0.00000     0.00000     0.00000     0.00000     0.00000     0.00000     0.00000
   -11.38209     0.00000     0.00000     0.00000     0.00000     0.00000     0.00000     0.00000     0.00000     0.00000     0.00000
   -11.29409     0.00000     0.00000     0.00000     0.00000     0.00000     0.00000     0.00000     0.00000     0.00000     0.00000
   -11.20609     0.00000     0.00000     0.00000     0.00000     0.00000     0.00000     0.00000     0.00000     0.00000     0.00000
   -11.11809     0.00000     0.00000     0.00000     0.00000     0.00000     0.00000     0.00000     0.00000     0.00000     0.00000
   -11.03009     0.00000     0.00000     0.00000     0.00000     0.00000     0.00000     0.00000     0.00000     0.00000     0.00000
   -10.94209     0.00000     0.00000     0.00000     0.00000     0.00000     0.00000     0.00000     0.00000     0.00000     0.00000
   -10.85409     0.00000     0.00000     0.00000     0.00000     0.00000     0.00000     0.00000     0.00000     0.00000     0.00000
   -10.76609     0.00000     0.00000     0.00000     0.00000     0.00000     0.00000     0.00000     0.00000     0.00000     0.00000
   -10.67809     0.00000     0.00000     0.00000     0.00000     0.00000     0.00000     0.00000     0.00000     0.00000     0.00000
   -10.59009     0.00000     0.00000     0.00000     0.00000     0.00000     0.00000     0.00000     0.00000     0.00000     0.00000
   -10.50209     0.00000     0.00000     0.00000     0.00000     0.00000     0.00000     0.00000     0.00000     0.00000     0.00000
   -10.41309     0.00000     0.00000     0.00000     0.00000     0.00000     0.00000     0.00000     0.00000     0.00000     0.00000
   -10.32509     0.00000     0.00000     0.00000     0.00000     0.00000     0.00000     0.00000     0.00000     0.00000     0.00000
   -10.23709     0.00000     0.00000     0.00000     0.00000     0.00000     0.00000     0.00000     0.00000     0.00000     0.00000
   -10.14909     0.00000     0.00000     0.00000     0.00000     0.00000     0.00000     0.00000     0.00000     0.00000     0.00000
   -10.06109     0.00000     0.00000     0.00000     0.00000     0.00000     0.00000     0.00000     0.00000     0.00000     0.00000
    -9.97309     0.00000     0.00000     0.00000     0.00000     0.00000     0.00000     0.00000     0.00000     0.00000     0.00000
    -9.88509     0.00000     0.00000     0.00000     0.00000     0.00000     0.00000     0.00000     0.00000     0.00000     0.00000
    -9.79709     0.00000     0.00000     0.00000     0.00000     0.00000     0.00000     0.00000     0.00000     0.00000     0.00000
    -9.70909     0.00000     0.00000     0.00000     0.00000     0.00000     0.00000     0.00000     0.00000     0.00000     0.00000
    -9.62109     0.00000     0.00000     0.00000     0.00000     0.00000     0.00000     0.00000     0.00000     0.00000     0.00000
    -9.53309     0.00000     0.00000     0.00000     0.00000     0.00000     0.00000     0.00000     0.00000     0.00000     0.00000
    -9.44509     0.00000     0.00000     0.00000     0.00000     0.00000     0.00000     0.00000     0.00000     0.00000     0.00000
    -9.35709     0.00000     0.00000     0.00000     0.00000     0.00000     0.00000     0.00000     0.00000     0.00000     0.00000
    -9.26909     0.00000     0.00000     0.00000     0.00000     0.00000     0.00000     0.00000     0.00000     0.00000     0.00000
    -9.18109     0.00000     0.00000     0.00000     0.00000     0.00000     0.00000     0.00000     0.00000     0.00000     0.00000
    -9.09309     0.00000     0.00000     0.00000     0.00000     0.00000     0.00000     0.00000     0.00000     0.00000     0.00000
    -9.00409     0.00000     0.00000     0.00000     0.00000     0.00000     0.00000     0.00000     0.00000     0.00000     0.00000
    -8.91609     0.00000     0.00000     0.00000     0.00000     0.00000     0.00000     0.00000     0.00000     0.00000     0.00000
    -8.82809     0.00000     0.00000     0.00000     0.00000     0.00000     0.00000     0.00000     0.00000     0.00000     0.00000
    -8.74009     0.00000     0.00000     0.00000     0.00000     0.00000     0.00000     0.00000     0.00000     0.00000     0.00000
    -8.65209     0.00000     0.00000     0.00000     0.00000     0.00000     0.00000     0.00000     0.00000     0.00000     0.00000
    -8.56409     0.00000     0.00000     0.00000     0.00000     0.00000     0.00000     0.00000     0.00000     0.00000     0.00000
    -8.47609     0.00000     0.00000     0.00000     0.00000     0.00000     0.00000     0.00000     0.00000     0.00000     0.00000
    -8.38809     0.00000     0.00000     0.00000     0.00000     0.00000     0.00000     0.00000     0.00000     0.00000     0.00000
    -8.30009     0.00000     0.00000     0.00000     0.00000     0.00000     0.00000     0.00000     0.00000     0.00000     0.00000
    -8.21209     0.00000     0.00000     0.00000     0.00000     0.00000     0.00000     0.00000     0.00000     0.00000     0.00000
    -8.12409     0.00000     0.00000     0.00000     0.00000     0.00000     0.00000     0.00000     0.00000     0.00000     0.00000
    -8.03609     0.00000     0.00000     0.00000     0.00000     0.00000     0.00000     0.00000     0.00000     0.00000     0.00000
    -7.94809     0.00000     0.00000     0.00000     0.00000     0.00000     0.00000     0.00000     0.00000     0.00000     0.00000
    -7.86009     0.00000     0.00000     0.00000     0.00000     0.00000     0.00000     0.00000     0.00000     0.00000     0.00000
    -7.77209     0.00000     0.00000     0.00000     0.00000     0.00000     0.00000     0.00000     0.00000     0.00000     0.00000
    -7.68309     0.00000     0.00000     0.00000     0.00000     0.00000     0.00000     0.00000     0.00000     0.00000     0.00000
    -7.59509     0.00000     0.00000     0.00000     0.00000     0.00000     0.00000     0.00000     0.00000     0.00000     0.00000
    -7.50709     0.00000     0.00000     0.00000     0.00000     0.00000     0.00000     0.00000     0.00000     0.00000     0.00000
    -7.41909     0.00000     0.00000     0.00000     0.00000     0.00000     0.00000     0.00000     0.00000     0.00000     0.00000
    -7.33109     0.00000     0.00000     0.00000     0.00000     0.00000     0.00000     0.00000     0.00000     0.00000     0.00000
    -7.24309     0.00000     0.00000     0.00000     0.00000     0.00000     0.00000     0.00000     0.00000     0.00000     0.00000
    -7.15509     0.00000     0.00000     0.00000     0.00000     0.00000     0.00000     0.00000     0.00000     0.00000     0.00000
    -7.06709     0.00000     0.00000     0.00000     0.00000     0.00000     0.00000     0.00000     0.00000     0.00000     0.00000
    -6.97909     0.00000     0.00000     0.00000     0.00000     0.00000     0.00000     0.00000     0.00000     0.00000     0.00000
    -6.89109     0.00000     0.00000     0.00000     0.00000     0.00000     0.00000     0.00000     0.00000     0.00000     0.00000
    -6.80309     0.00000     0.00000     0.00000     0.00000     0.00000     0.00000     0.00000     0.00000     0.00000     0.00000
    -6.71509     0.00000     0.00000     0.00000     0.00000     0.00000     0.00000     0.00000     0.00000     0.00000     0.00000
    -6.62709     0.00000     0.00000     0.00000     0.00000     0.00000     0.00000     0.00000     0.00000     0.00000     0.00000
    -6.53909     0.00000     0.00000     0.00000     0.00000     0.00000     0.00000     0.00000     0.00000     0.00000     0.00000
    -6.45109     0.00000     0.00000     0.00000     0.00000     0.00000     0.00000     0.00000     0.00000     0.00000     0.00000
    -6.36309     0.00000     0.00000     0.00000     0.00000     0.00000     0.00000     0.00000     0.00000     0.00000     0.00000
    -6.27409     0.00000     0.00000     0.00000     0.00000     0.00000     0.00000     0.00000     0.00000     0.00000     0.00000
    -6.18609     0.00000     0.00000     0.00000     0.00000     0.00000     0.00000     0.00000     0.00000     0.00000     0.00000
    -6.09809     0.00000     0.00000     0.00000     0.00000     0.00000     0.00000     0.00000     0.00000     0.00000     0.00000
    -6.01009     0.00000     0.00000     0.00000     0.00000     0.00000     0.00000     0.00000     0.00000     0.00000     0.00000
    -5.92209     0.00000     0.00000     0.00000     0.00000     0.00000     0.00000     0.00000     0.00000     0.00000     0.00000
    -5.83409     0.00000     0.00000     0.00000     0.00000     0.00000     0.00000     0.00000     0.00000     0.00000     0.00000
    -5.74609     0.00000     0.00000     0.00000     0.00000     0.00000     0.00000     0.00000     0.00000     0.00000     0.00000
    -5.65809     0.00000     0.00000     0.00000     0.00000     0.00000     0.00000     0.00000     0.00000     0.00000     0.00000
    -5.57009     0.00000     0.00000     0.00000     0.00000     0.00000     0.00000     0.00000     0.00000     0.00000     0.00000
    -5.48209     0.00000     0.00000     0.00000     0.00000     0.00000     0.00000     0.00000     0.00000     0.00000     0.00000
    -5.39409     0.00000     0.00000     0.00000     0.00000     0.00000     0.00000     0.00000     0.00000     0.00000     0.00000
    -5.30609     0.00000     0.00000     0.00000     0.00000     0.00000     0.00000     0.00000     0.00000     0.00000     0.00000
    -5.21809     0.00000     0.00000     0.00000     0.00000     0.00000     0.00000     0.00000     0.00000     0.00000     0.00000
    -5.13009     0.00000     0.00000     0.00000     0.00000     0.00000     0.00000     0.00000     0.00000     0.00000     0.00000
    -5.04209     0.00000     0.00000     0.00000     0.00000     0.00000     0.00000     0.00000     0.00000     0.00000     0.00000
    -4.95409     0.00000     0.00000     0.00000     0.00000     0.00000     0.00000     0.00000     0.00000     0.00000     0.00000
    -4.86509     0.00000     0.00000     0.00000     0.00000     0.00000     0.00000     0.00000     0.00000     0.00000     0.00000
    -4.77709     0.00000     0.00000     0.00000     0.00000     0.00000     0.00000     0.00000     0.00000     0.00000     0.00000
    -4.68909     0.00000     0.00000     0.00000     0.00000     0.00000     0.00000     0.00000     0.00000     0.00000     0.00000
    -4.60109     0.00000     0.00000     0.00000     0.00000     0.00000     0.00000     0.00000     0.00000     0.00000     0.00000
    -4.51309     0.00000     0.00000     0.00000     0.00000     0.00000     0.00000     0.00000     0.00000     0.00000     0.00000
    -4.42509     0.00000     0.00000     0.00000     0.00000     0.00000     0.00000     0.00000     0.00000     0.00000     0.00000
    -4.33709     0.00000     0.00000     0.00000     0.00000     0.00000     0.00000     0.00000     0.00000     0.00000     0.00000
    -4.24909     0.00000     0.00000     0.00000     0.00000     0.00000     0.00000     0.00000     0.00000     0.00000     0.00000
    -4.16109     0.00000     0.00000     0.00000     0.00000     0.00000     0.00000     0.00000     0.00000     0.00000     0.00000
    -4.07309    -0.04211    -0.00119    -0.00053    -0.00095     0.00000     0.00000     0.00000     0.00000     0.00000    -0.04477
    -3.98509    -0.00408    -0.00015    -0.00010    -0.00011     0.00000     0.00000     0.00000     0.00000     0.00000    -0.00444
    -3.89709    -0.00112    -0.00005    -0.00004    -0.00003     0.00000     0.00000     0.00000     0.00000     0.00000    -0.00125
    -3.80909    -0.00034    -0.00002    -0.00001    -0.00001     0.00000     0.00000     0.00000     0.00000     0.00000    -0.00039
    -3.72109    -0.00019    -0.00001    -0.00001    -0.00001     0.00000     0.00000     0.00000     0.00000     0.00000    -0.00022
    -3.63309    -0.11303    -0.00286    -0.00360    -0.00262     0.00000     0.00000     0.00000     0.00000     0.00000    -0.12211
    -3.54409    -0.01912    -0.00055    -0.00036    -0.00076     0.00000     0.00000     0.00000     0.00000     0.00000    -0.02077
    -3.45609     0.00000     0.00000     0.00000     0.00000     0.00000     0.00000     0.00000     0.00000     0.00000     0.00000
    -3.36809    -0.01899    -0.00061    -0.00071    -0.00062     0.00000     0.00000     0.00000     0.00000     0.00000    -0.02093
    -3.28009    -0.00802    -0.00034    -0.00048    -0.00039     0.00000     0.00000     0.00000     0.00000     0.00000    -0.00924
    -3.19209    -0.01061    -0.00050    -0.00081    -0.00068     0.00000     0.00000     0.00000     0.00000     0.00000    -0.01260
    -3.10409    -0.00321    -0.00036    -0.00064    -0.00043     0.00000     0.00000     0.00000     0.00000     0.00000    -0.00463
    -3.01609    -0.00475    -0.00153    -0.00299    -0.00194     0.00000     0.00000     0.00000     0.00000     0.00000    -0.01121
    -2.92809    -0.00872    -0.00215    -0.00403    -0.00244     0.00000     0.00000     0.00000     0.00000     0.00000    -0.01734
    -2.84009    -0.03207    -0.00306    -0.00448    -0.00296     0.00000     0.00000     0.00000     0.00000     0.00000    -0.04257
    -2.75209    -0.05371    -0.00355    -0.00467    -0.00398     0.00000     0.00000     0.00000     0.00000     0.00000    -0.06591
    -2.66409    -0.68037    -0.01162    -0.00855    -0.01203     0.00000     0.00000     0.00000     0.00000     0.00000    -0.71257
    -2.57609    -0.09299    -0.00154    -0.00181    -0.00155     0.00000     0.00000     0.00000     0.00000     0.00000    -0.09788
    -2.48809    -5.84070    -0.05581    -0.06218    -0.04625     0.00000     0.00000     0.00000     0.00000     0.00000    -6.00493
    -2.40009    -0.03877    -0.00048    -0.00075    -0.00055     0.00000     0.00000     0.00000     0.00000     0.00000    -0.04055
    -2.31209    -0.00761    -0.00019    -0.00032    -0.00021     0.00000     0.00000     0.00000     0.00000     0.00000    -0.00833
    -2.22409    -0.00639    -0.00023    -0.00036    -0.00025     0.00000     0.00000     0.00000     0.00000     0.00000    -0.00724
    -2.13509    -0.00445    -0.00029    -0.00047    -0.00029     0.00000     0.00000     0.00000     0.00000     0.00000    -0.00550
    -2.04709    -0.01261    -0.00124    -0.00156    -0.00132     0.00000     0.00000     0.00000     0.00000     0.00000    -0.01672
    -1.95909    -0.00458    -0.00060    -0.00086    -0.00052     0.00000     0.00000     0.00000     0.00000     0.00000    -0.00656
    -1.87109    -0.00851    -0.00271    -0.00324    -0.00278     0.00000     0.00000     0.00000     0.00000     0.00000    -0.01725
    -1.78309    -0.00513    -0.00289    -0.00442    -0.00319     0.00000     0.00000     0.00000     0.00000     0.00000    -0.01564
    -1.69509    -0.00530    -0.00343    -0.00631    -0.00393     0.00000     0.00000     0.00000     0.00000     0.00000    -0.01897
    -1.60709    -0.01283    -0.00205    -0.00402    -0.00259     0.00000     0.00000     0.00000     0.00000     0.00000    -0.02149
    -1.51909    -0.00531    -0.00074    -0.00182    -0.00092     0.00000     0.00000     0.00000     0.00000     0.00000    -0.00879
    -1.43109    -0.00169    -0.00047    -0.00083    -0.00045     0.00000     0.00000     0.00000     0.00000     0.00000    -0.00345
    -1.34309    -0.00466    -0.00128    -0.00177    -0.00081     0.00000     0.00000     0.00000     0.00000     0.00000    -0.00852
    -1.25509    -0.00136    -0.00030    -0.00037    -0.00025     0.00000     0.00000     0.00000     0.00000     0.00000    -0.00227
    -1.16709    -0.00445    -0.00088    -0.00098    -0.00072     0.00000     0.00000     0.00000     0.00000     0.00000    -0.00703
    -1.07909    -0.00084    -0.00020    -0.00028    -0.00018     0.00000     0.00000     0.00000     0.00000     0.00000    -0.00150
    -0.99109    -0.00273    -0.00074    -0.00105    -0.00071     0.00000     0.00000     0.00000     0.00000     0.00000    -0.00522
    -0.90309    -0.00131    -0.00049    -0.00082    -0.00053     0.00000     0.00000     0.00000     0.00000     0.00000    -0.00314
    -0.81509    -0.00500    -0.00101    -0.00171    -0.00144     0.00000     0.00000     0.00000     0.00000     0.00000    -0.00915
    -0.72609    -0.00106    -0.00123    -0.00235    -0.00168     0.00000     0.00000     0.00000     0.00000     0.00000    -0.00632
    -0.63809    -0.00158    -0.00388    -0.00704    -0.00471     0.00000     0.00000     0.00000     0.00000     0.00000    -0.01721
    -0.55009    -0.00013    -0.00037    -0.00066    -0.00043     0.00000     0.00000     0.00000     0.00000     0.00000    -0.00158
    -0.46209    -0.00000    -0.00001    -0.00001    -0.00001     0.00000     0.00000     0.00000     0.00000     0.00000    -0.00002
    -0.37409     0.00000     0.00000     0.00000     0.00000     0.00000     0.00000     0.00000     0.00000     0.00000     0.00000
    -0.28609     0.00000     0.00000     0.00000     0.00000     0.00000     0.00000     0.00000     0.00000     0.00000     0.00000
    -0.19809     0.00000     0.00000     0.00000     0.00000     0.00000     0.00000     0.00000     0.00000     0.00000     0.00000
    -0.11009     0.00000     0.00000     0.00000     0.00000     0.00000     0.00000     0.00000     0.00000     0.00000     0.00000
    -0.02209     0.00000     0.00000     0.00000     0.00000     0.00000     0.00000     0.00000     0.00000     0.00000     0.00000
     0.06591     0.00000     0.00000     0.00000     0.00000     0.00000     0.00000     0.00000     0.00000     0.00000     0.00000
     0.15391     0.00000     0.00000     0.00000     0.00000     0.00000     0.00000     0.00000     0.00000     0.00000     0.00000
     0.24191     0.00000     0.00000     0.00000     0.00000     0.00000     0.00000     0.00000     0.00000     0.00000     0.00000
     0.32991     0.00000     0.00000     0.00000     0.00000     0.00000     0.00000     0.00000     0.00000     0.00000     0.00000
     0.41791     0.00000     0.00000     0.00000     0.00000     0.00000     0.00000     0.00000     0.00000     0.00000     0.00000
     0.50591     0.00000     0.00000     0.00000     0.00000     0.00000     0.00000     0.00000     0.00000     0.00000     0.00000
     0.59491     0.00000     0.00000     0.00000     0.00000     0.00000     0.00000     0.00000     0.00000     0.00000     0.00000
     0.68291     0.00000     0.00000     0.00000     0.00000     0.00000     0.00000     0.00000     0.00000     0.00000     0.00000
     0.77091     0.00000     0.00000     0.00000     0.00000     0.00000     0.00000     0.00000     0.00000     0.00000     0.00000
     0.85891     0.00000     0.00000     0.00000     0.00000     0.00000     0.00000     0.00000     0.00000     0.00000     0.00000
     0.94691     0.00000     0.00000     0.00000     0.00000     0.00000     0.00000     0.00000     0.00000     0.00000     0.00000
     1.03491     0.00000     0.00000     0.00000     0.00000     0.00000     0.00000     0.00000     0.00000     0.00000     0.00000
     1.12291     0.00000     0.00000     0.00000     0.00000     0.00000     0.00000     0.00000     0.00000     0.00000     0.00000
     1.21091     0.00000     0.00000     0.00000     0.00000     0.00000     0.00000     0.00000     0.00000     0.00000     0.00000
     1.29891     0.00000     0.00000     0.00000     0.00000     0.00000     0.00000     0.00000     0.00000     0.00000     0.00000
     1.38691     0.00000     0.00000     0.00000     0.00000     0.00000     0.00000     0.00000     0.00000     0.00000     0.00000
     1.47491     0.00000     0.00000     0.00000     0.00000     0.00000     0.00000     0.00000     0.00000     0.00000     0.00000
     1.56291     0.00000     0.00000     0.00000     0.00000     0.00000     0.00000     0.00000     0.00000     0.00000     0.00000
     1.65091     0.00000     0.00000     0.00000     0.00000     0.00000     0.00000     0.00000     0.00000     0.00000     0.00000
     1.73891     0.00000     0.00000     0.00000     0.00000     0.00000     0.00000     0.00000     0.00000     0.00000     0.00000
     1.82691     0.00000     0.00000     0.00000     0.00000     0.00000     0.00000     0.00000     0.00000     0.00000     0.00000
     1.91491     0.00000     0.00000     0.00000     0.00000     0.00000     0.00000     0.00000     0.00000     0.00000     0.00000
     2.00391     0.00000     0.00000     0.00000     0.00000     0.00000     0.00000     0.00000     0.00000     0.00000     0.00000
     2.09191     0.00000     0.00000     0.00000     0.00000     0.00000     0.00000     0.00000     0.00000     0.00000     0.00000
     2.17991     0.00000     0.00000     0.00000     0.00000     0.00000     0.00000     0.00000     0.00000     0.00000     0.00000
     2.26791     0.00000     0.00000     0.00000     0.00000     0.00000     0.00000     0.00000     0.00000     0.00000     0.00000
     2.35591     0.00000     0.00000     0.00000     0.00000     0.00000     0.00000     0.00000     0.00000     0.00000     0.00000
     2.44391     0.00000     0.00000     0.00000     0.00000     0.00000     0.00000     0.00000     0.00000     0.00000     0.00000
     2.53191     0.00000     0.00000     0.00000     0.00000     0.00000     0.00000     0.00000     0.00000     0.00000     0.00000
     2.61991     0.00000     0.00000     0.00000     0.00000     0.00000     0.00000     0.00000     0.00000     0.00000     0.00000
     2.70791    -0.00032    -0.00015    -0.00018    -0.00013     0.00000     0.00000     0.00000     0.00000     0.00000    -0.00078
     2.79591    -0.00041    -0.00029    -0.00036    -0.00029     0.00000     0.00000     0.00000     0.00000     0.00000    -0.00136
     2.88391    -0.00022    -0.00023    -0.00031    -0.00022     0.00000     0.00000     0.00000     0.00000     0.00000    -0.00099
     2.97191    -0.00117    -0.00143    -0.00192    -0.00151     0.00000     0.00000     0.00000     0.00000     0.00000    -0.00602
     3.05991    -0.00147    -0.00190    -0.00295    -0.00222     0.00000     0.00000     0.00000     0.00000     0.00000    -0.00853
     3.14791    -0.00156    -0.00229    -0.00366    -0.00252     0.00000     0.00000     0.00000     0.00000     0.00000    -0.01003
     3.23591    -0.00097    -0.00410    -0.00627    -0.00393     0.00000     0.00000     0.00000     0.00000     0.00000    -0.01527
     3.32491    -0.00043    -0.00188    -0.00294    -0.00192     0.00000     0.00000     0.00000     0.00000     0.00000    -0.00718
     3.41291    -0.00078    -0.00556    -0.00912    -0.00595     0.00000     0.00000     0.00000     0.00000     0.00000    -0.02142
     3.50091     0.00000     0.00000     0.00000     0.00000     0.00000     0.00000     0.00000     0.00000     0.00000     0.00000
     3.58891     0.00000     0.00000     0.00000     0.00000     0.00000     0.00000     0.00000     0.00000     0.00000     0.00000
     3.67691     0.00000     0.00000     0.00000     0.00000     0.00000     0.00000     0.00000     0.00000     0.00000     0.00000
     3.76491     0.00000     0.00000     0.00000     0.00000     0.00000     0.00000     0.00000     0.00000     0.00000     0.00000
     3.85291     0.00000     0.00000     0.00000     0.00000     0.00000     0.00000     0.00000     0.00000     0.00000     0.00000
     3.94091     0.00000     0.00000     0.00000     0.00000     0.00000     0.00000     0.00000     0.00000     0.00000     0.00000
     4.02891     0.00000     0.00000     0.00000     0.00000     0.00000     0.00000     0.00000     0.00000     0.00000     0.00000
     4.11691     0.00000     0.00000     0.00000     0.00000     0.00000     0.00000     0.00000     0.00000     0.00000     0.00000
     4.20491     0.00000     0.00000     0.00000     0.00000     0.00000     0.00000     0.00000     0.00000     0.00000     0.00000
     4.29291     0.00000     0.00000     0.00000     0.00000     0.00000     0.00000     0.00000     0.00000     0.00000     0.00000
     4.38091     0.00000     0.00000     0.00000     0.00000     0.00000     0.00000     0.00000     0.00000     0.00000     0.00000
     4.46891     0.00000     0.00000     0.00000     0.00000     0.00000     0.00000     0.00000     0.00000     0.00000     0.00000
     4.55691    -0.00078    -0.00267    -0.00235    -0.00238     0.00000     0.00000     0.00000     0.00000     0.00000    -0.00818
     4.64491    -0.00106    -0.00326    -0.00295    -0.00294     0.00000     0.00000     0.00000     0.00000     0.00000    -0.01021
     4.73391    -0.00133    -0.00472    -0.00600    -0.00476     0.00000     0.00000     0.00000     0.00000     0.00000    -0.01680
     4.82191    -0.00168    -0.00878    -0.00869    -0.00813     0.00000     0.00000     0.00000     0.00000     0.00000    -0.02728
     4.90991    -0.00149    -0.00452    -0.00348    -0.00472     0.00000     0.00000     0.00000     0.00000     0.00000    -0.01421
     4.99791    -0.01043    -0.01871    -0.01645    -0.01661     0.00000     0.00000     0.00000     0.00000     0.00000    -0.06219
     5.08591    -0.00422    -0.00824    -0.00814    -0.00794     0.00000     0.00000     0.00000     0.00000     0.00000    -0.02855
     5.17391    -0.00464    -0.01038    -0.01086    -0.00957     0.00000     0.00000     0.00000     0.00000     0.00000    -0.03545
     5.26191    -0.00668    -0.01659    -0.01839    -0.01399     0.00000     0.00000     0.00000     0.00000     0.00000    -0.05565
     5.34991    -0.00875    -0.01857    -0.01793    -0.01564     0.00000     0.00000     0.00000     0.00000     0.00000    -0.06089
     5.43791    -0.00464    -0.01213    -0.01041    -0.00979     0.00000     0.00000     0.00000     0.00000     0.00000    -0.03697
     5.52591    -0.00270    -0.00552    -0.00584    -0.00460     0.00000     0.00000     0.00000     0.00000     0.00000    -0.01866
     5.61391    -0.00359    -0.00798    -0.00482    -0.00529     0.00000     0.00000     0.00000     0.00000     0.00000    -0.02168
     5.70191    -0.00513    -0.00621    -0.00656    -0.00516     0.00000     0.00000     0.00000     0.00000     0.00000    -0.02306
     5.78991    -0.00554    -0.00503    -0.00531    -0.00450     0.00000     0.00000     0.00000     0.00000     0.00000    -0.02039
     5.87791    -0.00955    -0.01346    -0.01367    -0.01335     0.00000     0.00000     0.00000     0.00000     0.00000    -0.05004
     5.96591    -0.02157    -0.01510    -0.01521    -0.01417     0.00000     0.00000     0.00000     0.00000     0.00000    -0.06605
     6.05391    -0.01732    -0.01388    -0.01264    -0.01337     0.00000     0.00000     0.00000     0.00000     0.00000    -0.05721
     6.14291    -0.01088    -0.01417    -0.01451    -0.01545     0.00000     0.00000     0.00000     0.00000     0.00000    -0.05501
     6.23091    -0.00688    -0.01134    -0.01186    -0.01150     0.00000     0.00000     0.00000     0.00000     0.00000    -0.04157
     6.31891    -0.00868    -0.01464    -0.01504    -0.01183     0.00000     0.00000     0.00000     0.00000     0.00000    -0.05019
     6.40691    -0.01415    -0.02891    -0.04545    -0.03353     0.00000     0.00000     0.00000     0.00000     0.00000    -0.12205
     6.49491    -0.01478    -0.03140    -0.03884    -0.02953     0.00000     0.00000     0.00000     0.00000     0.00000    -0.11455
     6.58291    -0.01904    -0.02114    -0.03019    -0.02317     0.00000     0.00000     0.00000     0.00000     0.00000    -0.09354
     6.67091    -0.01857    -0.02221    -0.02768    -0.02084     0.00000     0.00000     0.00000     0.00000     0.00000    -0.08930
     6.75891    -0.01541    -0.01104    -0.01254    -0.01048     0.00000     0.00000     0.00000     0.00000     0.00000    -0.04947
     6.84691    -0.01567    -0.01318    -0.01379    -0.01037     0.00000     0.00000     0.00000     0.00000     0.00000    -0.05301
     6.93491    -0.01849    -0.01278    -0.01486    -0.01227     0.00000     0.00000     0.00000     0.00000     0.00000    -0.05840
     7.02291    -0.01564    -0.01250    -0.01301    -0.01216     0.00000     0.00000     0.00000     0.00000     0.00000    -0.05331
     7.11091    -0.02142    -0.01432    -0.01646    -0.01489     0.00000     0.00000     0.00000     0.00000     0.00000    -0.06709
     7.19891    -0.03013    -0.01925    -0.02281    -0.01837     0.00000     0.00000     0.00000     0.00000     0.00000    -0.09057
     7.28691    -0.02024    -0.01807    -0.01842    -0.01544     0.00000     0.00000     0.00000     0.00000     0.00000    -0.07217
     7.37491    -0.04576    -0.01850    -0.01767    -0.01550     0.00000     0.00000     0.00000     0.00000     0.00000    -0.09744
     7.46391    -0.03542    -0.01913    -0.02016    -0.01810     0.00000     0.00000     0.00000     0.00000     0.00000    -0.09281
     7.55191    -0.04632    -0.02464    -0.02197    -0.02115     0.00000     0.00000     0.00000     0.00000     0.00000    -0.11408
     7.63991    -0.02772    -0.01616    -0.01444    -0.01505     0.00000     0.00000     0.00000     0.00000     0.00000    -0.07337
     7.72791     0.00000     0.00000     0.00000     0.00000     0.00000     0.00000     0.00000     0.00000     0.00000     0.00000
     7.81591     0.00000     0.00000     0.00000     0.00000     0.00000     0.00000     0.00000     0.00000     0.00000     0.00000
     7.90391     0.00000     0.00000     0.00000     0.00000     0.00000     0.00000     0.00000     0.00000     0.00000     0.00000
     7.99191     0.00000     0.00000     0.00000     0.00000     0.00000     0.00000     0.00000     0.00000     0.00000     0.00000
     8.07991     0.00000     0.00000     0.00000     0.00000     0.00000     0.00000     0.00000     0.00000     0.00000     0.00000
     8.16791     0.00000     0.00000     0.00000     0.00000     0.00000     0.00000     0.00000     0.00000     0.00000     0.00000
     8.25591     0.00000     0.00000     0.00000     0.00000     0.00000     0.00000     0.00000     0.00000     0.00000     0.00000
     8.34391     0.00000     0.00000     0.00000     0.00000     0.00000     0.00000     0.00000     0.00000     0.00000     0.00000
     8.43191     0.00000     0.00000     0.00000     0.00000     0.00000     0.00000     0.00000     0.00000     0.00000     0.00000
     8.51991     0.00000     0.00000     0.00000     0.00000     0.00000     0.00000     0.00000     0.00000     0.00000     0.00000
     8.60791     0.00000     0.00000     0.00000     0.00000     0.00000     0.00000     0.00000     0.00000     0.00000     0.00000
     8.69591     0.00000     0.00000     0.00000     0.00000     0.00000     0.00000     0.00000     0.00000     0.00000     0.00000
     8.78391     0.00000     0.00000     0.00000     0.00000     0.00000     0.00000     0.00000     0.00000     0.00000     0.00000
     8.87291     0.00000     0.00000     0.00000     0.00000     0.00000     0.00000     0.00000     0.00000     0.00000     0.00000
