     #Energy           s          py          pz          px         dxy         dyz         dz2         dxz         dx2       tot  
   -17.54709     0.00000     0.00000     0.00000     0.00000     0.00000     0.00000     0.00000     0.00000     0.00000     0.00000
   -17.45909     0.00000     0.00000     0.00000     0.00000     0.00000     0.00000     0.00000     0.00000     0.00000     0.00000
   -17.37109     0.00000     0.00000     0.00000     0.00000     0.00000     0.00000     0.00000     0.00000     0.00000     0.00000
   -17.28209     0.00000     0.00000     0.00000     0.00000     0.00000     0.00000     0.00000     0.00000     0.00000     0.00000
   -17.19409     0.00000     0.00000     0.00000     0.00000     0.00000     0.00000     0.00000     0.00000     0.00000     0.00000
   -17.10609     0.00000     0.00000     0.00000     0.00000     0.00000     0.00000     0.00000     0.00000     0.00000     0.00000
   -17.01809     0.00000     0.00000     0.00000     0.00000     0.00000     0.00000     0.00000     0.00000     0.00000     0.00000
   -16.93009     0.00000     0.00000     0.00000     0.00000     0.00000     0.00000     0.00000     0.00000     0.00000     0.00000
   -16.84209     0.00000     0.00000     0.00000     0.00000     0.00000     0.00000     0.00000     0.00000     0.00000     0.00000
   -16.75409     0.00000     0.00000     0.00000     0.00000     0.00000     0.00000     0.00000     0.00000     0.00000     0.00000
   -16.66609     0.00000     0.00000     0.00000     0.00000     0.00000     0.00000     0.00000     0.00000     0.00000     0.00000
   -16.57809     0.00000     0.00000     0.00000     0.00000     0.00000     0.00000     0.00000     0.00000     0.00000     0.00000
   -16.49009     0.00000     0.00000     0.00000     0.00000     0.00000     0.00000     0.00000     0.00000     0.00000     0.00000
   -16.40209     0.00000     0.00000     0.00000     0.00000     0.00000     0.00000     0.00000     0.00000     0.00000     0.00000
   -16.31409     0.00000     0.00000     0.00000     0.00000     0.00000     0.00000     0.00000     0.00000     0.00000     0.00000
   -16.22609     0.00000     0.00000     0.00000     0.00000     0.00000     0.00000     0.00000     0.00000     0.00000     0.00000
   -16.13809     0.00000     0.00000     0.00000     0.00000     0.00000     0.00000     0.00000     0.00000     0.00000     0.00000
   -16.05009     0.00000     0.00000     0.00000     0.00000     0.00000     0.00000     0.00000     0.00000     0.00000     0.00000
   -15.96109     0.00000     0.00000     0.00000     0.00000     0.00000     0.00000     0.00000     0.00000     0.00000     0.00000
   -15.87309     0.00000     0.00000     0.00000     0.00000     0.00000     0.00000     0.00000     0.00000     0.00000     0.00000
   -15.78509     0.00000     0.00000     0.00000     0.00000     0.00000     0.00000     0.00000     0.00000     0.00000     0.00000
   -15.69709     0.00000     0.00000     0.00000     0.00000     0.00000     0.00000     0.00000     0.00000     0.00000     0.00000
   -15.60909     0.00000     0.00000     0.00000     0.00000     0.00000     0.00000     0.00000     0.00000     0.00000     0.00000
   -15.52109     0.00000     0.00000     0.00000     0.00000     0.00000     0.00000     0.00000     0.00000     0.00000     0.00000
   -15.43309     0.00000     0.00000     0.00000     0.00000     0.00000     0.00000     0.00000     0.00000     0.00000     0.00000
   -15.34509     0.00000     0.00000     0.00000     0.00000     0.00000     0.00000     0.00000     0.00000     0.00000     0.00000
   -15.25709     0.00000     0.00000     0.00000     0.00000     0.00000     0.00000     0.00000     0.00000     0.00000     0.00000
   -15.16909     0.00000     0.00000     0.00000     0.00000     0.00000     0.00000     0.00000     0.00000     0.00000     0.00000
   -15.08109     0.00000     0.00000     0.00000     0.00000     0.00000     0.00000     0.00000     0.00000     0.00000     0.00000
   -14.99309     0.00000     0.00000     0.00000     0.00000     0.00000     0.00000     0.00000     0.00000     0.00000     0.00000
   -14.90509     0.00000     0.00000     0.00000     0.00000     0.00000     0.00000     0.00000     0.00000     0.00000     0.00000
   -14.81709     0.00000     0.00000     0.00000     0.00000     0.00000     0.00000     0.00000     0.00000     0.00000     0.00000
   -14.72909     0.00000     0.00000     0.00000     0.00000     0.00000     0.00000     0.00000     0.00000     0.00000     0.00000
   -14.64109     0.00000     0.00000     0.00000     0.00000     0.00000     0.00000     0.00000     0.00000     0.00000     0.00000
   -14.55209     0.00000     0.00000     0.00000     0.00000     0.00000     0.00000     0.00000     0.00000     0.00000     0.00000
   -14.46409     0.00000     0.00000     0.00000     0.00000     0.00000     0.00000     0.00000     0.00000     0.00000     0.00000
   -14.37609     0.00000     0.00000     0.00000     0.00000     0.00000     0.00000     0.00000     0.00000     0.00000     0.00000
   -14.28809     0.00000     0.00000     0.00000     0.00000     0.00000     0.00000     0.00000     0.00000     0.00000     0.00000
   -14.20009     0.00000     0.00000     0.00000     0.00000     0.00000     0.00000     0.00000     0.00000     0.00000     0.00000
   -14.11209     0.00000     0.00000     0.00000     0.00000     0.00000     0.00000     0.00000     0.00000     0.00000     0.00000
   -14.02409     0.00000     0.00000     0.00000     0.00000     0.00000     0.00000     0.00000     0.00000     0.00000     0.00000
   -13.93609     0.00000     0.00000     0.00000     0.00000     0.00000     0.00000     0.00000     0.00000     0.00000     0.00000
   -13.84809     0.00000     0.00000     0.00000     0.00000     0.00000     0.00000     0.00000     0.00000     0.00000     0.00000
   -13.76009     0.00000     0.00000     0.00000     0.00000     0.00000     0.00000     0.00000     0.00000     0.00000     0.00000
   -13.67209     0.00000     0.00000     0.00000     0.00000     0.00000     0.00000     0.00000     0.00000     0.00000     0.00000
   -13.58409     0.00000     0.00000     0.00000     0.00000     0.00000     0.00000     0.00000     0.00000     0.00000     0.00000
   -13.49609     0.00000     0.00000     0.00000     0.00000     0.00000     0.00000     0.00000     0.00000     0.00000     0.00000
   -13.40809     0.00000     0.00000     0.00000     0.00000     0.00000     0.00000     0.00000     0.00000     0.00000     0.00000
   -13.32009     0.00000     0.00000     0.00000     0.00000     0.00000     0.00000     0.00000     0.00000     0.00000     0.00000
   -13.23209     0.00000     0.00000     0.00000     0.00000     0.00000     0.00000     0.00000     0.00000     0.00000     0.00000
   -13.14309     0.00000     0.00000     0.00000     0.00000     0.00000     0.00000     0.00000     0.00000     0.00000     0.00000
   -13.05509     0.00000     0.00000     0.00000     0.00000     0.00000     0.00000     0.00000     0.00000     0.00000     0.00000
   -12.96709     0.00000     0.00000     0.00000     0.00000     0.00000     0.00000     0.00000     0.00000     0.00000     0.00000
   -12.87909     0.00000     0.00000     0.00000     0.00000     0.00000     0.00000     0.00000     0.00000     0.00000     0.00000
   -12.79109     0.00000     0.00000     0.00000     0.00000     0.00000     0.00000     0.00000     0.00000     0.00000     0.00000
   -12.70309     0.00000     0.00000     0.00000     0.00000     0.00000     0.00000     0.00000     0.00000     0.00000     0.00000
   -12.61509     0.00050     0.00003     0.00001     0.00003     0.00000     0.00000     0.00000     0.00000     0.00000     0.00057
   -12.52709     0.00018     0.00001     0.00001     0.00001     0.00000     0.00000     0.00000     0.00000     0.00000     0.00020
   -12.43909     0.00092     0.00004     0.00003     0.00003     0.00000     0.00000     0.00000     0.00000     0.00000     0.00102
   -12.35109     0.19438     0.00716     0.00721     0.00626     0.00000     0.00000     0.00000     0.00000     0.00000     0.21501
   -12.26309     0.00188     0.00007     0.00007     0.00007     0.00000     0.00000     0.00000     0.00000     0.00000     0.00209
   -12.17509     0.00033     0.00001     0.00001     0.00001     0.00000     0.00000     0.00000     0.00000     0.00000     0.00037
   -12.08709     0.00044     0.00002     0.00002     0.00002     0.00000     0.00000     0.00000     0.00000     0.00000     0.00050
   -11.99909     0.00022     0.00001     0.00001     0.00001     0.00000     0.00000     0.00000     0.00000     0.00000     0.00025
   -11.91109     0.00009     0.00000     0.00000     0.00000     0.00000     0.00000     0.00000     0.00000     0.00000     0.00011
   -11.82209     0.00075     0.00003     0.00003     0.00003     0.00000     0.00000     0.00000     0.00000     0.00000     0.00085
   -11.73409     0.00050     0.00002     0.00002     0.00002     0.00000     0.00000     0.00000     0.00000     0.00000     0.00057
   -11.64609     0.00288     0.00008     0.00007     0.00007     0.00000     0.00000     0.00000     0.00000     0.00000     0.00310
   -11.55809     0.00000     0.00000     0.00000     0.00000     0.00000     0.00000     0.00000     0.00000     0.00000     0.00000
   -11.47009     0.00000     0.00000     0.00000     0.00000     0.00000     0.00000     0.00000     0.00000     0.00000     0.00000
   -11.38209     0.00000     0.00000     0.00000     0.00000     0.00000     0.00000     0.00000     0.00000     0.00000     0.00000
   -11.29409     0.00000     0.00000     0.00000     0.00000     0.00000     0.00000     0.00000     0.00000     0.00000     0.00000
   -11.20609     0.00000     0.00000     0.00000     0.00000     0.00000     0.00000     0.00000     0.00000     0.00000     0.00000
   -11.11809     0.00000     0.00000     0.00000     0.00000     0.00000     0.00000     0.00000     0.00000     0.00000     0.00000
   -11.03009     0.00000     0.00000     0.00000     0.00000     0.00000     0.00000     0.00000     0.00000     0.00000     0.00000
   -10.94209     0.00000     0.00000     0.00000     0.00000     0.00000     0.00000     0.00000     0.00000     0.00000     0.00000
   -10.85409     0.00000     0.00000     0.00000     0.00000     0.00000     0.00000     0.00000     0.00000     0.00000     0.00000
   -10.76609     0.00000     0.00000     0.00000     0.00000     0.00000     0.00000     0.00000     0.00000     0.00000     0.00000
   -10.67809     0.00000     0.00000     0.00000     0.00000     0.00000     0.00000     0.00000     0.00000     0.00000     0.00000
   -10.59009     0.00000     0.00000     0.00000     0.00000     0.00000     0.00000     0.00000     0.00000     0.00000     0.00000
   -10.50209     0.00000     0.00000     0.00000     0.00000     0.00000     0.00000     0.00000     0.00000     0.00000     0.00000
   -10.41309     0.00000     0.00000     0.00000     0.00000     0.00000     0.00000     0.00000     0.00000     0.00000     0.00000
   -10.32509     0.00000     0.00000     0.00000     0.00000     0.00000     0.00000     0.00000     0.00000     0.00000     0.00000
   -10.23709     0.00000     0.00000     0.00000     0.00000     0.00000     0.00000     0.00000     0.00000     0.00000     0.00000
   -10.14909     0.00000     0.00000     0.00000     0.00000     0.00000     0.00000     0.00000     0.00000     0.00000     0.00000
   -10.06109     0.00000     0.00000     0.00000     0.00000     0.00000     0.00000     0.00000     0.00000     0.00000     0.00000
    -9.97309     0.00000     0.00000     0.00000     0.00000     0.00000     0.00000     0.00000     0.00000     0.00000     0.00000
    -9.88509     0.00000     0.00000     0.00000     0.00000     0.00000     0.00000     0.00000     0.00000     0.00000     0.00000
    -9.79709     0.00000     0.00000     0.00000     0.00000     0.00000     0.00000     0.00000     0.00000     0.00000     0.00000
    -9.70909     0.00000     0.00000     0.00000     0.00000     0.00000     0.00000     0.00000     0.00000     0.00000     0.00000
    -9.62109     0.00000     0.00000     0.00000     0.00000     0.00000     0.00000     0.00000     0.00000     0.00000     0.00000
    -9.53309     0.00000     0.00000     0.00000     0.00000     0.00000     0.00000     0.00000     0.00000     0.00000     0.00000
    -9.44509     0.00000     0.00000     0.00000     0.00000     0.00000     0.00000     0.00000     0.00000     0.00000     0.00000
    -9.35709     0.00000     0.00000     0.00000     0.00000     0.00000     0.00000     0.00000     0.00000     0.00000     0.00000
    -9.26909     0.00000     0.00000     0.00000     0.00000     0.00000     0.00000     0.00000     0.00000     0.00000     0.00000
    -9.18109     0.00000     0.00000     0.00000     0.00000     0.00000     0.00000     0.00000     0.00000     0.00000     0.00000
    -9.09309     0.00000     0.00000     0.00000     0.00000     0.00000     0.00000     0.00000     0.00000     0.00000     0.00000
    -9.00409     0.00000     0.00000     0.00000     0.00000     0.00000     0.00000     0.00000     0.00000     0.00000     0.00000
    -8.91609     0.00000     0.00000     0.00000     0.00000     0.00000     0.00000     0.00000     0.00000     0.00000     0.00000
    -8.82809     0.00000     0.00000     0.00000     0.00000     0.00000     0.00000     0.00000     0.00000     0.00000     0.00000
    -8.74009     0.00000     0.00000     0.00000     0.00000     0.00000     0.00000     0.00000     0.00000     0.00000     0.00000
    -8.65209     0.00000     0.00000     0.00000     0.00000     0.00000     0.00000     0.00000     0.00000     0.00000     0.00000
    -8.56409     0.00000     0.00000     0.00000     0.00000     0.00000     0.00000     0.00000     0.00000     0.00000     0.00000
    -8.47609     0.00000     0.00000     0.00000     0.00000     0.00000     0.00000     0.00000     0.00000     0.00000     0.00000
    -8.38809     0.00000     0.00000     0.00000     0.00000     0.00000     0.00000     0.00000     0.00000     0.00000     0.00000
    -8.30009     0.00000     0.00000     0.00000     0.00000     0.00000     0.00000     0.00000     0.00000     0.00000     0.00000
    -8.21209     0.00000     0.00000     0.00000     0.00000     0.00000     0.00000     0.00000     0.00000     0.00000     0.00000
    -8.12409     0.00000     0.00000     0.00000     0.00000     0.00000     0.00000     0.00000     0.00000     0.00000     0.00000
    -8.03609     0.00000     0.00000     0.00000     0.00000     0.00000     0.00000     0.00000     0.00000     0.00000     0.00000
    -7.94809     0.00000     0.00000     0.00000     0.00000     0.00000     0.00000     0.00000     0.00000     0.00000     0.00000
    -7.86009     0.00000     0.00000     0.00000     0.00000     0.00000     0.00000     0.00000     0.00000     0.00000     0.00000
    -7.77209     0.00000     0.00000     0.00000     0.00000     0.00000     0.00000     0.00000     0.00000     0.00000     0.00000
    -7.68309     0.00000     0.00000     0.00000     0.00000     0.00000     0.00000     0.00000     0.00000     0.00000     0.00000
    -7.59509     0.00000     0.00000     0.00000     0.00000     0.00000     0.00000     0.00000     0.00000     0.00000     0.00000
    -7.50709     0.00000     0.00000     0.00000     0.00000     0.00000     0.00000     0.00000     0.00000     0.00000     0.00000
    -7.41909     0.00000     0.00000     0.00000     0.00000     0.00000     0.00000     0.00000     0.00000     0.00000     0.00000
    -7.33109     0.00000     0.00000     0.00000     0.00000     0.00000     0.00000     0.00000     0.00000     0.00000     0.00000
    -7.24309     0.00000     0.00000     0.00000     0.00000     0.00000     0.00000     0.00000     0.00000     0.00000     0.00000
    -7.15509     0.00000     0.00000     0.00000     0.00000     0.00000     0.00000     0.00000     0.00000     0.00000     0.00000
    -7.06709     0.00000     0.00000     0.00000     0.00000     0.00000     0.00000     0.00000     0.00000     0.00000     0.00000
    -6.97909     0.00000     0.00000     0.00000     0.00000     0.00000     0.00000     0.00000     0.00000     0.00000     0.00000
    -6.89109     0.00000     0.00000     0.00000     0.00000     0.00000     0.00000     0.00000     0.00000     0.00000     0.00000
    -6.80309     0.00000     0.00000     0.00000     0.00000     0.00000     0.00000     0.00000     0.00000     0.00000     0.00000
    -6.71509     0.00000     0.00000     0.00000     0.00000     0.00000     0.00000     0.00000     0.00000     0.00000     0.00000
    -6.62709     0.00000     0.00000     0.00000     0.00000     0.00000     0.00000     0.00000     0.00000     0.00000     0.00000
    -6.53909     0.00000     0.00000     0.00000     0.00000     0.00000     0.00000     0.00000     0.00000     0.00000     0.00000
    -6.45109     0.00000     0.00000     0.00000     0.00000     0.00000     0.00000     0.00000     0.00000     0.00000     0.00000
    -6.36309     0.00000     0.00000     0.00000     0.00000     0.00000     0.00000     0.00000     0.00000     0.00000     0.00000
    -6.27409     0.00000     0.00000     0.00000     0.00000     0.00000     0.00000     0.00000     0.00000     0.00000     0.00000
    -6.18609     0.00000     0.00000     0.00000     0.00000     0.00000     0.00000     0.00000     0.00000     0.00000     0.00000
    -6.09809     0.00000     0.00000     0.00000     0.00000     0.00000     0.00000     0.00000     0.00000     0.00000     0.00000
    -6.01009     0.00000     0.00000     0.00000     0.00000     0.00000     0.00000     0.00000     0.00000     0.00000     0.00000
    -5.92209     0.00000     0.00000     0.00000     0.00000     0.00000     0.00000     0.00000     0.00000     0.00000     0.00000
    -5.83409     0.00000     0.00000     0.00000     0.00000     0.00000     0.00000     0.00000     0.00000     0.00000     0.00000
    -5.74609     0.00000     0.00000     0.00000     0.00000     0.00000     0.00000     0.00000     0.00000     0.00000     0.00000
    -5.65809     0.00000     0.00000     0.00000     0.00000     0.00000     0.00000     0.00000     0.00000     0.00000     0.00000
    -5.57009     0.00000     0.00000     0.00000     0.00000     0.00000     0.00000     0.00000     0.00000     0.00000     0.00000
    -5.48209     0.00000     0.00000     0.00000     0.00000     0.00000     0.00000     0.00000     0.00000     0.00000     0.00000
    -5.39409     0.00000     0.00000     0.00000     0.00000     0.00000     0.00000     0.00000     0.00000     0.00000     0.00000
    -5.30609     0.00000     0.00000     0.00000     0.00000     0.00000     0.00000     0.00000     0.00000     0.00000     0.00000
    -5.21809     0.00000     0.00000     0.00000     0.00000     0.00000     0.00000     0.00000     0.00000     0.00000     0.00000
    -5.13009     0.00000     0.00000     0.00000     0.00000     0.00000     0.00000     0.00000     0.00000     0.00000     0.00000
    -5.04209     0.00000     0.00000     0.00000     0.00000     0.00000     0.00000     0.00000     0.00000     0.00000     0.00000
    -4.95409     0.00000     0.00000     0.00000     0.00000     0.00000     0.00000     0.00000     0.00000     0.00000     0.00000
    -4.86509     0.00000     0.00000     0.00000     0.00000     0.00000     0.00000     0.00000     0.00000     0.00000     0.00000
    -4.77709     0.00000     0.00000     0.00000     0.00000     0.00000     0.00000     0.00000     0.00000     0.00000     0.00000
    -4.68909     0.00000     0.00000     0.00000     0.00000     0.00000     0.00000     0.00000     0.00000     0.00000     0.00000
    -4.60109     0.00000     0.00000     0.00000     0.00000     0.00000     0.00000     0.00000     0.00000     0.00000     0.00000
    -4.51309     0.00000     0.00000     0.00000     0.00000     0.00000     0.00000     0.00000     0.00000     0.00000     0.00000
    -4.42509     0.00513     0.00052     0.00113     0.00066     0.00000     0.00000     0.00000     0.00000     0.00000     0.00744
    -4.33709     0.02360     0.00061     0.00114     0.00085     0.00000     0.00000     0.00000     0.00000     0.00000     0.02620
    -4.24909     0.89428     0.01548     0.00750     0.01682     0.00000     0.00000     0.00000     0.00000     0.00000     0.93408
    -4.16109     0.00971     0.00022     0.00008     0.00019     0.00000     0.00000     0.00000     0.00000     0.00000     0.01020
    -4.07309     0.00000     0.00000     0.00000     0.00000     0.00000     0.00000     0.00000     0.00000     0.00000     0.00000
    -3.98509     0.00736     0.00021     0.00031     0.00023     0.00000     0.00000     0.00000     0.00000     0.00000     0.00811
    -3.89709     0.00312     0.00045     0.00021     0.00038     0.00000     0.00000     0.00000     0.00000     0.00000     0.00416
    -3.80909     0.00130     0.00005     0.00013     0.00007     0.00000     0.00000     0.00000     0.00000     0.00000     0.00154
    -3.72109     0.00755     0.00033     0.00058     0.00038     0.00000     0.00000     0.00000     0.00000     0.00000     0.00885
    -3.63309     0.00497     0.00012     0.00013     0.00013     0.00000     0.00000     0.00000     0.00000     0.00000     0.00535
    -3.54409     0.14748     0.00257     0.00237     0.00245     0.00000     0.00000     0.00000     0.00000     0.00000     0.15487
    -3.45609     2.55400     0.04179     0.03315     0.03953     0.00000     0.00000     0.00000     0.00000     0.00000     2.66846
    -3.36809     0.00352     0.00010     0.00010     0.00012     0.00000     0.00000     0.00000     0.00000     0.00000     0.00384
    -3.28009     0.00000     0.00000     0.00000     0.00000     0.00000     0.00000     0.00000     0.00000     0.00000     0.00000
    -3.19209     0.00270     0.00034     0.00054     0.00043     0.00000     0.00000     0.00000     0.00000     0.00000     0.00401
    -3.10409     0.00194     0.00022     0.00041     0.00029     0.00000     0.00000     0.00000     0.00000     0.00000     0.00286
    -3.01609     0.00220     0.00040     0.00076     0.00046     0.00000     0.00000     0.00000     0.00000     0.00000     0.00382
    -2.92809     0.00258     0.00039     0.00064     0.00045     0.00000     0.00000     0.00000     0.00000     0.00000     0.00406
    -2.84009     0.00511     0.00408     0.00590     0.00376     0.00000     0.00000     0.00000     0.00000     0.00000     0.01885
    -2.75209     0.00800     0.00092     0.00171     0.00118     0.00000     0.00000     0.00000     0.00000     0.00000     0.01181
    -2.66409     0.32048     0.00736     0.00396     0.00732     0.00000     0.00000     0.00000     0.00000     0.00000     0.33911
    -2.57609     0.03414     0.00031     0.00098     0.00077     0.00000     0.00000     0.00000     0.00000     0.00000     0.03620
    -2.48809     1.06639     0.01018     0.01076     0.00797     0.00000     0.00000     0.00000     0.00000     0.00000     1.09531
    -2.40009     0.13926     0.00158     0.00238     0.00183     0.00000     0.00000     0.00000     0.00000     0.00000     0.14506
    -2.31209     0.02629     0.00042     0.00071     0.00054     0.00000     0.00000     0.00000     0.00000     0.00000     0.02795
    -2.22409     0.01528     0.00047     0.00074     0.00053     0.00000     0.00000     0.00000     0.00000     0.00000     0.01703
    -2.13509     0.00842     0.00040     0.00063     0.00043     0.00000     0.00000     0.00000     0.00000     0.00000     0.00989
    -2.04709     0.00688     0.00063     0.00087     0.00065     0.00000     0.00000     0.00000     0.00000     0.00000     0.00903
    -1.95909     0.00004     0.00001     0.00002     0.00001     0.00000     0.00000     0.00000     0.00000     0.00000     0.00009
    -1.87109     0.00528     0.00393     0.00582     0.00422     0.00000     0.00000     0.00000     0.00000     0.00000     0.01926
    -1.78309     0.00121     0.00090     0.00140     0.00093     0.00000     0.00000     0.00000     0.00000     0.00000     0.00445
    -1.69509     0.00458     0.00142     0.00243     0.00150     0.00000     0.00000     0.00000     0.00000     0.00000     0.00993
    -1.60709     0.00485     0.00090     0.00182     0.00108     0.00000     0.00000     0.00000     0.00000     0.00000     0.00864
    -1.51909     0.00379     0.00074     0.00137     0.00090     0.00000     0.00000     0.00000     0.00000     0.00000     0.00680
    -1.43109     0.00385     0.00063     0.00138     0.00075     0.00000     0.00000     0.00000     0.00000     0.00000     0.00661
    -1.34309     0.00251     0.00043     0.00073     0.00035     0.00000     0.00000     0.00000     0.00000     0.00000     0.00401
    -1.25509     0.00159     0.00043     0.00061     0.00029     0.00000     0.00000     0.00000     0.00000     0.00000     0.00292
    -1.16709     0.00100     0.00049     0.00064     0.00032     0.00000     0.00000     0.00000     0.00000     0.00000     0.00245
    -1.07909     0.00216     0.00028     0.00058     0.00030     0.00000     0.00000     0.00000     0.00000     0.00000     0.00331
    -0.99109     0.00446     0.00157     0.00255     0.00172     0.00000     0.00000     0.00000     0.00000     0.00000     0.01030
    -0.90309     0.00221     0.00216     0.00352     0.00238     0.00000     0.00000     0.00000     0.00000     0.00000     0.01028
    -0.81509     0.00248     0.00206     0.00357     0.00206     0.00000     0.00000     0.00000     0.00000     0.00000     0.01018
    -0.72609     0.00139     0.00053     0.00110     0.00090     0.00000     0.00000     0.00000     0.00000     0.00000     0.00392
    -0.63809     0.00603     0.00832     0.01411     0.00942     0.00000     0.00000     0.00000     0.00000     0.00000     0.03788
    -0.55009     0.00262     0.00170     0.00307     0.00173     0.00000     0.00000     0.00000     0.00000     0.00000     0.00912
    -0.46209     0.00124     0.00087     0.00143     0.00073     0.00000     0.00000     0.00000     0.00000     0.00000     0.00426
    -0.37409     0.00012     0.00017     0.00028     0.00019     0.00000     0.00000     0.00000     0.00000     0.00000     0.00076
    -0.28609     0.00000     0.00000     0.00000     0.00000     0.00000     0.00000     0.00000     0.00000     0.00000     0.00000
    -0.19809     0.00000     0.00000     0.00000     0.00000     0.00000     0.00000     0.00000     0.00000     0.00000     0.00000
    -0.11009     0.00000     0.00000     0.00000     0.00000     0.00000     0.00000     0.00000     0.00000     0.00000     0.00000
    -0.02209     0.00000     0.00000     0.00000     0.00000     0.00000     0.00000     0.00000     0.00000     0.00000     0.00000
     0.06591     0.00000     0.00000     0.00000     0.00000     0.00000     0.00000     0.00000     0.00000     0.00000     0.00000
     0.15391     0.00000     0.00000     0.00000     0.00000     0.00000     0.00000     0.00000     0.00000     0.00000     0.00000
     0.24191     0.00000     0.00000     0.00000     0.00000     0.00000     0.00000     0.00000     0.00000     0.00000     0.00000
     0.32991     0.00000     0.00000     0.00000     0.00000     0.00000     0.00000     0.00000     0.00000     0.00000     0.00000
     0.41791     0.00000     0.00000     0.00000     0.00000     0.00000     0.00000     0.00000     0.00000     0.00000     0.00000
     0.50591     0.00000     0.00000     0.00000     0.00000     0.00000     0.00000     0.00000     0.00000     0.00000     0.00000
     0.59491     0.00000     0.00000     0.00000     0.00000     0.00000     0.00000     0.00000     0.00000     0.00000     0.00000
     0.68291     0.00000     0.00000     0.00000     0.00000     0.00000     0.00000     0.00000     0.00000     0.00000     0.00000
     0.77091     0.00000     0.00000     0.00000     0.00000     0.00000     0.00000     0.00000     0.00000     0.00000     0.00000
     0.85891     0.00319     0.00050     0.00072     0.00054     0.00000     0.00000     0.00000     0.00000     0.00000     0.00495
     0.94691     0.00087     0.00019     0.00035     0.00024     0.00000     0.00000     0.00000     0.00000     0.00000     0.00166
     1.03491     0.00013     0.00004     0.00006     0.00004     0.00000     0.00000     0.00000     0.00000     0.00000     0.00027
     1.12291     0.00042     0.00012     0.00011     0.00010     0.00000     0.00000     0.00000     0.00000     0.00000     0.00075
     1.21091     0.00000     0.00000     0.00000     0.00000     0.00000     0.00000     0.00000     0.00000     0.00000     0.00000
     1.29891     0.00000     0.00000     0.00000     0.00000     0.00000     0.00000     0.00000     0.00000     0.00000     0.00000
     1.38691     0.00000     0.00000     0.00000     0.00000     0.00000     0.00000     0.00000     0.00000     0.00000     0.00000
     1.47491     0.00000     0.00000     0.00000     0.00000     0.00000     0.00000     0.00000     0.00000     0.00000     0.00000
     1.56291     0.00000     0.00000     0.00000     0.00000     0.00000     0.00000     0.00000     0.00000     0.00000     0.00000
     1.65091     0.00000     0.00000     0.00000     0.00000     0.00000     0.00000     0.00000     0.00000     0.00000     0.00000
     1.73891     0.00000     0.00000     0.00000     0.00000     0.00000     0.00000     0.00000     0.00000     0.00000     0.00000
     1.82691     0.00000     0.00000     0.00000     0.00000     0.00000     0.00000     0.00000     0.00000     0.00000     0.00000
     1.91491     0.00000     0.00000     0.00000     0.00000     0.00000     0.00000     0.00000     0.00000     0.00000     0.00000
     2.00391     0.00000     0.00000     0.00000     0.00000     0.00000     0.00000     0.00000     0.00000     0.00000     0.00000
     2.09191     0.00000     0.00000     0.00000     0.00000     0.00000     0.00000     0.00000     0.00000     0.00000     0.00000
     2.17991     0.00000     0.00000     0.00000     0.00000     0.00000     0.00000     0.00000     0.00000     0.00000     0.00000
     2.26791     0.00000     0.00000     0.00000     0.00000     0.00000     0.00000     0.00000     0.00000     0.00000     0.00000
     2.35591     0.00000     0.00000     0.00000     0.00000     0.00000     0.00000     0.00000     0.00000     0.00000     0.00000
     2.44391     0.00000     0.00000     0.00000     0.00000     0.00000     0.00000     0.00000     0.00000     0.00000     0.00000
     2.53191     0.00000     0.00000     0.00000     0.00000     0.00000     0.00000     0.00000     0.00000     0.00000     0.00000
     2.61991     0.00000     0.00000     0.00000     0.00000     0.00000     0.00000     0.00000     0.00000     0.00000     0.00000
     2.70791     0.00000     0.00000     0.00000     0.00000     0.00000     0.00000     0.00000     0.00000     0.00000     0.00000
     2.79591     0.00000     0.00000     0.00000     0.00000     0.00000     0.00000     0.00000     0.00000     0.00000     0.00000
     2.88391     0.00000     0.00000     0.00000     0.00000     0.00000     0.00000     0.00000     0.00000     0.00000     0.00000
     2.97191     0.00000     0.00000     0.00000     0.00000     0.00000     0.00000     0.00000     0.00000     0.00000     0.00000
     3.05991     0.00000     0.00000     0.00000     0.00000     0.00000     0.00000     0.00000     0.00000     0.00000     0.00000
     3.14791     0.00000     0.00000     0.00000     0.00000     0.00000     0.00000     0.00000     0.00000     0.00000     0.00000
     3.23591     0.00000     0.00000     0.00000     0.00000     0.00000     0.00000     0.00000     0.00000     0.00000     0.00000
     3.32491     0.00000     0.00000     0.00000     0.00000     0.00000     0.00000     0.00000     0.00000     0.00000     0.00000
     3.41291     0.00000     0.00000     0.00000     0.00000     0.00000     0.00000     0.00000     0.00000     0.00000     0.00000
     3.50091     0.00000     0.00000     0.00000     0.00000     0.00000     0.00000     0.00000     0.00000     0.00000     0.00000
     3.58891     0.00000     0.00000     0.00000     0.00000     0.00000     0.00000     0.00000     0.00000     0.00000     0.00000
     3.67691     0.00000     0.00000     0.00000     0.00000     0.00000     0.00000     0.00000     0.00000     0.00000     0.00000
     3.76491     0.00000     0.00000     0.00000     0.00000     0.00000     0.00000     0.00000     0.00000     0.00000     0.00000
     3.85291     0.00000     0.00000     0.00000     0.00000     0.00000     0.00000     0.00000     0.00000     0.00000     0.00000
     3.94091     0.00000     0.00000     0.00000     0.00000     0.00000     0.00000     0.00000     0.00000     0.00000     0.00000
     4.02891     0.00000     0.00000     0.00000     0.00000     0.00000     0.00000     0.00000     0.00000     0.00000     0.00000
     4.11691     0.00000     0.00000     0.00000     0.00000     0.00000     0.00000     0.00000     0.00000     0.00000     0.00000
     4.20491     0.00000     0.00000     0.00000     0.00000     0.00000     0.00000     0.00000     0.00000     0.00000     0.00000
     4.29291     0.00000     0.00000     0.00000     0.00000     0.00000     0.00000     0.00000     0.00000     0.00000     0.00000
     4.38091     0.00105     0.00246     0.00298     0.00243     0.00000     0.00000     0.00000     0.00000     0.00000     0.00892
     4.46891     0.00154     0.00307     0.00350     0.00315     0.00000     0.00000     0.00000     0.00000     0.00000     0.01125
     4.55691     0.00148     0.00325     0.00335     0.00306     0.00000     0.00000     0.00000     0.00000     0.00000     0.01114
     4.64491     0.00299     0.00693     0.00643     0.00699     0.00000     0.00000     0.00000     0.00000     0.00000     0.02335
     4.73391     0.00130     0.01064     0.01425     0.01158     0.00000     0.00000     0.00000     0.00000     0.00000     0.03777
     4.82191     0.00039     0.00397     0.00704     0.00421     0.00000     0.00000     0.00000     0.00000     0.00000     0.01560
     4.90991     0.00167     0.00568     0.00738     0.00528     0.00000     0.00000     0.00000     0.00000     0.00000     0.02001
     4.99791     0.00397     0.00796     0.00798     0.00734     0.00000     0.00000     0.00000     0.00000     0.00000     0.02726
     5.08591     0.00118     0.00226     0.00239     0.00220     0.00000     0.00000     0.00000     0.00000     0.00000     0.00802
     5.17391     0.01245     0.02222     0.01837     0.02198     0.00000     0.00000     0.00000     0.00000     0.00000     0.07501
     5.26191     0.00650     0.01650     0.01686     0.01412     0.00000     0.00000     0.00000     0.00000     0.00000     0.05398
     5.34991     0.00189     0.00514     0.00494     0.00470     0.00000     0.00000     0.00000     0.00000     0.00000     0.01667
     5.43791     0.00759     0.01868     0.01677     0.01421     0.00000     0.00000     0.00000     0.00000     0.00000     0.05725
     5.52591     0.00475     0.01201     0.00942     0.00848     0.00000     0.00000     0.00000     0.00000     0.00000     0.03464
     5.61391     0.00344     0.00951     0.00927     0.00686     0.00000     0.00000     0.00000     0.00000     0.00000     0.02908
     5.70191     0.00536     0.00758     0.00738     0.00718     0.00000     0.00000     0.00000     0.00000     0.00000     0.02749
     5.78991     0.01422     0.01216     0.01285     0.01457     0.00000     0.00000     0.00000     0.00000     0.00000     0.05381
     5.87791     0.00724     0.00905     0.00905     0.01020     0.00000     0.00000     0.00000     0.00000     0.00000     0.03554
     5.96591     0.00880     0.01245     0.01171     0.01127     0.00000     0.00000     0.00000     0.00000     0.00000     0.04422
     6.05391     0.01175     0.01432     0.01385     0.01486     0.00000     0.00000     0.00000     0.00000     0.00000     0.05478
     6.14291     0.00667     0.00777     0.00693     0.00592     0.00000     0.00000     0.00000     0.00000     0.00000     0.02731
     6.23091     0.00801     0.01008     0.01104     0.01013     0.00000     0.00000     0.00000     0.00000     0.00000     0.03926
     6.31891     0.01175     0.01577     0.01679     0.01428     0.00000     0.00000     0.00000     0.00000     0.00000     0.05861
     6.40691     0.01036     0.01891     0.02874     0.02068     0.00000     0.00000     0.00000     0.00000     0.00000     0.07869
     6.49491     0.00703     0.01481     0.02348     0.01840     0.00000     0.00000     0.00000     0.00000     0.00000     0.06372
     6.58291     0.01350     0.02321     0.03036     0.02427     0.00000     0.00000     0.00000     0.00000     0.00000     0.09133
     6.67091     0.02357     0.02564     0.02908     0.02256     0.00000     0.00000     0.00000     0.00000     0.00000     0.10085
     6.75891     0.02057     0.01735     0.01885     0.01598     0.00000     0.00000     0.00000     0.00000     0.00000     0.07275
     6.84691     0.02403     0.01766     0.02052     0.01566     0.00000     0.00000     0.00000     0.00000     0.00000     0.07788
     6.93491     0.01691     0.01594     0.01907     0.01721     0.00000     0.00000     0.00000     0.00000     0.00000     0.06912
     7.02291     0.01827     0.01798     0.01908     0.01814     0.00000     0.00000     0.00000     0.00000     0.00000     0.07346
     7.11091     0.03171     0.01807     0.02146     0.01546     0.00000     0.00000     0.00000     0.00000     0.00000     0.08669
     7.19891     0.02022     0.01533     0.01423     0.01249     0.00000     0.00000     0.00000     0.00000     0.00000     0.06226
     7.28691     0.04079     0.01923     0.02148     0.01685     0.00000     0.00000     0.00000     0.00000     0.00000     0.09835
     7.37491     0.03336     0.01679     0.01664     0.01561     0.00000     0.00000     0.00000     0.00000     0.00000     0.08240
     7.46391     0.02290     0.01370     0.01488     0.01261     0.00000     0.00000     0.00000     0.00000     0.00000     0.06409
     7.55191     0.00153     0.00080     0.00072     0.00122     0.00000     0.00000     0.00000     0.00000     0.00000     0.00428
     7.63991     0.00000     0.00000     0.00000     0.00000     0.00000     0.00000     0.00000     0.00000     0.00000     0.00000
     7.72791     0.00000     0.00000     0.00000     0.00000     0.00000     0.00000     0.00000     0.00000     0.00000     0.00000
     7.81591     0.00000     0.00000     0.00000     0.00000     0.00000     0.00000     0.00000     0.00000     0.00000     0.00000
     7.90391     0.00000     0.00000     0.00000     0.00000     0.00000     0.00000     0.00000     0.00000     0.00000     0.00000
     7.99191     0.00000     0.00000     0.00000     0.00000     0.00000     0.00000     0.00000     0.00000     0.00000     0.00000
     8.07991     0.00000     0.00000     0.00000     0.00000     0.00000     0.00000     0.00000     0.00000     0.00000     0.00000
     8.16791     0.00000     0.00000     0.00000     0.00000     0.00000     0.00000     0.00000     0.00000     0.00000     0.00000
     8.25591     0.00000     0.00000     0.00000     0.00000     0.00000     0.00000     0.00000     0.00000     0.00000     0.00000
     8.34391     0.00000     0.00000     0.00000     0.00000     0.00000     0.00000     0.00000     0.00000     0.00000     0.00000
     8.43191     0.00000     0.00000     0.00000     0.00000     0.00000     0.00000     0.00000     0.00000     0.00000     0.00000
     8.51991     0.00000     0.00000     0.00000     0.00000     0.00000     0.00000     0.00000     0.00000     0.00000     0.00000
     8.60791     0.00000     0.00000     0.00000     0.00000     0.00000     0.00000     0.00000     0.00000     0.00000     0.00000
     8.69591     0.00000     0.00000     0.00000     0.00000     0.00000     0.00000     0.00000     0.00000     0.00000     0.00000
     8.78391     0.00000     0.00000     0.00000     0.00000     0.00000     0.00000     0.00000     0.00000     0.00000     0.00000
     8.87291     0.00000     0.00000     0.00000     0.00000     0.00000     0.00000     0.00000     0.00000     0.00000     0.00000
