     #Energy           s          py          pz          px         dxy         dyz         dz2         dxz         dx2       tot  
   -17.54709     0.00000     0.00000     0.00000     0.00000     0.00000     0.00000     0.00000     0.00000     0.00000     0.00000
   -17.45909     0.00000     0.00000     0.00000     0.00000     0.00000     0.00000     0.00000     0.00000     0.00000     0.00000
   -17.37109     0.00000     0.00000     0.00000     0.00000     0.00000     0.00000     0.00000     0.00000     0.00000     0.00000
   -17.28209     0.00000     0.00000     0.00000     0.00000     0.00000     0.00000     0.00000     0.00000     0.00000     0.00000
   -17.19409     0.00000     0.00000     0.00000     0.00000     0.00000     0.00000     0.00000     0.00000     0.00000     0.00000
   -17.10609     0.00000     0.00000     0.00000     0.00000     0.00000     0.00000     0.00000     0.00000     0.00000     0.00000
   -17.01809     0.00000     0.00000     0.00000     0.00000     0.00000     0.00000     0.00000     0.00000     0.00000     0.00000
   -16.93009     0.00000     0.00000     0.00000     0.00000     0.00000     0.00000     0.00000     0.00000     0.00000     0.00000
   -16.84209     0.00000     0.00000     0.00000     0.00000     0.00000     0.00000     0.00000     0.00000     0.00000     0.00000
   -16.75409     0.00000     0.00000     0.00000     0.00000     0.00000     0.00000     0.00000     0.00000     0.00000     0.00000
   -16.66609     0.00000     0.00000     0.00000     0.00000     0.00000     0.00000     0.00000     0.00000     0.00000     0.00000
   -16.57809     0.00000     0.00000     0.00000     0.00000     0.00000     0.00000     0.00000     0.00000     0.00000     0.00000
   -16.49009     0.00000     0.00000     0.00000     0.00000     0.00000     0.00000     0.00000     0.00000     0.00000     0.00000
   -16.40209     0.00000     0.00000     0.00000     0.00000     0.00000     0.00000     0.00000     0.00000     0.00000     0.00000
   -16.31409     0.00000     0.00000     0.00000     0.00000     0.00000     0.00000     0.00000     0.00000     0.00000     0.00000
   -16.22609     0.00000     0.00000     0.00000     0.00000     0.00000     0.00000     0.00000     0.00000     0.00000     0.00000
   -16.13809     0.00000     0.00000     0.00000     0.00000     0.00000     0.00000     0.00000     0.00000     0.00000     0.00000
   -16.05009     0.00000     0.00000     0.00000     0.00000     0.00000     0.00000     0.00000     0.00000     0.00000     0.00000
   -15.96109     0.00000     0.00000     0.00000     0.00000     0.00000     0.00000     0.00000     0.00000     0.00000     0.00000
   -15.87309     0.00000     0.00000     0.00000     0.00000     0.00000     0.00000     0.00000     0.00000     0.00000     0.00000
   -15.78509     0.00000     0.00000     0.00000     0.00000     0.00000     0.00000     0.00000     0.00000     0.00000     0.00000
   -15.69709     0.00000     0.00000     0.00000     0.00000     0.00000     0.00000     0.00000     0.00000     0.00000     0.00000
   -15.60909     0.00000     0.00000     0.00000     0.00000     0.00000     0.00000     0.00000     0.00000     0.00000     0.00000
   -15.52109     0.00000     0.00000     0.00000     0.00000     0.00000     0.00000     0.00000     0.00000     0.00000     0.00000
   -15.43309     0.00000     0.00000     0.00000     0.00000     0.00000     0.00000     0.00000     0.00000     0.00000     0.00000
   -15.34509     0.00000     0.00000     0.00000     0.00000     0.00000     0.00000     0.00000     0.00000     0.00000     0.00000
   -15.25709     0.00000     0.00000     0.00000     0.00000     0.00000     0.00000     0.00000     0.00000     0.00000     0.00000
   -15.16909     0.00000     0.00000     0.00000     0.00000     0.00000     0.00000     0.00000     0.00000     0.00000     0.00000
   -15.08109     0.00000     0.00000     0.00000     0.00000     0.00000     0.00000     0.00000     0.00000     0.00000     0.00000
   -14.99309     0.00000     0.00000     0.00000     0.00000     0.00000     0.00000     0.00000     0.00000     0.00000     0.00000
   -14.90509     0.00000     0.00000     0.00000     0.00000     0.00000     0.00000     0.00000     0.00000     0.00000     0.00000
   -14.81709     0.00000     0.00000     0.00000     0.00000     0.00000     0.00000     0.00000     0.00000     0.00000     0.00000
   -14.72909     0.00000     0.00000     0.00000     0.00000     0.00000     0.00000     0.00000     0.00000     0.00000     0.00000
   -14.64109     0.00000     0.00000     0.00000     0.00000     0.00000     0.00000     0.00000     0.00000     0.00000     0.00000
   -14.55209     0.00000     0.00000     0.00000     0.00000     0.00000     0.00000     0.00000     0.00000     0.00000     0.00000
   -14.46409     0.00000     0.00000     0.00000     0.00000     0.00000     0.00000     0.00000     0.00000     0.00000     0.00000
   -14.37609     0.00000     0.00000     0.00000     0.00000     0.00000     0.00000     0.00000     0.00000     0.00000     0.00000
   -14.28809     0.00000     0.00000     0.00000     0.00000     0.00000     0.00000     0.00000     0.00000     0.00000     0.00000
   -14.20009     0.00000     0.00000     0.00000     0.00000     0.00000     0.00000     0.00000     0.00000     0.00000     0.00000
   -14.11209     0.00000     0.00000     0.00000     0.00000     0.00000     0.00000     0.00000     0.00000     0.00000     0.00000
   -14.02409     0.00000     0.00000     0.00000     0.00000     0.00000     0.00000     0.00000     0.00000     0.00000     0.00000
   -13.93609     0.00000     0.00000     0.00000     0.00000     0.00000     0.00000     0.00000     0.00000     0.00000     0.00000
   -13.84809     0.00000     0.00000     0.00000     0.00000     0.00000     0.00000     0.00000     0.00000     0.00000     0.00000
   -13.76009     0.00000     0.00000     0.00000     0.00000     0.00000     0.00000     0.00000     0.00000     0.00000     0.00000
   -13.67209     0.00000     0.00000     0.00000     0.00000     0.00000     0.00000     0.00000     0.00000     0.00000     0.00000
   -13.58409     0.00000     0.00000     0.00000     0.00000     0.00000     0.00000     0.00000     0.00000     0.00000     0.00000
   -13.49609     0.00000     0.00000     0.00000     0.00000     0.00000     0.00000     0.00000     0.00000     0.00000     0.00000
   -13.40809     0.00000     0.00000     0.00000     0.00000     0.00000     0.00000     0.00000     0.00000     0.00000     0.00000
   -13.32009     0.00000     0.00000     0.00000     0.00000     0.00000     0.00000     0.00000     0.00000     0.00000     0.00000
   -13.23209     0.00000     0.00000     0.00000     0.00000     0.00000     0.00000     0.00000     0.00000     0.00000     0.00000
   -13.14309     0.00000     0.00000     0.00000     0.00000     0.00000     0.00000     0.00000     0.00000     0.00000     0.00000
   -13.05509     0.00000     0.00000     0.00000     0.00000     0.00000     0.00000     0.00000     0.00000     0.00000     0.00000
   -12.96709     0.00000     0.00000     0.00000     0.00000     0.00000     0.00000     0.00000     0.00000     0.00000     0.00000
   -12.87909     0.00000     0.00000     0.00000     0.00000     0.00000     0.00000     0.00000     0.00000     0.00000     0.00000
   -12.79109     0.00000     0.00000     0.00000     0.00000     0.00000     0.00000     0.00000     0.00000     0.00000     0.00000
   -12.70309    -5.86040    -0.00930    -0.01236    -0.01082    -0.00002    -0.00011    -0.00090    -0.00002    -0.00100    -5.89491
   -12.61509    -5.73510    -0.00999    -0.01248    -0.01132    -0.00002    -0.00011    -0.00089    -0.00002    -0.00099    -5.77092
   -12.52709    -7.29680    -0.01350    -0.01623    -0.01487    -0.00004    -0.00015    -0.00116    -0.00003    -0.00127    -7.34404
   -12.43909    -9.99060    -0.01927    -0.02215    -0.02078    -0.00009    -0.00024    -0.00162    -0.00007    -0.00178   -10.05660
   -12.35109    -2.01919    -0.00378    -0.00432    -0.00405    -0.00003    -0.00005    -0.00033    -0.00002    -0.00035    -2.03214
   -12.26309    -5.58210    -0.00949    -0.01130    -0.01031    -0.00011    -0.00017    -0.00083    -0.00010    -0.00094    -5.61535
   -12.17509    -9.15710    -0.01419    -0.01601    -0.01518    -0.00022    -0.00031    -0.00131    -0.00020    -0.00133    -9.20585
   -12.08709   -17.86060    -0.01189    -0.01275    -0.01224    -0.00071    -0.00094    -0.00178    -0.00094    -0.00197   -17.90381
   -11.99909   -46.33600    -0.03124    -0.03776    -0.03449    -0.00200    -0.00225    -0.00423    -0.00208    -0.00457   -46.45462
   -11.91109   -30.33210    -0.01983    -0.02259    -0.02127    -0.00092    -0.00116    -0.00327    -0.00095    -0.00331   -30.40542
   -11.82209   -28.35230    -0.00693    -0.00755    -0.00726    -0.00042    -0.00059    -0.00213    -0.00039    -0.00250   -28.38006
   -11.73409     0.00000     0.00000     0.00000     0.00000     0.00000     0.00000     0.00000     0.00000     0.00000     0.00000
   -11.64609     0.00000     0.00000     0.00000     0.00000     0.00000     0.00000     0.00000     0.00000     0.00000     0.00000
   -11.55809     0.00000     0.00000     0.00000     0.00000     0.00000     0.00000     0.00000     0.00000     0.00000     0.00000
   -11.47009     0.00000     0.00000     0.00000     0.00000     0.00000     0.00000     0.00000     0.00000     0.00000     0.00000
   -11.38209     0.00000     0.00000     0.00000     0.00000     0.00000     0.00000     0.00000     0.00000     0.00000     0.00000
   -11.29409     0.00000     0.00000     0.00000     0.00000     0.00000     0.00000     0.00000     0.00000     0.00000     0.00000
   -11.20609     0.00000     0.00000     0.00000     0.00000     0.00000     0.00000     0.00000     0.00000     0.00000     0.00000
   -11.11809     0.00000     0.00000     0.00000     0.00000     0.00000     0.00000     0.00000     0.00000     0.00000     0.00000
   -11.03009     0.00000     0.00000     0.00000     0.00000     0.00000     0.00000     0.00000     0.00000     0.00000     0.00000
   -10.94209     0.00000     0.00000     0.00000     0.00000     0.00000     0.00000     0.00000     0.00000     0.00000     0.00000
   -10.85409     0.00000     0.00000     0.00000     0.00000     0.00000     0.00000     0.00000     0.00000     0.00000     0.00000
   -10.76609     0.00000     0.00000     0.00000     0.00000     0.00000     0.00000     0.00000     0.00000     0.00000     0.00000
   -10.67809     0.00000     0.00000     0.00000     0.00000     0.00000     0.00000     0.00000     0.00000     0.00000     0.00000
   -10.59009     0.00000     0.00000     0.00000     0.00000     0.00000     0.00000     0.00000     0.00000     0.00000     0.00000
   -10.50209     0.00000     0.00000     0.00000     0.00000     0.00000     0.00000     0.00000     0.00000     0.00000     0.00000
   -10.41309     0.00000     0.00000     0.00000     0.00000     0.00000     0.00000     0.00000     0.00000     0.00000     0.00000
   -10.32509     0.00000     0.00000     0.00000     0.00000     0.00000     0.00000     0.00000     0.00000     0.00000     0.00000
   -10.23709     0.00000     0.00000     0.00000     0.00000     0.00000     0.00000     0.00000     0.00000     0.00000     0.00000
   -10.14909     0.00000     0.00000     0.00000     0.00000     0.00000     0.00000     0.00000     0.00000     0.00000     0.00000
   -10.06109     0.00000     0.00000     0.00000     0.00000     0.00000     0.00000     0.00000     0.00000     0.00000     0.00000
    -9.97309     0.00000     0.00000     0.00000     0.00000     0.00000     0.00000     0.00000     0.00000     0.00000     0.00000
    -9.88509     0.00000     0.00000     0.00000     0.00000     0.00000     0.00000     0.00000     0.00000     0.00000     0.00000
    -9.79709     0.00000     0.00000     0.00000     0.00000     0.00000     0.00000     0.00000     0.00000     0.00000     0.00000
    -9.70909     0.00000     0.00000     0.00000     0.00000     0.00000     0.00000     0.00000     0.00000     0.00000     0.00000
    -9.62109     0.00000     0.00000     0.00000     0.00000     0.00000     0.00000     0.00000     0.00000     0.00000     0.00000
    -9.53309     0.00000     0.00000     0.00000     0.00000     0.00000     0.00000     0.00000     0.00000     0.00000     0.00000
    -9.44509     0.00000     0.00000     0.00000     0.00000     0.00000     0.00000     0.00000     0.00000     0.00000     0.00000
    -9.35709     0.00000     0.00000     0.00000     0.00000     0.00000     0.00000     0.00000     0.00000     0.00000     0.00000
    -9.26909     0.00000     0.00000     0.00000     0.00000     0.00000     0.00000     0.00000     0.00000     0.00000     0.00000
    -9.18109     0.00000     0.00000     0.00000     0.00000     0.00000     0.00000     0.00000     0.00000     0.00000     0.00000
    -9.09309     0.00000     0.00000     0.00000     0.00000     0.00000     0.00000     0.00000     0.00000     0.00000     0.00000
    -9.00409     0.00000     0.00000     0.00000     0.00000     0.00000     0.00000     0.00000     0.00000     0.00000     0.00000
    -8.91609     0.00000     0.00000     0.00000     0.00000     0.00000     0.00000     0.00000     0.00000     0.00000     0.00000
    -8.82809     0.00000     0.00000     0.00000     0.00000     0.00000     0.00000     0.00000     0.00000     0.00000     0.00000
    -8.74009     0.00000     0.00000     0.00000     0.00000     0.00000     0.00000     0.00000     0.00000     0.00000     0.00000
    -8.65209     0.00000     0.00000     0.00000     0.00000     0.00000     0.00000     0.00000     0.00000     0.00000     0.00000
    -8.56409     0.00000     0.00000     0.00000     0.00000     0.00000     0.00000     0.00000     0.00000     0.00000     0.00000
    -8.47609     0.00000     0.00000     0.00000     0.00000     0.00000     0.00000     0.00000     0.00000     0.00000     0.00000
    -8.38809     0.00000     0.00000     0.00000     0.00000     0.00000     0.00000     0.00000     0.00000     0.00000     0.00000
    -8.30009     0.00000     0.00000     0.00000     0.00000     0.00000     0.00000     0.00000     0.00000     0.00000     0.00000
    -8.21209     0.00000     0.00000     0.00000     0.00000     0.00000     0.00000     0.00000     0.00000     0.00000     0.00000
    -8.12409     0.00000     0.00000     0.00000     0.00000     0.00000     0.00000     0.00000     0.00000     0.00000     0.00000
    -8.03609     0.00000     0.00000     0.00000     0.00000     0.00000     0.00000     0.00000     0.00000     0.00000     0.00000
    -7.94809     0.00000     0.00000     0.00000     0.00000     0.00000     0.00000     0.00000     0.00000     0.00000     0.00000
    -7.86009     0.00000     0.00000     0.00000     0.00000     0.00000     0.00000     0.00000     0.00000     0.00000     0.00000
    -7.77209     0.00000     0.00000     0.00000     0.00000     0.00000     0.00000     0.00000     0.00000     0.00000     0.00000
    -7.68309     0.00000     0.00000     0.00000     0.00000     0.00000     0.00000     0.00000     0.00000     0.00000     0.00000
    -7.59509     0.00000     0.00000     0.00000     0.00000     0.00000     0.00000     0.00000     0.00000     0.00000     0.00000
    -7.50709     0.00000     0.00000     0.00000     0.00000     0.00000     0.00000     0.00000     0.00000     0.00000     0.00000
    -7.41909     0.00000     0.00000     0.00000     0.00000     0.00000     0.00000     0.00000     0.00000     0.00000     0.00000
    -7.33109     0.00000     0.00000     0.00000     0.00000     0.00000     0.00000     0.00000     0.00000     0.00000     0.00000
    -7.24309     0.00000     0.00000     0.00000     0.00000     0.00000     0.00000     0.00000     0.00000     0.00000     0.00000
    -7.15509     0.00000     0.00000     0.00000     0.00000     0.00000     0.00000     0.00000     0.00000     0.00000     0.00000
    -7.06709     0.00000     0.00000     0.00000     0.00000     0.00000     0.00000     0.00000     0.00000     0.00000     0.00000
    -6.97909     0.00000     0.00000     0.00000     0.00000     0.00000     0.00000     0.00000     0.00000     0.00000     0.00000
    -6.89109     0.00000     0.00000     0.00000     0.00000     0.00000     0.00000     0.00000     0.00000     0.00000     0.00000
    -6.80309     0.00000     0.00000     0.00000     0.00000     0.00000     0.00000     0.00000     0.00000     0.00000     0.00000
    -6.71509     0.00000     0.00000     0.00000     0.00000     0.00000     0.00000     0.00000     0.00000     0.00000     0.00000
    -6.62709     0.00000     0.00000     0.00000     0.00000     0.00000     0.00000     0.00000     0.00000     0.00000     0.00000
    -6.53909     0.00000     0.00000     0.00000     0.00000     0.00000     0.00000     0.00000     0.00000     0.00000     0.00000
    -6.45109     0.00000     0.00000     0.00000     0.00000     0.00000     0.00000     0.00000     0.00000     0.00000     0.00000
    -6.36309     0.00000     0.00000     0.00000     0.00000     0.00000     0.00000     0.00000     0.00000     0.00000     0.00000
    -6.27409     0.00000     0.00000     0.00000     0.00000     0.00000     0.00000     0.00000     0.00000     0.00000     0.00000
    -6.18609     0.00000     0.00000     0.00000     0.00000     0.00000     0.00000     0.00000     0.00000     0.00000     0.00000
    -6.09809     0.00000     0.00000     0.00000     0.00000     0.00000     0.00000     0.00000     0.00000     0.00000     0.00000
    -6.01009     0.00000     0.00000     0.00000     0.00000     0.00000     0.00000     0.00000     0.00000     0.00000     0.00000
    -5.92209     0.00000     0.00000     0.00000     0.00000     0.00000     0.00000     0.00000     0.00000     0.00000     0.00000
    -5.83409     0.00000     0.00000     0.00000     0.00000     0.00000     0.00000     0.00000     0.00000     0.00000     0.00000
    -5.74609     0.00000     0.00000     0.00000     0.00000     0.00000     0.00000     0.00000     0.00000     0.00000     0.00000
    -5.65809     0.00000     0.00000     0.00000     0.00000     0.00000     0.00000     0.00000     0.00000     0.00000     0.00000
    -5.57009     0.00000     0.00000     0.00000     0.00000     0.00000     0.00000     0.00000     0.00000     0.00000     0.00000
    -5.48209     0.00000     0.00000     0.00000     0.00000     0.00000     0.00000     0.00000     0.00000     0.00000     0.00000
    -5.39409     0.00000     0.00000     0.00000     0.00000     0.00000     0.00000     0.00000     0.00000     0.00000     0.00000
    -5.30609     0.00000     0.00000     0.00000     0.00000     0.00000     0.00000     0.00000     0.00000     0.00000     0.00000
    -5.21809     0.00000     0.00000     0.00000     0.00000     0.00000     0.00000     0.00000     0.00000     0.00000     0.00000
    -5.13009     0.00000     0.00000     0.00000     0.00000     0.00000     0.00000     0.00000     0.00000     0.00000     0.00000
    -5.04209     0.00000     0.00000     0.00000     0.00000     0.00000     0.00000     0.00000     0.00000     0.00000     0.00000
    -4.95409     0.00000     0.00000     0.00000     0.00000     0.00000     0.00000     0.00000     0.00000     0.00000     0.00000
    -4.86509     0.00000     0.00000     0.00000     0.00000     0.00000     0.00000     0.00000     0.00000     0.00000     0.00000
    -4.77709     0.00000     0.00000     0.00000     0.00000     0.00000     0.00000     0.00000     0.00000     0.00000     0.00000
    -4.68909     0.00000     0.00000     0.00000     0.00000     0.00000     0.00000     0.00000     0.00000     0.00000     0.00000
    -4.60109     0.00000     0.00000     0.00000     0.00000     0.00000     0.00000     0.00000     0.00000     0.00000     0.00000
    -4.51309     0.00000     0.00000     0.00000     0.00000     0.00000     0.00000     0.00000     0.00000     0.00000     0.00000
    -4.42509     0.00000     0.00000     0.00000     0.00000     0.00000     0.00000     0.00000     0.00000     0.00000     0.00000
    -4.33709     0.00000     0.00000     0.00000     0.00000     0.00000     0.00000     0.00000     0.00000     0.00000     0.00000
    -4.24909     0.00000     0.00000     0.00000     0.00000     0.00000     0.00000     0.00000     0.00000     0.00000     0.00000
    -4.16109     0.00000     0.00000     0.00000     0.00000     0.00000     0.00000     0.00000     0.00000     0.00000     0.00000
    -4.07309    -0.68466    -5.58188    -5.35765    -5.51579    -0.00457    -0.00984    -0.05876    -0.00316    -0.05497   -17.27128
    -3.98509    -0.18998    -1.25455    -1.07639    -1.15718    -0.00095    -0.00193    -0.01130    -0.00109    -0.01146    -3.70484
    -3.89709    -0.11134    -0.59094    -0.52744    -0.55510    -0.00053    -0.00096    -0.00523    -0.00057    -0.00516    -1.79727
    -3.80909    -0.05288    -0.23443    -0.21907    -0.22491    -0.00023    -0.00039    -0.00206    -0.00024    -0.00200    -0.73621
    -3.72109    -0.02941    -0.10730    -0.11460    -0.10950    -0.00013    -0.00020    -0.00103    -0.00010    -0.00085    -0.36312
    -3.63309    -2.76045   -10.26635   -13.07097   -11.38543    -0.01577    -0.02245    -0.07278    -0.01997    -0.06107   -37.67523
    -3.54409    -0.34015    -1.18998    -1.18563    -1.05423    -0.00170    -0.00175    -0.00921    -0.00162    -0.00608    -3.79036
    -3.45609     0.00000     0.00000     0.00000     0.00000     0.00000     0.00000     0.00000     0.00000     0.00000     0.00000
    -3.36809    -0.15353    -3.05307    -2.78761    -2.91139    -0.00719    -0.00744    -0.00504    -0.00810    -0.00478    -8.93815
    -3.28009    -0.08041    -1.58303    -1.85548    -1.94228    -0.00565    -0.00583    -0.00365    -0.00660    -0.00314    -5.48606
    -3.19209    -0.14274    -3.88313    -3.33133    -4.05980    -0.01904    -0.01578    -0.00638    -0.02171    -0.00512   -11.48503
    -3.10409    -0.05485    -1.52582    -1.50945    -1.54999    -0.00727    -0.00640    -0.00356    -0.00803    -0.00284    -4.66823
    -3.01609    -0.07869    -2.10768    -1.88054    -2.17017    -0.01076    -0.00884    -0.00418    -0.01097    -0.00382    -6.27565
    -2.92809    -0.13622    -2.71246    -2.62680    -2.60968    -0.01182    -0.01172    -0.00503    -0.01171    -0.00444    -8.12988
    -2.84009    -0.27014    -4.07396    -4.50995    -4.05236    -0.01903    -0.01934    -0.01154    -0.01848    -0.00774   -12.98255
    -2.75209    -0.10371    -2.59806    -2.37304    -2.44592    -0.01240    -0.01292    -0.00747    -0.01338    -0.00718    -7.57408
    -2.66409    -0.04664    -1.91033    -1.78909    -1.90058    -0.00916    -0.00921    -0.00662    -0.01022    -0.00633    -5.68818
    -2.57609    -0.04296    -2.06373    -2.66978    -2.18893    -0.00954    -0.01172    -0.00904    -0.01236    -0.00756    -7.01562
    -2.48809    -0.07169    -3.35780    -3.60726    -3.13160    -0.01451    -0.01590    -0.01247    -0.01610    -0.01110   -10.23844
    -2.40009    -0.03038    -1.01004    -1.03423    -1.03388    -0.00396    -0.00413    -0.00410    -0.00420    -0.00372    -3.12865
    -2.31209    -0.04002    -1.13527    -1.17919    -1.23041    -0.00438    -0.00451    -0.00488    -0.00461    -0.00453    -3.60780
    -2.22409    -0.05548    -1.98310    -1.77499    -1.87004    -0.00699    -0.00705    -0.00775    -0.00689    -0.00821    -5.72050
    -2.13509    -0.05244    -2.09231    -1.98175    -2.07723    -0.00719    -0.00767    -0.00909    -0.00662    -0.00958    -6.24388
    -2.04709    -0.07248    -5.72557    -6.03470    -6.25810    -0.01019    -0.01208    -0.03550    -0.00960    -0.03338   -18.19161
    -1.95909    -0.03534    -5.20465    -4.95473    -5.34810    -0.00778    -0.00946    -0.03478    -0.00754    -0.03019   -15.63258
    -1.87109    -0.03923    -4.01708    -3.94350    -4.24872    -0.00936    -0.00823    -0.00949    -0.00819    -0.01025   -12.29405
    -1.78309    -0.03649    -3.51644    -3.45887    -3.71341    -0.00778    -0.00695    -0.00918    -0.00672    -0.00987   -10.76572
    -1.69509    -0.04356    -3.38839    -4.49866    -3.53944    -0.00596    -0.00552    -0.00825    -0.00529    -0.00745   -11.50252
    -1.60709    -0.09707    -6.20350    -8.43590    -7.14470    -0.00966    -0.00979    -0.01114    -0.00831    -0.01065   -21.93072
    -1.51909    -0.03466    -3.16745    -3.69611    -3.47611    -0.00604    -0.00560    -0.00603    -0.00557    -0.00632   -10.40388
    -1.43109    -0.03435    -2.66806    -2.51616    -2.65116    -0.00575    -0.00536    -0.00581    -0.00575    -0.00652    -7.89891
    -1.34309    -0.06019    -6.39790    -6.68550    -6.55610    -0.01489    -0.01460    -0.01351    -0.01453    -0.01501   -19.77223
    -1.25509    -0.02304    -2.57017    -2.43230    -2.58124    -0.00546    -0.00562    -0.00634    -0.00565    -0.00710    -7.63692
    -1.16709    -0.09282    -5.89450    -6.23670    -6.15170    -0.01183    -0.01234    -0.01248    -0.01320    -0.01478   -18.44035
    -1.07909    -0.02586    -1.97215    -1.93089    -1.86203    -0.00486    -0.00462    -0.00507    -0.00471    -0.00550    -5.81569
    -0.99109    -0.07222    -5.22936    -5.18009    -5.02503    -0.00803    -0.00897    -0.01526    -0.00874    -0.01603   -15.56374
    -0.90309    -0.02292    -3.13840    -2.65500    -2.23546    -0.00390    -0.00418    -0.01015    -0.00335    -0.00998    -8.08334
    -0.81509    -0.04019    -7.04965    -8.26379    -7.02875    -0.00888    -0.00786    -0.01364    -0.00954    -0.01432   -22.43662
    -0.72609    -0.03150    -2.69096    -2.14109    -2.70673    -0.00303    -0.00418    -0.00426    -0.00440    -0.00599    -7.59213
    -0.63809    -0.04100    -5.49970    -4.54052    -5.01195    -0.00639    -0.00672    -0.00823    -0.00502    -0.01036   -15.12989
    -0.55009    -0.00542    -1.84890    -1.44337    -1.45984    -0.00115    -0.00147    -0.00337    -0.00110    -0.00406    -4.76868
    -0.46209    -0.00002    -0.05875    -0.03367    -0.09247    -0.00002    -0.00001    -0.00008    -0.00002    -0.00017    -0.18521
    -0.37409     0.00000     0.00000     0.00000     0.00000     0.00000     0.00000     0.00000     0.00000     0.00000     0.00000
    -0.28609     0.00000     0.00000     0.00000     0.00000     0.00000     0.00000     0.00000     0.00000     0.00000     0.00000
    -0.19809     0.00000     0.00000     0.00000     0.00000     0.00000     0.00000     0.00000     0.00000     0.00000     0.00000
    -0.11009     0.00000     0.00000     0.00000     0.00000     0.00000     0.00000     0.00000     0.00000     0.00000     0.00000
    -0.02209     0.00000     0.00000     0.00000     0.00000     0.00000     0.00000     0.00000     0.00000     0.00000     0.00000
     0.06591     0.00000     0.00000     0.00000     0.00000     0.00000     0.00000     0.00000     0.00000     0.00000     0.00000
     0.15391     0.00000     0.00000     0.00000     0.00000     0.00000     0.00000     0.00000     0.00000     0.00000     0.00000
     0.24191     0.00000     0.00000     0.00000     0.00000     0.00000     0.00000     0.00000     0.00000     0.00000     0.00000
     0.32991     0.00000     0.00000     0.00000     0.00000     0.00000     0.00000     0.00000     0.00000     0.00000     0.00000
     0.41791     0.00000     0.00000     0.00000     0.00000     0.00000     0.00000     0.00000     0.00000     0.00000     0.00000
     0.50591     0.00000     0.00000     0.00000     0.00000     0.00000     0.00000     0.00000     0.00000     0.00000     0.00000
     0.59491     0.00000     0.00000     0.00000     0.00000     0.00000     0.00000     0.00000     0.00000     0.00000     0.00000
     0.68291     0.00000     0.00000     0.00000     0.00000     0.00000     0.00000     0.00000     0.00000     0.00000     0.00000
     0.77091     0.00000     0.00000     0.00000     0.00000     0.00000     0.00000     0.00000     0.00000     0.00000     0.00000
     0.85891     0.00000     0.00000     0.00000     0.00000     0.00000     0.00000     0.00000     0.00000     0.00000     0.00000
     0.94691     0.00000     0.00000     0.00000     0.00000     0.00000     0.00000     0.00000     0.00000     0.00000     0.00000
     1.03491     0.00000     0.00000     0.00000     0.00000     0.00000     0.00000     0.00000     0.00000     0.00000     0.00000
     1.12291     0.00000     0.00000     0.00000     0.00000     0.00000     0.00000     0.00000     0.00000     0.00000     0.00000
     1.21091     0.00000     0.00000     0.00000     0.00000     0.00000     0.00000     0.00000     0.00000     0.00000     0.00000
     1.29891     0.00000     0.00000     0.00000     0.00000     0.00000     0.00000     0.00000     0.00000     0.00000     0.00000
     1.38691     0.00000     0.00000     0.00000     0.00000     0.00000     0.00000     0.00000     0.00000     0.00000     0.00000
     1.47491     0.00000     0.00000     0.00000     0.00000     0.00000     0.00000     0.00000     0.00000     0.00000     0.00000
     1.56291     0.00000     0.00000     0.00000     0.00000     0.00000     0.00000     0.00000     0.00000     0.00000     0.00000
     1.65091     0.00000     0.00000     0.00000     0.00000     0.00000     0.00000     0.00000     0.00000     0.00000     0.00000
     1.73891     0.00000     0.00000     0.00000     0.00000     0.00000     0.00000     0.00000     0.00000     0.00000     0.00000
     1.82691     0.00000     0.00000     0.00000     0.00000     0.00000     0.00000     0.00000     0.00000     0.00000     0.00000
     1.91491     0.00000     0.00000     0.00000     0.00000     0.00000     0.00000     0.00000     0.00000     0.00000     0.00000
     2.00391     0.00000     0.00000     0.00000     0.00000     0.00000     0.00000     0.00000     0.00000     0.00000     0.00000
     2.09191     0.00000     0.00000     0.00000     0.00000     0.00000     0.00000     0.00000     0.00000     0.00000     0.00000
     2.17991     0.00000     0.00000     0.00000     0.00000     0.00000     0.00000     0.00000     0.00000     0.00000     0.00000
     2.26791     0.00000     0.00000     0.00000     0.00000     0.00000     0.00000     0.00000     0.00000     0.00000     0.00000
     2.35591     0.00000     0.00000     0.00000     0.00000     0.00000     0.00000     0.00000     0.00000     0.00000     0.00000
     2.44391     0.00000     0.00000     0.00000     0.00000     0.00000     0.00000     0.00000     0.00000     0.00000     0.00000
     2.53191     0.00000     0.00000     0.00000     0.00000     0.00000     0.00000     0.00000     0.00000     0.00000     0.00000
     2.61991     0.00000     0.00000     0.00000     0.00000     0.00000     0.00000     0.00000     0.00000     0.00000     0.00000
     2.70791    -0.08207    -0.18195    -0.16552    -0.17321    -0.17116    -0.15532    -0.02752    -0.15997    -0.02803    -1.14474
     2.79591    -0.08731    -0.41095    -0.38521    -0.39343    -0.38024    -0.35263    -0.05589    -0.37824    -0.06675    -2.51065
     2.88391    -0.04885    -0.25457    -0.21424    -0.23108    -0.14736    -0.14460    -0.06270    -0.15400    -0.08069    -1.33809
     2.97191    -0.38848    -1.10458    -1.02635    -1.08136    -0.31398    -0.31336    -0.33727    -0.31547    -0.34522    -5.22608
     3.05991    -0.52760    -1.93441    -1.85882    -1.88081    -0.19829    -0.23951    -0.62443    -0.17076    -0.68026    -8.11489
     3.14791    -0.55565    -0.65493    -0.84004    -0.67509    -0.09616    -0.09757    -0.22184    -0.08213    -0.20206    -3.42547
     3.23591    -0.36380    -1.04939    -1.15708    -1.15504    -0.21732    -0.19263    -0.29020    -0.19152    -0.24702    -4.86401
     3.32491    -0.12993    -0.84803    -0.67681    -0.67085    -0.05610    -0.06456    -0.14027    -0.06305    -0.15297    -2.80256
     3.41291    -0.32368    -1.69150    -1.70688    -1.61322    -0.14341    -0.14834    -0.23651    -0.14648    -0.23385    -6.24387
     3.50091     0.00000     0.00000     0.00000     0.00000     0.00000     0.00000     0.00000     0.00000     0.00000     0.00000
     3.58891     0.00000     0.00000     0.00000     0.00000     0.00000     0.00000     0.00000     0.00000     0.00000     0.00000
     3.67691     0.00000     0.00000     0.00000     0.00000     0.00000     0.00000     0.00000     0.00000     0.00000     0.00000
     3.76491     0.00000     0.00000     0.00000     0.00000     0.00000     0.00000     0.00000     0.00000     0.00000     0.00000
     3.85291     0.00000     0.00000     0.00000     0.00000     0.00000     0.00000     0.00000     0.00000     0.00000     0.00000
     3.94091     0.00000     0.00000     0.00000     0.00000     0.00000     0.00000     0.00000     0.00000     0.00000     0.00000
     4.02891     0.00000     0.00000     0.00000     0.00000     0.00000     0.00000     0.00000     0.00000     0.00000     0.00000
     4.11691     0.00000     0.00000     0.00000     0.00000     0.00000     0.00000     0.00000     0.00000     0.00000     0.00000
     4.20491     0.00000     0.00000     0.00000     0.00000     0.00000     0.00000     0.00000     0.00000     0.00000     0.00000
     4.29291     0.00000     0.00000     0.00000     0.00000     0.00000     0.00000     0.00000     0.00000     0.00000     0.00000
     4.38091     0.00000     0.00000     0.00000     0.00000     0.00000     0.00000     0.00000     0.00000     0.00000     0.00000
     4.46891     0.00000     0.00000     0.00000     0.00000     0.00000     0.00000     0.00000     0.00000     0.00000     0.00000
     4.55691    -0.13981    -0.00642    -0.00734    -0.00642    -0.00032    -0.00062    -0.00131    -0.00038    -0.00089    -0.16352
     4.64491    -0.13310    -0.01245    -0.01267    -0.01216    -0.00049    -0.00086    -0.00159    -0.00061    -0.00121    -0.17513
     4.73391    -0.12149    -0.01733    -0.01749    -0.01764    -0.00088    -0.00143    -0.00255    -0.00113    -0.00256    -0.18251
     4.82191    -0.12641    -0.02691    -0.02688    -0.02795    -0.00169    -0.00277    -0.00575    -0.00221    -0.00351    -0.22407
     4.90991    -0.09249    -0.01950    -0.02611    -0.02597    -0.00148    -0.00188    -0.00364    -0.00202    -0.00286    -0.17596
     4.99791    -0.52333    -0.38574    -0.33933    -0.34780    -0.05636    -0.14107    -0.81273    -0.05490    -0.92157    -3.58283
     5.08591    -0.21295    -0.13358    -0.15022    -0.14562    -0.01515    -0.03651    -0.25289    -0.01196    -0.22084    -1.17973
     5.17391    -0.21257    -0.17069    -0.19953    -0.17860    -0.02248    -0.04865    -0.29709    -0.02384    -0.33528    -1.48873
     5.26191    -0.33655    -0.31612    -0.32350    -0.30219    -0.04121    -0.08985    -0.45247    -0.04074    -0.54298    -2.44561
     5.34991    -0.42530    -0.50401    -0.49669    -0.48710    -0.06058    -0.11221    -0.67791    -0.05912    -0.64732    -3.47024
     5.43791    -0.25157    -0.26058    -0.25473    -0.25903    -0.05430    -0.07965    -0.36737    -0.05110    -0.36255    -1.94089
     5.52591    -0.18573    -0.09582    -0.09385    -0.09173    -0.02957    -0.03501    -0.08905    -0.02598    -0.09073    -0.73747
     5.61391    -0.21982    -0.06910    -0.09504    -0.08105    -0.05592    -0.06520    -0.07392    -0.07059    -0.06657    -0.79722
     5.70191    -0.35252    -0.13598    -0.17785    -0.14285    -0.09139    -0.09894    -0.14718    -0.08924    -0.16026    -1.39620
     5.78991    -0.23487    -0.10623    -0.08343    -0.08137    -0.06609    -0.07645    -0.12096    -0.06821    -0.12059    -0.95819
     5.87791    -0.61022    -0.23367    -0.24516    -0.20697    -0.19321    -0.21966    -0.27208    -0.20604    -0.30904    -2.49604
     5.96591    -0.68431    -0.36265    -0.38135    -0.33074    -0.28247    -0.29894    -0.47501    -0.29781    -0.46562    -3.57891
     6.05391    -0.75340    -0.33780    -0.36699    -0.35736    -0.27149    -0.28134    -0.35920    -0.27894    -0.36638    -3.37290
     6.14291    -0.63382    -0.32264    -0.35199    -0.28523    -0.30272    -0.29966    -0.30582    -0.36743    -0.31417    -3.18347
     6.23091    -0.45890    -0.18751    -0.19767    -0.18287    -0.18441    -0.20043    -0.25598    -0.18750    -0.27742    -2.13269
     6.31891    -0.40378    -0.17226    -0.16388    -0.17258    -0.16041    -0.16429    -0.27612    -0.13089    -0.26040    -1.90461
     6.40691    -0.69118    -0.29258    -0.30486    -0.26643    -0.30341    -0.30613    -0.43435    -0.29636    -0.43060    -3.32590
     6.49491    -0.68818    -0.29807    -0.30570    -0.30506    -0.33816    -0.37141    -0.42502    -0.39210    -0.45303    -3.57673
     6.58291    -0.57711    -0.26166    -0.27119    -0.26055    -0.29903    -0.32321    -0.35576    -0.30666    -0.37832    -3.03348
     6.67091    -0.63796    -0.30331    -0.33115    -0.31248    -0.34822    -0.37209    -0.44336    -0.36148    -0.45931    -3.56936
     6.75891    -0.36022    -0.17176    -0.18097    -0.17545    -0.22219    -0.22458    -0.27435    -0.20266    -0.28646    -2.09864
     6.84691    -0.47283    -0.23626    -0.23046    -0.26346    -0.26716    -0.25787    -0.30464    -0.26057    -0.34492    -2.63818
     6.93491    -0.40826    -0.23802    -0.25453    -0.25655    -0.32295    -0.32209    -0.34258    -0.33482    -0.38365    -2.86344
     7.02291    -0.54704    -0.32678    -0.35689    -0.35694    -0.42369    -0.38578    -0.47745    -0.46427    -0.47092    -3.80976
     7.11091    -0.45511    -0.34772    -0.36581    -0.35745    -0.41613    -0.40650    -0.48896    -0.36437    -0.42796    -3.63001
     7.19891    -0.50391    -0.45614    -0.47023    -0.48118    -0.55097    -0.53105    -0.54595    -0.56354    -0.52919    -4.63216
     7.28691    -0.30742    -0.29874    -0.32975    -0.29995    -0.42373    -0.38764    -0.33917    -0.39393    -0.33166    -3.11199
     7.37491    -0.33984    -0.35458    -0.31391    -0.35507    -0.56294    -0.49786    -0.45659    -0.53920    -0.46512    -3.88511
     7.46391    -0.26526    -0.45350    -0.41370    -0.42667    -0.66223    -0.57596    -0.61705    -0.51538    -0.58667    -4.51642
     7.55191    -0.35151    -0.58525    -0.56180    -0.54079    -0.73217    -0.74955    -0.77575    -0.68225    -0.89012    -5.86919
     7.63991    -0.20253    -0.36140    -0.38547    -0.38963    -0.52829    -0.52779    -0.52250    -0.49545    -0.56175    -3.97481
     7.72791     0.00000     0.00000     0.00000     0.00000     0.00000     0.00000     0.00000     0.00000     0.00000     0.00000
     7.81591     0.00000     0.00000     0.00000     0.00000     0.00000     0.00000     0.00000     0.00000     0.00000     0.00000
     7.90391     0.00000     0.00000     0.00000     0.00000     0.00000     0.00000     0.00000     0.00000     0.00000     0.00000
     7.99191     0.00000     0.00000     0.00000     0.00000     0.00000     0.00000     0.00000     0.00000     0.00000     0.00000
     8.07991     0.00000     0.00000     0.00000     0.00000     0.00000     0.00000     0.00000     0.00000     0.00000     0.00000
     8.16791     0.00000     0.00000     0.00000     0.00000     0.00000     0.00000     0.00000     0.00000     0.00000     0.00000
     8.25591     0.00000     0.00000     0.00000     0.00000     0.00000     0.00000     0.00000     0.00000     0.00000     0.00000
     8.34391     0.00000     0.00000     0.00000     0.00000     0.00000     0.00000     0.00000     0.00000     0.00000     0.00000
     8.43191     0.00000     0.00000     0.00000     0.00000     0.00000     0.00000     0.00000     0.00000     0.00000     0.00000
     8.51991     0.00000     0.00000     0.00000     0.00000     0.00000     0.00000     0.00000     0.00000     0.00000     0.00000
     8.60791     0.00000     0.00000     0.00000     0.00000     0.00000     0.00000     0.00000     0.00000     0.00000     0.00000
     8.69591     0.00000     0.00000     0.00000     0.00000     0.00000     0.00000     0.00000     0.00000     0.00000     0.00000
     8.78391     0.00000     0.00000     0.00000     0.00000     0.00000     0.00000     0.00000     0.00000     0.00000     0.00000
     8.87291     0.00000     0.00000     0.00000     0.00000     0.00000     0.00000     0.00000     0.00000     0.00000     0.00000
