     #Energy           s          py          pz          px         dxy         dyz         dz2         dxz         dx2       tot  
   -17.54709     0.00000     0.00000     0.00000     0.00000     0.00000     0.00000     0.00000     0.00000     0.00000     0.00000
   -17.45909     0.00000     0.00000     0.00000     0.00000     0.00000     0.00000     0.00000     0.00000     0.00000     0.00000
   -17.37109     0.00000     0.00000     0.00000     0.00000     0.00000     0.00000     0.00000     0.00000     0.00000     0.00000
   -17.28209     0.00000     0.00000     0.00000     0.00000     0.00000     0.00000     0.00000     0.00000     0.00000     0.00000
   -17.19409     0.00000     0.00000     0.00000     0.00000     0.00000     0.00000     0.00000     0.00000     0.00000     0.00000
   -17.10609     0.00000     0.00000     0.00000     0.00000     0.00000     0.00000     0.00000     0.00000     0.00000     0.00000
   -17.01809     0.00000     0.00000     0.00000     0.00000     0.00000     0.00000     0.00000     0.00000     0.00000     0.00000
   -16.93009     0.00000     0.00000     0.00000     0.00000     0.00000     0.00000     0.00000     0.00000     0.00000     0.00000
   -16.84209     0.00000     0.00000     0.00000     0.00000     0.00000     0.00000     0.00000     0.00000     0.00000     0.00000
   -16.75409     0.00000     0.00000     0.00000     0.00000     0.00000     0.00000     0.00000     0.00000     0.00000     0.00000
   -16.66609     0.00000     0.00000     0.00000     0.00000     0.00000     0.00000     0.00000     0.00000     0.00000     0.00000
   -16.57809     0.00000     0.00000     0.00000     0.00000     0.00000     0.00000     0.00000     0.00000     0.00000     0.00000
   -16.49009     0.00000     0.00000     0.00000     0.00000     0.00000     0.00000     0.00000     0.00000     0.00000     0.00000
   -16.40209     0.00000     0.00000     0.00000     0.00000     0.00000     0.00000     0.00000     0.00000     0.00000     0.00000
   -16.31409     0.00000     0.00000     0.00000     0.00000     0.00000     0.00000     0.00000     0.00000     0.00000     0.00000
   -16.22609     0.00000     0.00000     0.00000     0.00000     0.00000     0.00000     0.00000     0.00000     0.00000     0.00000
   -16.13809     0.00000     0.00000     0.00000     0.00000     0.00000     0.00000     0.00000     0.00000     0.00000     0.00000
   -16.05009     0.00000     0.00000     0.00000     0.00000     0.00000     0.00000     0.00000     0.00000     0.00000     0.00000
   -15.96109     0.00000     0.00000     0.00000     0.00000     0.00000     0.00000     0.00000     0.00000     0.00000     0.00000
   -15.87309     0.00000     0.00000     0.00000     0.00000     0.00000     0.00000     0.00000     0.00000     0.00000     0.00000
   -15.78509     0.00000     0.00000     0.00000     0.00000     0.00000     0.00000     0.00000     0.00000     0.00000     0.00000
   -15.69709     0.00000     0.00000     0.00000     0.00000     0.00000     0.00000     0.00000     0.00000     0.00000     0.00000
   -15.60909     0.00000     0.00000     0.00000     0.00000     0.00000     0.00000     0.00000     0.00000     0.00000     0.00000
   -15.52109     0.00000     0.00000     0.00000     0.00000     0.00000     0.00000     0.00000     0.00000     0.00000     0.00000
   -15.43309     0.00000     0.00000     0.00000     0.00000     0.00000     0.00000     0.00000     0.00000     0.00000     0.00000
   -15.34509     0.00000     0.00000     0.00000     0.00000     0.00000     0.00000     0.00000     0.00000     0.00000     0.00000
   -15.25709     0.00000     0.00000     0.00000     0.00000     0.00000     0.00000     0.00000     0.00000     0.00000     0.00000
   -15.16909     0.00000     0.00000     0.00000     0.00000     0.00000     0.00000     0.00000     0.00000     0.00000     0.00000
   -15.08109     0.00000     0.00000     0.00000     0.00000     0.00000     0.00000     0.00000     0.00000     0.00000     0.00000
   -14.99309     0.00000     0.00000     0.00000     0.00000     0.00000     0.00000     0.00000     0.00000     0.00000     0.00000
   -14.90509     0.00000     0.00000     0.00000     0.00000     0.00000     0.00000     0.00000     0.00000     0.00000     0.00000
   -14.81709     0.00000     0.00000     0.00000     0.00000     0.00000     0.00000     0.00000     0.00000     0.00000     0.00000
   -14.72909     0.00000     0.00000     0.00000     0.00000     0.00000     0.00000     0.00000     0.00000     0.00000     0.00000
   -14.64109     0.00000     0.00000     0.00000     0.00000     0.00000     0.00000     0.00000     0.00000     0.00000     0.00000
   -14.55209     0.00000     0.00000     0.00000     0.00000     0.00000     0.00000     0.00000     0.00000     0.00000     0.00000
   -14.46409     0.00000     0.00000     0.00000     0.00000     0.00000     0.00000     0.00000     0.00000     0.00000     0.00000
   -14.37609     0.00000     0.00000     0.00000     0.00000     0.00000     0.00000     0.00000     0.00000     0.00000     0.00000
   -14.28809     0.00000     0.00000     0.00000     0.00000     0.00000     0.00000     0.00000     0.00000     0.00000     0.00000
   -14.20009     0.00000     0.00000     0.00000     0.00000     0.00000     0.00000     0.00000     0.00000     0.00000     0.00000
   -14.11209     0.00000     0.00000     0.00000     0.00000     0.00000     0.00000     0.00000     0.00000     0.00000     0.00000
   -14.02409     0.00000     0.00000     0.00000     0.00000     0.00000     0.00000     0.00000     0.00000     0.00000     0.00000
   -13.93609     0.00000     0.00000     0.00000     0.00000     0.00000     0.00000     0.00000     0.00000     0.00000     0.00000
   -13.84809     0.00000     0.00000     0.00000     0.00000     0.00000     0.00000     0.00000     0.00000     0.00000     0.00000
   -13.76009     0.00000     0.00000     0.00000     0.00000     0.00000     0.00000     0.00000     0.00000     0.00000     0.00000
   -13.67209     0.00000     0.00000     0.00000     0.00000     0.00000     0.00000     0.00000     0.00000     0.00000     0.00000
   -13.58409     0.00000     0.00000     0.00000     0.00000     0.00000     0.00000     0.00000     0.00000     0.00000     0.00000
   -13.49609     0.00000     0.00000     0.00000     0.00000     0.00000     0.00000     0.00000     0.00000     0.00000     0.00000
   -13.40809     0.00000     0.00000     0.00000     0.00000     0.00000     0.00000     0.00000     0.00000     0.00000     0.00000
   -13.32009     0.00000     0.00000     0.00000     0.00000     0.00000     0.00000     0.00000     0.00000     0.00000     0.00000
   -13.23209     0.00000     0.00000     0.00000     0.00000     0.00000     0.00000     0.00000     0.00000     0.00000     0.00000
   -13.14309     0.00000     0.00000     0.00000     0.00000     0.00000     0.00000     0.00000     0.00000     0.00000     0.00000
   -13.05509     0.00000     0.00000     0.00000     0.00000     0.00000     0.00000     0.00000     0.00000     0.00000     0.00000
   -12.96709     0.00000     0.00000     0.00000     0.00000     0.00000     0.00000     0.00000     0.00000     0.00000     0.00000
   -12.87909     0.00000     0.00000     0.00000     0.00000     0.00000     0.00000     0.00000     0.00000     0.00000     0.00000
   -12.79109     0.00000     0.00000     0.00000     0.00000     0.00000     0.00000     0.00000     0.00000     0.00000     0.00000
   -12.70309     0.00000     0.00000     0.00000     0.00000     0.00000     0.00000     0.00000     0.00000     0.00000     0.00000
   -12.61509     0.28497     0.00113     0.00091     0.00101     0.00014     0.00020     0.00017     0.00021     0.00020     0.28894
   -12.52709     0.16278     0.00286     0.00232     0.00268     0.00013     0.00020     0.00053     0.00015     0.00062     0.17228
   -12.43909     0.28422     0.00962     0.00762     0.00859     0.00035     0.00058     0.00217     0.00037     0.00265     0.31616
   -12.35109     0.40009     0.02018     0.01500     0.01692     0.00068     0.00134     0.00625     0.00070     0.00762     0.46878
   -12.26309     0.11093     0.00839     0.00677     0.00752     0.00027     0.00050     0.00249     0.00025     0.00301     0.14014
   -12.17509     0.07010     0.00864     0.00697     0.00775     0.00024     0.00044     0.00215     0.00022     0.00263     0.09912
   -12.08709     0.17536     0.04177     0.03124     0.03774     0.00096     0.00156     0.00713     0.00078     0.00845     0.30498
   -11.99909     0.09967     0.03554     0.02824     0.03189     0.00083     0.00158     0.00825     0.00072     0.00995     0.21667
   -11.91109     0.01492     0.03280     0.04707     0.03442     0.00019     0.00097     0.00740     0.00034     0.01316     0.15129
   -11.82209     0.01763     0.25419     0.24945     0.24749     0.00421     0.01372     0.11051     0.00368     0.11673     1.01762
   -11.73409     0.00720     0.06436     0.09906     0.08525     0.00115     0.02419     0.27656     0.00115     0.25030     0.80923
   -11.64609     0.02219     0.23558     0.09820     0.09492     0.00585     0.06223     1.32724     0.00558     1.00966     2.86145
   -11.55809     0.00000     0.00000     0.00000     0.00000     0.00000     0.00000     0.00000     0.00000     0.00000     0.00000
   -11.47009     0.00000     0.00000     0.00000     0.00000     0.00000     0.00000     0.00000     0.00000     0.00000     0.00000
   -11.38209     0.00000     0.00000     0.00000     0.00000     0.00000     0.00000     0.00000     0.00000     0.00000     0.00000
   -11.29409     0.00000     0.00000     0.00000     0.00000     0.00000     0.00000     0.00000     0.00000     0.00000     0.00000
   -11.20609     0.00000     0.00000     0.00000     0.00000     0.00000     0.00000     0.00000     0.00000     0.00000     0.00000
   -11.11809     0.00000     0.00000     0.00000     0.00000     0.00000     0.00000     0.00000     0.00000     0.00000     0.00000
   -11.03009     0.00000     0.00000     0.00000     0.00000     0.00000     0.00000     0.00000     0.00000     0.00000     0.00000
   -10.94209     0.00000     0.00000     0.00000     0.00000     0.00000     0.00000     0.00000     0.00000     0.00000     0.00000
   -10.85409     0.00000     0.00000     0.00000     0.00000     0.00000     0.00000     0.00000     0.00000     0.00000     0.00000
   -10.76609     0.00000     0.00000     0.00000     0.00000     0.00000     0.00000     0.00000     0.00000     0.00000     0.00000
   -10.67809     0.00000     0.00000     0.00000     0.00000     0.00000     0.00000     0.00000     0.00000     0.00000     0.00000
   -10.59009     0.00000     0.00000     0.00000     0.00000     0.00000     0.00000     0.00000     0.00000     0.00000     0.00000
   -10.50209     0.00000     0.00000     0.00000     0.00000     0.00000     0.00000     0.00000     0.00000     0.00000     0.00000
   -10.41309     0.00000     0.00000     0.00000     0.00000     0.00000     0.00000     0.00000     0.00000     0.00000     0.00000
   -10.32509     0.00000     0.00000     0.00000     0.00000     0.00000     0.00000     0.00000     0.00000     0.00000     0.00000
   -10.23709     0.00000     0.00000     0.00000     0.00000     0.00000     0.00000     0.00000     0.00000     0.00000     0.00000
   -10.14909     0.00000     0.00000     0.00000     0.00000     0.00000     0.00000     0.00000     0.00000     0.00000     0.00000
   -10.06109     0.00000     0.00000     0.00000     0.00000     0.00000     0.00000     0.00000     0.00000     0.00000     0.00000
    -9.97309     0.00000     0.00000     0.00000     0.00000     0.00000     0.00000     0.00000     0.00000     0.00000     0.00000
    -9.88509     0.00000     0.00000     0.00000     0.00000     0.00000     0.00000     0.00000     0.00000     0.00000     0.00000
    -9.79709     0.00000     0.00000     0.00000     0.00000     0.00000     0.00000     0.00000     0.00000     0.00000     0.00000
    -9.70909     0.00000     0.00000     0.00000     0.00000     0.00000     0.00000     0.00000     0.00000     0.00000     0.00000
    -9.62109     0.00000     0.00000     0.00000     0.00000     0.00000     0.00000     0.00000     0.00000     0.00000     0.00000
    -9.53309     0.00000     0.00000     0.00000     0.00000     0.00000     0.00000     0.00000     0.00000     0.00000     0.00000
    -9.44509     0.00000     0.00000     0.00000     0.00000     0.00000     0.00000     0.00000     0.00000     0.00000     0.00000
    -9.35709     0.00000     0.00000     0.00000     0.00000     0.00000     0.00000     0.00000     0.00000     0.00000     0.00000
    -9.26909     0.00000     0.00000     0.00000     0.00000     0.00000     0.00000     0.00000     0.00000     0.00000     0.00000
    -9.18109     0.00000     0.00000     0.00000     0.00000     0.00000     0.00000     0.00000     0.00000     0.00000     0.00000
    -9.09309     0.00000     0.00000     0.00000     0.00000     0.00000     0.00000     0.00000     0.00000     0.00000     0.00000
    -9.00409     0.00000     0.00000     0.00000     0.00000     0.00000     0.00000     0.00000     0.00000     0.00000     0.00000
    -8.91609     0.00000     0.00000     0.00000     0.00000     0.00000     0.00000     0.00000     0.00000     0.00000     0.00000
    -8.82809     0.00000     0.00000     0.00000     0.00000     0.00000     0.00000     0.00000     0.00000     0.00000     0.00000
    -8.74009     0.00000     0.00000     0.00000     0.00000     0.00000     0.00000     0.00000     0.00000     0.00000     0.00000
    -8.65209     0.00000     0.00000     0.00000     0.00000     0.00000     0.00000     0.00000     0.00000     0.00000     0.00000
    -8.56409     0.00000     0.00000     0.00000     0.00000     0.00000     0.00000     0.00000     0.00000     0.00000     0.00000
    -8.47609     0.00000     0.00000     0.00000     0.00000     0.00000     0.00000     0.00000     0.00000     0.00000     0.00000
    -8.38809     0.00000     0.00000     0.00000     0.00000     0.00000     0.00000     0.00000     0.00000     0.00000     0.00000
    -8.30009     0.00000     0.00000     0.00000     0.00000     0.00000     0.00000     0.00000     0.00000     0.00000     0.00000
    -8.21209     0.00000     0.00000     0.00000     0.00000     0.00000     0.00000     0.00000     0.00000     0.00000     0.00000
    -8.12409     0.00000     0.00000     0.00000     0.00000     0.00000     0.00000     0.00000     0.00000     0.00000     0.00000
    -8.03609     0.00000     0.00000     0.00000     0.00000     0.00000     0.00000     0.00000     0.00000     0.00000     0.00000
    -7.94809     0.00000     0.00000     0.00000     0.00000     0.00000     0.00000     0.00000     0.00000     0.00000     0.00000
    -7.86009     0.00000     0.00000     0.00000     0.00000     0.00000     0.00000     0.00000     0.00000     0.00000     0.00000
    -7.77209     0.00000     0.00000     0.00000     0.00000     0.00000     0.00000     0.00000     0.00000     0.00000     0.00000
    -7.68309     0.00000     0.00000     0.00000     0.00000     0.00000     0.00000     0.00000     0.00000     0.00000     0.00000
    -7.59509     0.00000     0.00000     0.00000     0.00000     0.00000     0.00000     0.00000     0.00000     0.00000     0.00000
    -7.50709     0.00000     0.00000     0.00000     0.00000     0.00000     0.00000     0.00000     0.00000     0.00000     0.00000
    -7.41909     0.00000     0.00000     0.00000     0.00000     0.00000     0.00000     0.00000     0.00000     0.00000     0.00000
    -7.33109     0.00000     0.00000     0.00000     0.00000     0.00000     0.00000     0.00000     0.00000     0.00000     0.00000
    -7.24309     0.00000     0.00000     0.00000     0.00000     0.00000     0.00000     0.00000     0.00000     0.00000     0.00000
    -7.15509     0.00000     0.00000     0.00000     0.00000     0.00000     0.00000     0.00000     0.00000     0.00000     0.00000
    -7.06709     0.00000     0.00000     0.00000     0.00000     0.00000     0.00000     0.00000     0.00000     0.00000     0.00000
    -6.97909     0.00000     0.00000     0.00000     0.00000     0.00000     0.00000     0.00000     0.00000     0.00000     0.00000
    -6.89109     0.00000     0.00000     0.00000     0.00000     0.00000     0.00000     0.00000     0.00000     0.00000     0.00000
    -6.80309     0.00000     0.00000     0.00000     0.00000     0.00000     0.00000     0.00000     0.00000     0.00000     0.00000
    -6.71509     0.00000     0.00000     0.00000     0.00000     0.00000     0.00000     0.00000     0.00000     0.00000     0.00000
    -6.62709     0.00000     0.00000     0.00000     0.00000     0.00000     0.00000     0.00000     0.00000     0.00000     0.00000
    -6.53909     0.00000     0.00000     0.00000     0.00000     0.00000     0.00000     0.00000     0.00000     0.00000     0.00000
    -6.45109     0.00000     0.00000     0.00000     0.00000     0.00000     0.00000     0.00000     0.00000     0.00000     0.00000
    -6.36309     0.00000     0.00000     0.00000     0.00000     0.00000     0.00000     0.00000     0.00000     0.00000     0.00000
    -6.27409     0.00000     0.00000     0.00000     0.00000     0.00000     0.00000     0.00000     0.00000     0.00000     0.00000
    -6.18609     0.00000     0.00000     0.00000     0.00000     0.00000     0.00000     0.00000     0.00000     0.00000     0.00000
    -6.09809     0.00000     0.00000     0.00000     0.00000     0.00000     0.00000     0.00000     0.00000     0.00000     0.00000
    -6.01009     0.00000     0.00000     0.00000     0.00000     0.00000     0.00000     0.00000     0.00000     0.00000     0.00000
    -5.92209     0.00000     0.00000     0.00000     0.00000     0.00000     0.00000     0.00000     0.00000     0.00000     0.00000
    -5.83409     0.00000     0.00000     0.00000     0.00000     0.00000     0.00000     0.00000     0.00000     0.00000     0.00000
    -5.74609     0.00000     0.00000     0.00000     0.00000     0.00000     0.00000     0.00000     0.00000     0.00000     0.00000
    -5.65809     0.00000     0.00000     0.00000     0.00000     0.00000     0.00000     0.00000     0.00000     0.00000     0.00000
    -5.57009     0.00000     0.00000     0.00000     0.00000     0.00000     0.00000     0.00000     0.00000     0.00000     0.00000
    -5.48209     0.00000     0.00000     0.00000     0.00000     0.00000     0.00000     0.00000     0.00000     0.00000     0.00000
    -5.39409     0.00000     0.00000     0.00000     0.00000     0.00000     0.00000     0.00000     0.00000     0.00000     0.00000
    -5.30609     0.00000     0.00000     0.00000     0.00000     0.00000     0.00000     0.00000     0.00000     0.00000     0.00000
    -5.21809     0.00000     0.00000     0.00000     0.00000     0.00000     0.00000     0.00000     0.00000     0.00000     0.00000
    -5.13009     0.00000     0.00000     0.00000     0.00000     0.00000     0.00000     0.00000     0.00000     0.00000     0.00000
    -5.04209     0.00000     0.00000     0.00000     0.00000     0.00000     0.00000     0.00000     0.00000     0.00000     0.00000
    -4.95409     0.00000     0.00000     0.00000     0.00000     0.00000     0.00000     0.00000     0.00000     0.00000     0.00000
    -4.86509     0.00000     0.00000     0.00000     0.00000     0.00000     0.00000     0.00000     0.00000     0.00000     0.00000
    -4.77709     0.00000     0.00000     0.00000     0.00000     0.00000     0.00000     0.00000     0.00000     0.00000     0.00000
    -4.68909     0.00000     0.00000     0.00000     0.00000     0.00000     0.00000     0.00000     0.00000     0.00000     0.00000
    -4.60109     0.00000     0.00000     0.00000     0.00000     0.00000     0.00000     0.00000     0.00000     0.00000     0.00000
    -4.51309     0.00000     0.00000     0.00000     0.00000     0.00000     0.00000     0.00000     0.00000     0.00000     0.00000
    -4.42509     2.58140     0.00169     0.00167     0.00138     0.34199     0.32986     0.05600     0.41332     0.01842     3.74574
    -4.33709     1.64540     0.00279     0.00365     0.00314     0.54028     0.44847     0.06852     0.43780     0.01759     3.16764
    -4.24909     0.54405     0.00137     0.00123     0.00106     0.20883     0.17342     0.02297     0.18053     0.00500     1.13846
    -4.16109     0.31594     0.00052     0.00054     0.00053     0.12681     0.10204     0.01400     0.09929     0.00293     0.66260
    -4.07309     0.00000     0.00000     0.00000     0.00000     0.00000     0.00000     0.00000     0.00000     0.00000     0.00000
    -3.98509     1.32006     0.00285     0.00263     0.00298     0.96146     0.88186     0.09216     0.90639     0.03283     4.20323
    -3.89709     0.68200     0.00466     0.00184     0.00209     0.47351     0.33783     0.05009     0.54199     0.02558     2.11959
    -3.80909     0.06905     0.02755     0.01961     0.02148     1.18610     1.00845     0.08499     0.89527     0.14573     3.45822
    -3.72109     0.07278     0.25077     0.20948     0.22695     6.88590     5.70950     0.57083     6.22990     0.69729    20.85340
    -3.63309     0.06552     0.06279     0.05707     0.06410     1.84590     1.53670     0.21886     1.61060     0.13561     5.59715
    -3.54409     0.36617     0.45727     0.39432     0.45954     8.95390     7.59190     1.91060     8.55530     0.93342    29.62242
    -3.45609     0.22128     0.64842     0.58590     0.61271     8.53550     9.15040     1.34200    11.37800     1.02590    33.50011
    -3.36809     0.04728     0.06309     0.09514     0.08075     0.35243     0.36317     0.36681     0.32579     0.51014     2.20460
    -3.28009     0.00000     0.00000     0.00000     0.00000     0.00000     0.00000     0.00000     0.00000     0.00000     0.00000
    -3.19209     0.01922     0.10900     0.13280     0.13085     0.60825     0.69131     0.94362     0.48995     1.23940     4.36440
    -3.10409     0.22557     0.08219     0.09415     0.08928     1.51340     1.30530     0.76220     1.23100     0.91730     6.22039
    -3.01609     0.26814     0.09435     0.12121     0.10866     2.05480     1.81280     1.14540     1.53130     0.95410     8.09076
    -2.92809     0.26533     0.08062     0.06338     0.07098     2.10540     2.02920     1.75360     2.26750     2.57300    11.20901
    -2.84009     0.58527     0.04614     0.03820     0.03779     2.41400     2.43920     2.35770     2.24020     1.96410    12.12260
    -2.75209     0.63892     0.08707     0.07015     0.05258     3.76520     3.19430     2.59110     3.33910     2.86970    16.60812
    -2.66409     0.94149     0.11159     0.09516     0.11037     9.21130     7.86800     5.68900     7.66940     6.62750    38.32381
    -2.57609     0.04394     0.04810     0.03500     0.04826     1.75580     1.77230     1.93450     1.55010     1.47890     8.66689
    -2.48809     0.00471     0.04062     0.02422     0.03096     1.09494     0.92764     1.16954     0.82343     0.77933     4.89539
    -2.40009     0.01920     0.08566     0.08005     0.07884     3.30730     4.03390     6.47190     4.02620     6.92440    25.02745
    -2.31209     0.02444     0.12497     0.11163     0.11993     1.79420     1.93160     2.83780     1.93040     2.83360    11.70857
    -2.22409     0.02254     0.20421     0.16180     0.18142     1.87110     2.00100     2.27890     1.93720     2.22990    10.88807
    -2.13509     0.02391     0.19780     0.15427     0.15715     1.19000     1.30250     1.08470     1.43990     1.04420     6.59443
    -2.04709     0.02188     0.30435     0.30010     0.26842     1.86980     1.97550     1.37110     2.31430     1.29890     9.72435
    -1.95909     0.00022     0.00181     0.00581     0.00162     0.01149     0.03241     0.00737     0.02052     0.00350     0.08476
    -1.87109     0.01710     0.37360     0.34571     0.28226     1.99950     2.39790     0.71089     2.34310     0.43755     8.90761
    -1.78309     0.00187     0.09283     0.05803     0.08201     0.39991     0.40053     0.14693     0.51810     0.16738     1.86757
    -1.69509     0.00297     0.21836     0.21322     0.23736     0.77503     0.70291     0.47358     0.65441     0.39724     3.67508
    -1.60709     0.00224     0.25845     0.27390     0.25773     0.80272     0.72758     0.45469     0.69748     0.36228     3.83707
    -1.51909     0.00486     0.21904     0.23575     0.22975     1.77510     1.54840     0.33979     1.66100     0.26123     6.27492
    -1.43109     0.01964     0.23286     0.27585     0.21847     2.13660     1.89910     0.30002     2.07750     0.19492     7.35496
    -1.34309     0.00295     0.16632     0.14929     0.15681     0.20035     0.18199     0.16961     0.21079     0.14773     1.38584
    -1.25509     0.00116     0.11803     0.14851     0.13120     0.15170     0.15114     0.11900     0.15743     0.08600     1.06417
    -1.16709     0.00032     0.08520     0.11373     0.09530     0.07560     0.07705     0.04939     0.06918     0.03550     0.60127
    -1.07909     0.00073     0.02071     0.04323     0.03870     0.78620     0.94056     0.63651     0.39826     0.81885     3.68375
    -0.99109     0.02142     0.05774     0.07703     0.06951     1.27860     1.14130     0.26752     1.32990     0.33890     4.58193
    -0.90309     0.02415     0.05645     0.06322     0.05932     0.59261     0.57536     0.18921     0.61071     0.19254     2.36357
    -0.81509     0.03781     0.04788     0.05578     0.05812     0.53850     0.47231     0.58455     0.44548     0.21512     2.45555
    -0.72609     0.00962     0.02299     0.03461     0.03553     0.11848     0.10034     0.07389     0.11948     0.06867     0.58362
    -0.63809     0.01396     0.07752     0.11031     0.07085     0.51162     0.41498     0.26526     0.42608     0.24158     2.13216
    -0.55009     0.00719     0.05864     0.04835     0.06098     0.48192     0.49654     0.14518     0.33225     0.28947     1.92052
    -0.46209     0.00210     0.15435     0.10344     0.10910     0.56987     0.45595     0.12072     0.30926     0.12766     1.95245
    -0.37409     0.00149     0.05993     0.04723     0.05294     0.11660     0.09939     0.03569     0.09434     0.03549     0.54310
    -0.28609     0.00000     0.00000     0.00000     0.00000     0.00000     0.00000     0.00000     0.00000     0.00000     0.00000
    -0.19809     0.00000     0.00000     0.00000     0.00000     0.00000     0.00000     0.00000     0.00000     0.00000     0.00000
    -0.11009     0.00000     0.00000     0.00000     0.00000     0.00000     0.00000     0.00000     0.00000     0.00000     0.00000
    -0.02209     0.00000     0.00000     0.00000     0.00000     0.00000     0.00000     0.00000     0.00000     0.00000     0.00000
     0.06591     0.00000     0.00000     0.00000     0.00000     0.00000     0.00000     0.00000     0.00000     0.00000     0.00000
     0.15391     0.00000     0.00000     0.00000     0.00000     0.00000     0.00000     0.00000     0.00000     0.00000     0.00000
     0.24191     0.00000     0.00000     0.00000     0.00000     0.00000     0.00000     0.00000     0.00000     0.00000     0.00000
     0.32991     0.00000     0.00000     0.00000     0.00000     0.00000     0.00000     0.00000     0.00000     0.00000     0.00000
     0.41791     0.00000     0.00000     0.00000     0.00000     0.00000     0.00000     0.00000     0.00000     0.00000     0.00000
     0.50591     0.00000     0.00000     0.00000     0.00000     0.00000     0.00000     0.00000     0.00000     0.00000     0.00000
     0.59491     0.00000     0.00000     0.00000     0.00000     0.00000     0.00000     0.00000     0.00000     0.00000     0.00000
     0.68291     0.00000     0.00000     0.00000     0.00000     0.00000     0.00000     0.00000     0.00000     0.00000     0.00000
     0.77091     0.00000     0.00000     0.00000     0.00000     0.00000     0.00000     0.00000     0.00000     0.00000     0.00000
     0.85891     0.00271     0.00737     0.00806     0.00679     0.10624     1.52960    14.90880     0.11090    15.60400    32.28448
     0.94691     0.00829     0.00520     0.00699     0.00589     0.06389     0.60821     6.21050     0.05887     6.57010    13.53795
     1.03491     0.00343     0.00210     0.00236     0.00228     0.02238     0.18646     1.91220     0.01830     1.77540     3.92492
     1.12291     0.00999     0.00472     0.00452     0.00494     0.08033     0.70685     6.69450     0.06898     7.52760    15.10242
     1.21091     0.00000     0.00000     0.00000     0.00000     0.00000     0.00000     0.00000     0.00000     0.00000     0.00000
     1.29891     0.00000     0.00000     0.00000     0.00000     0.00000     0.00000     0.00000     0.00000     0.00000     0.00000
     1.38691     0.00000     0.00000     0.00000     0.00000     0.00000     0.00000     0.00000     0.00000     0.00000     0.00000
     1.47491     0.00000     0.00000     0.00000     0.00000     0.00000     0.00000     0.00000     0.00000     0.00000     0.00000
     1.56291     0.00000     0.00000     0.00000     0.00000     0.00000     0.00000     0.00000     0.00000     0.00000     0.00000
     1.65091     0.00000     0.00000     0.00000     0.00000     0.00000     0.00000     0.00000     0.00000     0.00000     0.00000
     1.73891     0.00000     0.00000     0.00000     0.00000     0.00000     0.00000     0.00000     0.00000     0.00000     0.00000
     1.82691     0.00000     0.00000     0.00000     0.00000     0.00000     0.00000     0.00000     0.00000     0.00000     0.00000
     1.91491     0.00000     0.00000     0.00000     0.00000     0.00000     0.00000     0.00000     0.00000     0.00000     0.00000
     2.00391     0.00000     0.00000     0.00000     0.00000     0.00000     0.00000     0.00000     0.00000     0.00000     0.00000
     2.09191     0.00000     0.00000     0.00000     0.00000     0.00000     0.00000     0.00000     0.00000     0.00000     0.00000
     2.17991     0.00000     0.00000     0.00000     0.00000     0.00000     0.00000     0.00000     0.00000     0.00000     0.00000
     2.26791     0.00000     0.00000     0.00000     0.00000     0.00000     0.00000     0.00000     0.00000     0.00000     0.00000
     2.35591     0.00000     0.00000     0.00000     0.00000     0.00000     0.00000     0.00000     0.00000     0.00000     0.00000
     2.44391     0.00000     0.00000     0.00000     0.00000     0.00000     0.00000     0.00000     0.00000     0.00000     0.00000
     2.53191     0.00000     0.00000     0.00000     0.00000     0.00000     0.00000     0.00000     0.00000     0.00000     0.00000
     2.61991     0.00000     0.00000     0.00000     0.00000     0.00000     0.00000     0.00000     0.00000     0.00000     0.00000
     2.70791     0.00000     0.00000     0.00000     0.00000     0.00000     0.00000     0.00000     0.00000     0.00000     0.00000
     2.79591     0.00000     0.00000     0.00000     0.00000     0.00000     0.00000     0.00000     0.00000     0.00000     0.00000
     2.88391     0.00000     0.00000     0.00000     0.00000     0.00000     0.00000     0.00000     0.00000     0.00000     0.00000
     2.97191     0.00000     0.00000     0.00000     0.00000     0.00000     0.00000     0.00000     0.00000     0.00000     0.00000
     3.05991     0.00000     0.00000     0.00000     0.00000     0.00000     0.00000     0.00000     0.00000     0.00000     0.00000
     3.14791     0.00000     0.00000     0.00000     0.00000     0.00000     0.00000     0.00000     0.00000     0.00000     0.00000
     3.23591     0.00000     0.00000     0.00000     0.00000     0.00000     0.00000     0.00000     0.00000     0.00000     0.00000
     3.32491     0.00000     0.00000     0.00000     0.00000     0.00000     0.00000     0.00000     0.00000     0.00000     0.00000
     3.41291     0.00000     0.00000     0.00000     0.00000     0.00000     0.00000     0.00000     0.00000     0.00000     0.00000
     3.50091     0.00000     0.00000     0.00000     0.00000     0.00000     0.00000     0.00000     0.00000     0.00000     0.00000
     3.58891     0.00000     0.00000     0.00000     0.00000     0.00000     0.00000     0.00000     0.00000     0.00000     0.00000
     3.67691     0.00000     0.00000     0.00000     0.00000     0.00000     0.00000     0.00000     0.00000     0.00000     0.00000
     3.76491     0.00000     0.00000     0.00000     0.00000     0.00000     0.00000     0.00000     0.00000     0.00000     0.00000
     3.85291     0.00000     0.00000     0.00000     0.00000     0.00000     0.00000     0.00000     0.00000     0.00000     0.00000
     3.94091     0.00000     0.00000     0.00000     0.00000     0.00000     0.00000     0.00000     0.00000     0.00000     0.00000
     4.02891     0.00000     0.00000     0.00000     0.00000     0.00000     0.00000     0.00000     0.00000     0.00000     0.00000
     4.11691     0.00000     0.00000     0.00000     0.00000     0.00000     0.00000     0.00000     0.00000     0.00000     0.00000
     4.20491     0.00000     0.00000     0.00000     0.00000     0.00000     0.00000     0.00000     0.00000     0.00000     0.00000
     4.29291     0.00000     0.00000     0.00000     0.00000     0.00000     0.00000     0.00000     0.00000     0.00000     0.00000
     4.38091     2.67640     0.03041     0.02622     0.02750     0.02357     0.02109     0.00239     0.01895     0.00297     2.82951
     4.46891     4.21700     0.07968     0.06856     0.07112     0.03226     0.02939     0.00589     0.02893     0.00526     4.53809
     4.55691     3.34940     0.04992     0.04293     0.03456     0.02388     0.02534     0.00699     0.02890     0.00732     3.56925
     4.64491     3.60850     0.05723     0.04302     0.03702     0.03612     0.03568     0.00869     0.05262     0.00833     3.88721
     4.73391     1.34420     0.04798     0.03992     0.04489     0.01556     0.01596     0.00316     0.01699     0.00346     1.53212
     4.82191     0.53775     0.02919     0.02024     0.02931     0.00828     0.00672     0.00156     0.00798     0.00255     0.64360
     4.90991     1.24220     0.04654     0.03692     0.04372     0.01720     0.01464     0.00411     0.01665     0.00514     1.42712
     4.99791     1.04670     0.04038     0.03659     0.03874     0.01375     0.01242     0.00389     0.01328     0.00476     1.21051
     5.08591     0.47219     0.01628     0.01318     0.01434     0.00630     0.00592     0.00211     0.00624     0.00292     0.53949
     5.17391     1.56650     0.09579     0.06936     0.08658     0.02928     0.02717     0.01169     0.02842     0.01560     1.93038
     5.26191     1.16240     0.07992     0.06608     0.07082     0.02631     0.02600     0.01144     0.02800     0.01497     1.48595
     5.34991     0.06788     0.02783     0.03375     0.03074     0.00364     0.00373     0.00287     0.00409     0.00363     0.17815
     5.43791     0.47139     0.21131     0.21007     0.19875     0.03834     0.03555     0.01502     0.03685     0.01892     1.23620
     5.52591     0.72829     0.18932     0.18590     0.15880     0.04215     0.04684     0.01204     0.05026     0.01565     1.42925
     5.61391     0.20451     0.16800     0.19123     0.18750     0.04452     0.03685     0.01064     0.03443     0.01301     0.89070
     5.70191     0.14790     0.19763     0.19284     0.19330     0.05333     0.04980     0.01138     0.04258     0.02086     0.90963
     5.78991     0.25687     0.29102     0.26926     0.27410     0.06964     0.06600     0.02783     0.06487     0.04014     1.35972
     5.87791     0.12983     0.25538     0.27962     0.25136     0.04408     0.04216     0.01436     0.03725     0.01977     1.07382
     5.96591     0.09552     0.23358     0.30548     0.28274     0.05293     0.05750     0.02095     0.06095     0.02765     1.13730
     6.05391     0.17294     0.56988     0.46510     0.49253     0.07753     0.06235     0.02269     0.06000     0.02680     1.94983
     6.14291     0.04169     0.23931     0.23475     0.24766     0.02262     0.02196     0.00723     0.02755     0.00676     0.84953
     6.23091     0.07522     0.41364     0.48304     0.47882     0.05965     0.05686     0.01716     0.06083     0.01737     1.66259
     6.31891     0.07468     0.41762     0.53553     0.55049     0.12582     0.13362     0.02862     0.12631     0.02018     2.01287
     6.40691     0.10170     0.54178     0.58870     0.51748     0.15880     0.13625     0.03164     0.11620     0.02267     2.21522
     6.49491     0.05568     0.23125     0.21120     0.23490     0.07574     0.06564     0.01398     0.05159     0.01253     0.95251
     6.58291     0.10413     0.42902     0.37568     0.42012     0.13646     0.11199     0.02944     0.11538     0.02049     1.74270
     6.67091     0.14277     0.44277     0.53662     0.46135     0.16406     0.14065     0.03696     0.14048     0.02756     2.09323
     6.75891     0.12502     0.43573     0.51912     0.46715     0.13724     0.15853     0.03531     0.16350     0.02338     2.06497
     6.84691     0.18611     0.61042     0.61837     0.57471     0.14368     0.15070     0.04814     0.17597     0.03294     2.54104
     6.93491     0.20945     0.50972     0.59787     0.54202     0.21736     0.17386     0.04455     0.19051     0.03200     2.51734
     7.02291     0.17549     0.47750     0.41280     0.40950     0.18601     0.16124     0.03763     0.17692     0.02602     2.06312
     7.11091     0.16556     0.42776     0.40009     0.42082     0.18663     0.19765     0.03632     0.19934     0.02418     2.05835
     7.19891     0.14032     0.40588     0.36267     0.31941     0.14920     0.15501     0.02787     0.16231     0.01621     1.73888
     7.28691     0.16927     0.48545     0.52754     0.47119     0.17655     0.15787     0.04006     0.18115     0.02911     2.23819
     7.37491     0.14123     0.54263     0.59350     0.54102     0.15592     0.14178     0.03855     0.16856     0.03519     2.35838
     7.46391     0.10428     0.50924     0.47917     0.46710     0.10913     0.12365     0.03374     0.13225     0.02979     1.98835
     7.55191     0.00448     0.02017     0.01576     0.01671     0.01461     0.01002     0.00134     0.01142     0.00092     0.09543
     7.63991     0.00000     0.00000     0.00000     0.00000     0.00000     0.00000     0.00000     0.00000     0.00000     0.00000
     7.72791     0.00000     0.00000     0.00000     0.00000     0.00000     0.00000     0.00000     0.00000     0.00000     0.00000
     7.81591     0.00000     0.00000     0.00000     0.00000     0.00000     0.00000     0.00000     0.00000     0.00000     0.00000
     7.90391     0.00000     0.00000     0.00000     0.00000     0.00000     0.00000     0.00000     0.00000     0.00000     0.00000
     7.99191     0.00000     0.00000     0.00000     0.00000     0.00000     0.00000     0.00000     0.00000     0.00000     0.00000
     8.07991     0.00000     0.00000     0.00000     0.00000     0.00000     0.00000     0.00000     0.00000     0.00000     0.00000
     8.16791     0.00000     0.00000     0.00000     0.00000     0.00000     0.00000     0.00000     0.00000     0.00000     0.00000
     8.25591     0.00000     0.00000     0.00000     0.00000     0.00000     0.00000     0.00000     0.00000     0.00000     0.00000
     8.34391     0.00000     0.00000     0.00000     0.00000     0.00000     0.00000     0.00000     0.00000     0.00000     0.00000
     8.43191     0.00000     0.00000     0.00000     0.00000     0.00000     0.00000     0.00000     0.00000     0.00000     0.00000
     8.51991     0.00000     0.00000     0.00000     0.00000     0.00000     0.00000     0.00000     0.00000     0.00000     0.00000
     8.60791     0.00000     0.00000     0.00000     0.00000     0.00000     0.00000     0.00000     0.00000     0.00000     0.00000
     8.69591     0.00000     0.00000     0.00000     0.00000     0.00000     0.00000     0.00000     0.00000     0.00000     0.00000
     8.78391     0.00000     0.00000     0.00000     0.00000     0.00000     0.00000     0.00000     0.00000     0.00000     0.00000
     8.87291     0.00000     0.00000     0.00000     0.00000     0.00000     0.00000     0.00000     0.00000     0.00000     0.00000
