     #Energy           s          py          pz          px         dxy         dyz         dz2         dxz         dx2       tot  
   -20.85781     0.00000     0.00000     0.00000     0.00000     0.00000     0.00000     0.00000     0.00000     0.00000     0.00000
   -20.73681     0.00000     0.00000     0.00000     0.00000     0.00000     0.00000     0.00000     0.00000     0.00000     0.00000
   -20.61581     0.00000     0.00000     0.00000     0.00000     0.00000     0.00000     0.00000     0.00000     0.00000     0.00000
   -20.49581     0.00000     0.00000     0.00000     0.00000     0.00000     0.00000     0.00000     0.00000     0.00000     0.00000
   -20.37481     0.00000     0.00000     0.00000     0.00000     0.00000     0.00000     0.00000     0.00000     0.00000     0.00000
   -20.25381     0.00000     0.00000     0.00000     0.00000     0.00000     0.00000     0.00000     0.00000     0.00000     0.00000
   -20.13281     0.00000     0.00000     0.00000     0.00000     0.00000     0.00000     0.00000     0.00000     0.00000     0.00000
   -20.01181     0.00000     0.00000     0.00000     0.00000     0.00000     0.00000     0.00000     0.00000     0.00000     0.00000
   -19.89081     0.00000     0.00000     0.00000     0.00000     0.00000     0.00000     0.00000     0.00000     0.00000     0.00000
   -19.77081     0.00000     0.00000     0.00000     0.00000     0.00000     0.00000     0.00000     0.00000     0.00000     0.00000
   -19.64981     0.00000     0.00000     0.00000     0.00000     0.00000     0.00000     0.00000     0.00000     0.00000     0.00000
   -19.52881     0.00000     0.00000     0.00000     0.00000     0.00000     0.00000     0.00000     0.00000     0.00000     0.00000
   -19.40781     0.00000     0.00000     0.00000     0.00000     0.00000     0.00000     0.00000     0.00000     0.00000     0.00000
   -19.28681     0.00000     0.00000     0.00000     0.00000     0.00000     0.00000     0.00000     0.00000     0.00000     0.00000
   -19.16681    -0.00015    -0.00000    -0.00000    -0.00000    -0.00000    -0.00000    -0.00000    -0.00000    -0.00000    -0.00016
   -19.04581    -0.00015    -0.00000    -0.00000    -0.00000    -0.00000    -0.00000    -0.00000    -0.00000    -0.00000    -0.00017
   -18.92481    -0.00016    -0.00000    -0.00000    -0.00000    -0.00000    -0.00000    -0.00000    -0.00000    -0.00000    -0.00017
   -18.80381    -0.00016    -0.00000    -0.00000    -0.00000    -0.00000    -0.00000    -0.00000    -0.00000    -0.00000    -0.00018
   -18.68281    -0.00017    -0.00000    -0.00000    -0.00000    -0.00000    -0.00000    -0.00000    -0.00000    -0.00000    -0.00018
   -18.56181    -0.00017    -0.00000    -0.00000    -0.00000    -0.00000    -0.00000    -0.00000    -0.00000    -0.00000    -0.00019
   -18.44181    -0.00019    -0.00000    -0.00000    -0.00000    -0.00000    -0.00000    -0.00000    -0.00000    -0.00000    -0.00020
   -18.32081    -0.00012    -0.00000    -0.00000    -0.00000    -0.00000    -0.00000    -0.00000    -0.00000    -0.00000    -0.00013
   -18.19981    -0.00022    -0.00000    -0.00000    -0.00000    -0.00000    -0.00000    -0.00000    -0.00000    -0.00000    -0.00024
   -18.07881    -0.00019    -0.00000    -0.00000    -0.00000    -0.00000    -0.00000    -0.00000    -0.00000    -0.00000    -0.00020
   -17.95781    -0.00034    -0.00001    -0.00001    -0.00001    -0.00000    -0.00000    -0.00000    -0.00000    -0.00000    -0.00036
   -17.83781    -0.00021    -0.00000    -0.00000    -0.00000    -0.00000    -0.00000    -0.00000    -0.00000    -0.00000    -0.00022
   -17.71681    -0.00022    -0.00000    -0.00000    -0.00000    -0.00000    -0.00000    -0.00000    -0.00000    -0.00000    -0.00023
   -17.59581    -0.00027    -0.00000    -0.00000    -0.00000    -0.00000    -0.00000    -0.00000    -0.00000    -0.00000    -0.00029
   -17.47481    -0.00025    -0.00000    -0.00000    -0.00000    -0.00000    -0.00000    -0.00000    -0.00000    -0.00000    -0.00027
   -17.35381    -0.00028    -0.00000    -0.00000    -0.00000    -0.00000    -0.00000    -0.00000    -0.00000    -0.00000    -0.00029
   -17.23281    -0.00034    -0.00000    -0.00000    -0.00000    -0.00000    -0.00000    -0.00000    -0.00000    -0.00000    -0.00035
   -17.11281    -0.00036    -0.00000    -0.00000    -0.00000    -0.00000    -0.00000    -0.00000    -0.00000    -0.00000    -0.00037
   -16.99181    -0.00043    -0.00000    -0.00000    -0.00000    -0.00000    -0.00000    -0.00000    -0.00000    -0.00000    -0.00044
   -16.87081    -0.00053    -0.00000    -0.00000    -0.00000    -0.00000    -0.00000    -0.00000    -0.00000    -0.00000    -0.00055
   -16.74981    -0.00071    -0.00000    -0.00000    -0.00000    -0.00000    -0.00000    -0.00000    -0.00000    -0.00000    -0.00072
   -16.62881    -0.00062    -0.00000    -0.00000    -0.00000    -0.00000    -0.00000    -0.00000    -0.00000    -0.00000    -0.00063
   -16.50881    -0.00066    -0.00000    -0.00000    -0.00000    -0.00000    -0.00000    -0.00000    -0.00000    -0.00000    -0.00067
   -16.38781    -0.00078    -0.00000    -0.00000    -0.00000    -0.00000    -0.00000    -0.00000    -0.00000    -0.00000    -0.00079
   -16.26681    -0.03528    -0.00006    -0.00006    -0.00006    -0.00000    -0.00000    -0.00001    -0.00000    -0.00001    -0.03547
   -16.14581    -0.13027    -0.00021    -0.00022    -0.00023    -0.00000    -0.00000    -0.00002    -0.00000    -0.00002    -0.13098
   -16.02481    -0.26407    -0.00044    -0.00044    -0.00047    -0.00000    -0.00000    -0.00005    -0.00000    -0.00005    -0.26552
   -15.90381    -1.82220    -0.00301    -0.00305    -0.00325    -0.00001    -0.00001    -0.00032    -0.00001    -0.00032    -1.83217
   -15.78381    -2.74720    -0.00463    -0.00469    -0.00493    -0.00002    -0.00002    -0.00049    -0.00002    -0.00049    -2.76248
   -15.66281    -1.88760    -0.00300    -0.00305    -0.00318    -0.00002    -0.00002    -0.00033    -0.00002    -0.00033    -1.89756
   -15.54181    -5.89210    -0.00893    -0.00793    -0.00810    -0.00009    -0.00009    -0.00094    -0.00008    -0.00084    -5.91910
   -15.42081    -3.35440    -0.00370    -0.00369    -0.00388    -0.00007    -0.00007    -0.00047    -0.00007    -0.00047    -3.36682
   -15.29981   -15.39100    -0.01096    -0.01056    -0.01140    -0.00045    -0.00043    -0.00183    -0.00042    -0.00175   -15.42880
   -15.17981   -12.51400    -0.00483    -0.00482    -0.00521    -0.00015    -0.00015    -0.00129    -0.00014    -0.00126   -12.53185
   -15.05881    -0.71395    -0.00028    -0.00027    -0.00028    -0.00001    -0.00001    -0.00007    -0.00001    -0.00007    -0.71494
   -14.93781    -0.24685    -0.00011    -0.00010    -0.00010    -0.00000    -0.00000    -0.00002    -0.00000    -0.00002    -0.24722
   -14.81681    -0.06155    -0.00003    -0.00003    -0.00003    -0.00000    -0.00000    -0.00001    -0.00000    -0.00001    -0.06167
   -14.69581    -0.01496    -0.00001    -0.00001    -0.00001    -0.00000    -0.00000    -0.00000    -0.00000    -0.00000    -0.01500
   -14.57481    -0.00405    -0.00001    -0.00001    -0.00001    -0.00000    -0.00000    -0.00000    -0.00000    -0.00000    -0.00408
   -14.45481    -0.00104    -0.00001    -0.00001    -0.00001    -0.00000    -0.00000    -0.00000    -0.00000    -0.00000    -0.00106
   -14.33381    -0.00068    -0.00001    -0.00001    -0.00001    -0.00000    -0.00000    -0.00000    -0.00000    -0.00000    -0.00070
   -14.21281    -0.00050    -0.00001    -0.00001    -0.00001    -0.00000    -0.00000    -0.00000    -0.00000    -0.00000    -0.00053
   -14.09181    -0.00039    -0.00001    -0.00001    -0.00001    -0.00000    -0.00000    -0.00000    -0.00000    -0.00000    -0.00042
   -13.97081    -0.00033    -0.00001    -0.00001    -0.00001    -0.00000    -0.00000    -0.00000    -0.00000    -0.00000    -0.00036
   -13.85081    -0.00026    -0.00001    -0.00001    -0.00001    -0.00000    -0.00000    -0.00000    -0.00000    -0.00000    -0.00028
   -13.72981    -0.00011    -0.00000    -0.00000    -0.00000    -0.00000    -0.00000    -0.00000    -0.00000    -0.00000    -0.00012
   -13.60881    -0.00005    -0.00000    -0.00000    -0.00000    -0.00000    -0.00000    -0.00000    -0.00000    -0.00000    -0.00006
   -13.48781    -0.00006    -0.00000    -0.00000    -0.00000    -0.00000    -0.00000    -0.00000    -0.00000    -0.00000    -0.00007
   -13.36681    -0.00005    -0.00000    -0.00000    -0.00000    -0.00000    -0.00000    -0.00000    -0.00000    -0.00000    -0.00006
   -13.24581    -0.00003    -0.00000    -0.00000    -0.00000    -0.00000    -0.00000    -0.00000    -0.00000    -0.00000    -0.00004
   -13.12581    -0.00002    -0.00000    -0.00000    -0.00000    -0.00000    -0.00000    -0.00000    -0.00000    -0.00000    -0.00003
   -13.00481    -0.00002    -0.00000    -0.00000    -0.00000    -0.00000    -0.00000    -0.00000    -0.00000    -0.00000    -0.00002
   -12.88381    -0.00001    -0.00000    -0.00000    -0.00000    -0.00000    -0.00000    -0.00000    -0.00000    -0.00000    -0.00002
   -12.76281    -0.00004    -0.00000    -0.00000    -0.00000    -0.00000    -0.00000    -0.00000    -0.00000    -0.00000    -0.00005
   -12.64181    -0.00004    -0.00000    -0.00000    -0.00001    -0.00000    -0.00000    -0.00000    -0.00000    -0.00000    -0.00005
   -12.52181    -0.00004    -0.00001    -0.00000    -0.00001    -0.00000    -0.00000    -0.00000    -0.00000    -0.00000    -0.00005
   -12.40081    -0.00002    -0.00000    -0.00000    -0.00000    -0.00000    -0.00000    -0.00000    -0.00000    -0.00000    -0.00003
   -12.27981    -0.00002    -0.00000    -0.00000    -0.00000    -0.00000    -0.00000    -0.00000    -0.00000    -0.00000    -0.00004
   -12.15881    -0.00002    -0.00000    -0.00000    -0.00001    -0.00000    -0.00000    -0.00000    -0.00000    -0.00000    -0.00004
   -12.03781    -0.00003    -0.00001    -0.00001    -0.00001    -0.00000    -0.00000    -0.00000    -0.00000    -0.00000    -0.00005
   -11.91681    -0.00001    -0.00000    -0.00000    -0.00000    -0.00000    -0.00000    -0.00000    -0.00000    -0.00000    -0.00003
   -11.79681    -0.00001    -0.00000    -0.00000    -0.00000    -0.00000    -0.00000    -0.00000    -0.00000    -0.00000    -0.00002
   -11.67581    -0.00002    -0.00001    -0.00001    -0.00001    -0.00000    -0.00000    -0.00000    -0.00000    -0.00000    -0.00004
   -11.55481    -0.00001    -0.00000    -0.00000    -0.00000    -0.00000    -0.00000    -0.00000    -0.00000    -0.00000    -0.00003
   -11.43381    -0.00001    -0.00000    -0.00000    -0.00000    -0.00000    -0.00000    -0.00000    -0.00000    -0.00000    -0.00002
   -11.31281    -0.00001    -0.00000    -0.00000    -0.00000    -0.00000    -0.00000    -0.00000    -0.00000    -0.00000    -0.00002
   -11.19281    -0.00001    -0.00000    -0.00000    -0.00000    -0.00000    -0.00000    -0.00000    -0.00000    -0.00000    -0.00002
   -11.07181    -0.00001    -0.00000    -0.00000    -0.00000    -0.00000    -0.00000    -0.00000    -0.00000    -0.00000    -0.00002
   -10.95081    -0.00001    -0.00000    -0.00000    -0.00000    -0.00000    -0.00000    -0.00000    -0.00000    -0.00000    -0.00002
   -10.82981    -0.00000    -0.00000    -0.00000    -0.00000    -0.00000    -0.00000    -0.00000    -0.00000    -0.00000    -0.00001
   -10.70881    -0.00000    -0.00000    -0.00000    -0.00000    -0.00000    -0.00000    -0.00000    -0.00000    -0.00000    -0.00001
   -10.58781    -0.00000    -0.00000    -0.00000    -0.00000    -0.00000    -0.00000    -0.00000    -0.00000    -0.00000    -0.00001
   -10.46781    -0.00000    -0.00000    -0.00000    -0.00000    -0.00000    -0.00000    -0.00000    -0.00000    -0.00000    -0.00001
   -10.34681    -0.00000    -0.00000    -0.00000    -0.00000    -0.00000    -0.00000    -0.00000    -0.00000    -0.00000    -0.00002
   -10.22581    -0.00000    -0.00000    -0.00000    -0.00000    -0.00000    -0.00000    -0.00000    -0.00000    -0.00000    -0.00001
   -10.10481    -0.00000    -0.00001    -0.00000    -0.00001    -0.00000    -0.00000    -0.00000    -0.00000    -0.00000    -0.00002
    -9.98381    -0.00000    -0.00000    -0.00000    -0.00000    -0.00000    -0.00000    -0.00000    -0.00000    -0.00000    -0.00002
    -9.86381    -0.00000    -0.00000    -0.00000    -0.00000    -0.00000    -0.00000    -0.00000    -0.00000    -0.00000    -0.00001
    -9.74281    -0.00000    -0.00000    -0.00000    -0.00000    -0.00000    -0.00000    -0.00000    -0.00000    -0.00000    -0.00001
    -9.62181    -0.00000    -0.00000    -0.00000    -0.00000    -0.00000    -0.00000    -0.00000    -0.00000    -0.00000    -0.00002
    -9.50081    -0.00000    -0.00000    -0.00000    -0.00001    -0.00000    -0.00000    -0.00000    -0.00000    -0.00000    -0.00002
    -9.37981    -0.00000    -0.00000    -0.00000    -0.00000    -0.00000    -0.00000    -0.00000    -0.00000    -0.00000    -0.00002
    -9.25881    -0.00000    -0.00001    -0.00001    -0.00001    -0.00000    -0.00000    -0.00000    -0.00000    -0.00000    -0.00002
    -9.13881    -0.00000    -0.00000    -0.00000    -0.00000    -0.00000    -0.00000    -0.00000    -0.00000    -0.00000    -0.00002
    -9.01781    -0.00000    -0.00000    -0.00000    -0.00000    -0.00000    -0.00000    -0.00000    -0.00000    -0.00000    -0.00001
    -8.89681    -0.00000    -0.00001    -0.00000    -0.00001    -0.00000    -0.00000    -0.00000    -0.00000    -0.00000    -0.00002
    -8.77581    -0.00000    -0.00000    -0.00000    -0.00000    -0.00000    -0.00000    -0.00000    -0.00000    -0.00000    -0.00001
    -8.65481    -0.00000    -0.00001    -0.00001    -0.00001    -0.00000    -0.00000    -0.00000    -0.00000    -0.00000    -0.00002
    -8.53481    -0.00000    -0.00001    -0.00001    -0.00001    -0.00000    -0.00000    -0.00000    -0.00000    -0.00000    -0.00002
    -8.41381    -0.00000    -0.00001    -0.00000    -0.00001    -0.00000    -0.00000    -0.00000    -0.00000    -0.00000    -0.00002
    -8.29281    -0.00000    -0.00000    -0.00000    -0.00000    -0.00000    -0.00000    -0.00000    -0.00000    -0.00000    -0.00001
    -8.17181    -0.00000    -0.00000    -0.00000    -0.00000    -0.00000    -0.00000    -0.00000    -0.00000    -0.00000    -0.00001
    -8.05081    -0.00000    -0.00001    -0.00001    -0.00001    -0.00000    -0.00000    -0.00000    -0.00000    -0.00000    -0.00002
    -7.92981    -0.00000    -0.00001    -0.00001    -0.00001    -0.00000    -0.00000    -0.00000    -0.00000    -0.00000    -0.00002
    -7.80981    -0.00000    -0.00001    -0.00000    -0.00001    -0.00000    -0.00000    -0.00000    -0.00000    -0.00000    -0.00002
    -7.68881    -0.00000    -0.00001    -0.00000    -0.00001    -0.00000    -0.00000    -0.00000    -0.00000    -0.00000    -0.00002
    -7.56781    -0.00000    -0.00001    -0.00000    -0.00001    -0.00000    -0.00000    -0.00000    -0.00000    -0.00000    -0.00002
    -7.44681    -0.00002    -0.00008    -0.00008    -0.00009    -0.00000    -0.00000    -0.00000    -0.00000    -0.00000    -0.00027
    -7.32581    -0.00010    -0.00040    -0.00041    -0.00047    -0.00000    -0.00000    -0.00000    -0.00000    -0.00000    -0.00139
    -7.20581    -0.00035    -0.00151    -0.00155    -0.00175    -0.00001    -0.00001    -0.00000    -0.00001    -0.00000    -0.00519
    -7.08481    -0.00051    -0.00235    -0.00240    -0.00271    -0.00001    -0.00001    -0.00001    -0.00001    -0.00001    -0.00802
    -6.96381    -0.00044    -0.00222    -0.00227    -0.00255    -0.00001    -0.00001    -0.00001    -0.00001    -0.00001    -0.00753
    -6.84281    -0.00042    -0.00231    -0.00236    -0.00265    -0.00001    -0.00001    -0.00001    -0.00001    -0.00001    -0.00778
    -6.72181    -0.00043    -0.00261    -0.00267    -0.00299    -0.00001    -0.00001    -0.00001    -0.00001    -0.00001    -0.00874
    -6.60081    -0.00041    -0.00277    -0.00284    -0.00317    -0.00001    -0.00001    -0.00001    -0.00001    -0.00001    -0.00924
    -6.48081    -0.00053    -0.00396    -0.00409    -0.00451    -0.00001    -0.00001    -0.00002    -0.00001    -0.00002    -0.01317
    -6.35981    -0.00038    -0.00327    -0.00336    -0.00372    -0.00001    -0.00001    -0.00001    -0.00001    -0.00001    -0.01078
    -6.23881    -0.00028    -0.00288    -0.00296    -0.00325    -0.00001    -0.00001    -0.00001    -0.00001    -0.00001    -0.00942
    -6.11781    -0.00020    -0.00244    -0.00248    -0.00275    -0.00001    -0.00001    -0.00001    -0.00001    -0.00001    -0.00791
    -5.99681    -0.00019    -0.00272    -0.00281    -0.00305    -0.00001    -0.00001    -0.00001    -0.00001    -0.00001    -0.00881
    -5.87581    -0.00054    -0.00905    -0.00935    -0.00998    -0.00002    -0.00002    -0.00003    -0.00002    -0.00003    -0.02905
    -5.75581    -0.00177    -0.02593    -0.02619    -0.02609    -0.00003    -0.00003    -0.00019    -0.00003    -0.00019    -0.08044
    -5.63481    -0.01138    -0.14008    -0.13995    -0.13438    -0.00010    -0.00010    -0.00128    -0.00011    -0.00128    -0.42867
    -5.51381    -0.09454    -1.17222    -1.16971    -1.11610    -0.00081    -0.00078    -0.01108    -0.00082    -0.01103    -3.57710
    -5.39281    -0.01568    -0.15769    -0.15779    -0.15203    -0.00013    -0.00013    -0.00138    -0.00013    -0.00138    -0.48635
    -5.27181    -0.03309    -0.23132    -0.23262    -0.22832    -0.00024    -0.00024    -0.00170    -0.00025    -0.00172    -0.72951
    -5.15181    -0.06469    -0.35382    -0.35844    -0.36478    -0.00046    -0.00046    -0.00218    -0.00048    -0.00224    -1.14754
    -5.03081    -0.19430    -1.01934    -1.02562    -1.06628    -0.00147    -0.00145    -0.00559    -0.00151    -0.00581    -3.32137
    -4.90981    -0.02350    -0.28913    -0.29158    -0.29321    -0.00062    -0.00060    -0.00080    -0.00061    -0.00079    -0.90083
    -4.78881    -0.01372    -0.33632    -0.33467    -0.33004    -0.00099    -0.00098    -0.00058    -0.00098    -0.00058    -1.01886
    -4.66781    -0.02252    -0.95204    -0.92268    -0.91760    -0.00326    -0.00309    -0.00190    -0.00316    -0.00192    -2.82816
    -4.54681    -0.01953    -0.66482    -0.65253    -0.65566    -0.00273    -0.00258    -0.00126    -0.00267    -0.00132    -2.00310
    -4.42681    -0.02851    -1.35290    -1.97020    -1.32150    -0.00509    -0.00726    -0.00233    -0.00749    -0.00200    -4.69729
    -4.30581    -0.02205    -0.63591    -0.62762    -0.63347    -0.00253    -0.00251    -0.00148    -0.00254    -0.00152    -1.92962
    -4.18481    -0.01757    -0.78338    -0.78291    -0.78842    -0.00340    -0.00336    -0.00274    -0.00340    -0.00276    -2.38795
    -4.06381    -0.03393    -2.26530    -2.19918    -2.21040    -0.00872    -0.00849    -0.00914    -0.00832    -0.00915    -6.75262
    -3.94281    -0.00689    -0.63127    -0.62683    -0.62371    -0.00190    -0.00189    -0.00286    -0.00191    -0.00294    -1.90021
    -3.82281    -0.00807    -0.52401    -0.52770    -0.51601    -0.00140    -0.00140    -0.00247    -0.00142    -0.00241    -1.58490
    -3.70181    -0.00746    -1.07875    -1.08620    -1.05108    -0.00168    -0.00170    -0.00692    -0.00169    -0.00691    -3.24239
    -3.58081    -0.00927    -0.70095    -0.68607    -0.67640    -0.00118    -0.00120    -0.00384    -0.00121    -0.00402    -2.08414
    -3.45981    -0.00494    -0.38304    -0.38232    -0.37722    -0.00067    -0.00069    -0.00125    -0.00070    -0.00126    -1.15209
    -3.33881    -0.01136    -0.82510    -0.82810    -0.83790    -0.00137    -0.00140    -0.00256    -0.00138    -0.00256    -2.51174
    -3.21781    -0.01157    -0.92360    -0.91230    -0.93060    -0.00125    -0.00128    -0.00182    -0.00127    -0.00182    -2.78551
    -3.09781    -0.02187    -1.30910    -1.27890    -1.42930    -0.00160    -0.00166    -0.00131    -0.00164    -0.00127    -4.04665
    -2.97681    -0.01005    -0.90176    -0.90338    -0.95256    -0.00115    -0.00111    -0.00122    -0.00114    -0.00117    -2.77355
    -2.85581    -0.02031    -1.72540    -1.82310    -1.71890    -0.00231    -0.00241    -0.00298    -0.00243    -0.00298    -5.30083
    -2.73481    -0.01276    -1.56870    -1.64270    -1.52570    -0.00249    -0.00257    -0.00322    -0.00252    -0.00315    -4.76381
    -2.61381    -0.00932    -1.11850    -1.10890    -1.12200    -0.00182    -0.00173    -0.00217    -0.00180    -0.00221    -3.36846
    -2.49381    -0.01240    -1.16783    -1.15180    -1.15900    -0.00174    -0.00171    -0.00221    -0.00165    -0.00211    -3.50045
    -2.37281    -0.01966    -2.03349    -1.85132    -2.44703    -0.00262    -0.00244    -0.00471    -0.00262    -0.00425    -6.36814
    -2.25181    -0.00458    -1.55774    -1.54250    -1.42938    -0.00119    -0.00107    -0.00282    -0.00115    -0.00244    -4.54287
    -2.13081    -0.00828    -1.35875    -1.35076    -1.35460    -0.00098    -0.00106    -0.00185    -0.00107    -0.00204    -4.07939
    -2.00981    -0.00158    -0.25632    -0.23192    -0.22982    -0.00019    -0.00022    -0.00042    -0.00022    -0.00052    -0.72120
    -1.88881    -0.00080    -0.06637    -0.06080    -0.06518    -0.00009    -0.00009    -0.00016    -0.00011    -0.00023    -0.19382
    -1.76881    -0.00044    -0.02640    -0.02545    -0.02671    -0.00005    -0.00005    -0.00009    -0.00006    -0.00013    -0.07939
    -1.64781    -0.00032    -0.01110    -0.01152    -0.01219    -0.00004    -0.00004    -0.00006    -0.00004    -0.00008    -0.03541
    -1.52681    -0.00025    -0.00618    -0.00675    -0.00703    -0.00004    -0.00004    -0.00005    -0.00004    -0.00007    -0.02044
    -1.40581    -0.00020    -0.00411    -0.00458    -0.00472    -0.00003    -0.00003    -0.00005    -0.00003    -0.00006    -0.01381
    -1.28481    -0.00009    -0.00146    -0.00175    -0.00168    -0.00002    -0.00002    -0.00002    -0.00002    -0.00003    -0.00508
    -1.16481    -0.00022    -0.00365    -0.00433    -0.00424    -0.00005    -0.00005    -0.00008    -0.00005    -0.00008    -0.01275
    -1.04381    -0.00009    -0.00133    -0.00161    -0.00158    -0.00002    -0.00002    -0.00003    -0.00002    -0.00004    -0.00476
    -0.92281    -0.00007    -0.00094    -0.00115    -0.00112    -0.00002    -0.00002    -0.00003    -0.00002    -0.00003    -0.00340
    -0.80181    -0.00005    -0.00063    -0.00080    -0.00077    -0.00002    -0.00002    -0.00002    -0.00002    -0.00003    -0.00235
    -0.68081    -0.00004    -0.00047    -0.00061    -0.00058    -0.00002    -0.00002    -0.00002    -0.00002    -0.00002    -0.00179
    -0.55981    -0.00003    -0.00033    -0.00044    -0.00041    -0.00001    -0.00001    -0.00002    -0.00001    -0.00002    -0.00129
    -0.43981    -0.00002    -0.00025    -0.00034    -0.00032    -0.00001    -0.00001    -0.00002    -0.00001    -0.00002    -0.00099
    -0.31881    -0.00002    -0.00017    -0.00023    -0.00022    -0.00001    -0.00001    -0.00001    -0.00001    -0.00002    -0.00070
    -0.19781    -0.00001    -0.00011    -0.00016    -0.00015    -0.00001    -0.00001    -0.00001    -0.00001    -0.00001    -0.00047
    -0.07681    -0.00001    -0.00008    -0.00012    -0.00011    -0.00001    -0.00001    -0.00001    -0.00001    -0.00001    -0.00036
     0.04419    -0.00001    -0.00006    -0.00009    -0.00008    -0.00001    -0.00001    -0.00001    -0.00001    -0.00001    -0.00027
     0.16419     0.00000     0.00000     0.00000     0.00000     0.00000     0.00000     0.00000     0.00000     0.00000     0.00000
     0.28519     0.00000     0.00000     0.00000     0.00000     0.00000     0.00000     0.00000     0.00000     0.00000     0.00000
     0.40619     0.00000     0.00000     0.00000     0.00000     0.00000     0.00000     0.00000     0.00000     0.00000     0.00000
     0.52719     0.00000     0.00000     0.00000     0.00000     0.00000     0.00000     0.00000     0.00000     0.00000     0.00000
     0.64819    -0.00001    -0.00003    -0.00004    -0.00004    -0.00001    -0.00001    -0.00001    -0.00001    -0.00001    -0.00016
     0.76919    -0.00001    -0.00003    -0.00005    -0.00005    -0.00001    -0.00001    -0.00001    -0.00001    -0.00001    -0.00019
     0.88919    -0.00001    -0.00003    -0.00006    -0.00005    -0.00001    -0.00002    -0.00002    -0.00002    -0.00002    -0.00023
     1.01019    -0.00001    -0.00004    -0.00007    -0.00007    -0.00002    -0.00002    -0.00002    -0.00003    -0.00002    -0.00031
     1.13119    -0.00001    -0.00005    -0.00009    -0.00009    -0.00003    -0.00003    -0.00003    -0.00004    -0.00003    -0.00041
     1.25219    -0.00002    -0.00009    -0.00012    -0.00015    -0.00004    -0.00006    -0.00004    -0.00008    -0.00005    -0.00066
     1.37319    -0.00009    -0.00028    -0.00032    -0.00036    -0.00015    -0.00018    -0.00007    -0.00022    -0.00008    -0.00175
     1.49319    -0.00049    -0.00161    -0.00162    -0.00170    -0.00082    -0.00097    -0.00023    -0.00102    -0.00023    -0.00870
     1.61419    -0.00161    -0.00487    -0.00480    -0.00500    -0.00271    -0.00294    -0.00057    -0.00314    -0.00058    -0.02622
     1.73519    -0.04963    -0.21468    -0.24920    -0.20250    -0.12746    -0.11224    -0.01561    -0.12358    -0.01497    -1.10987
     1.85619    -0.01498    -0.07579    -0.07790    -0.08375    -0.03009    -0.03477    -0.01582    -0.02916    -0.01633    -0.37859
     1.97719    -0.11363    -0.41107    -0.42359    -0.40052    -0.05769    -0.05469    -0.08985    -0.05443    -0.08063    -1.68610
     2.09819    -0.06562    -0.19221    -0.21316    -0.20767    -0.01875    -0.01925    -0.04171    -0.01871    -0.04328    -0.82036
     2.21819    -0.07367    -0.24387    -0.24337    -0.25452    -0.02417    -0.02537    -0.03201    -0.02441    -0.03363    -0.95502
     2.33919    -0.06270    -0.46634    -0.46901    -0.44919    -0.02734    -0.02765    -0.06057    -0.02651    -0.06023    -1.64953
     2.46019    -0.04823    -0.30237    -0.29997    -0.28810    -0.02296    -0.02131    -0.02149    -0.02236    -0.02104    -1.04783
     2.58119    -0.00156    -0.00870    -0.00910    -0.00868    -0.00078    -0.00074    -0.00065    -0.00076    -0.00062    -0.03159
     2.70219    -0.00074    -0.00431    -0.00469    -0.00427    -0.00035    -0.00033    -0.00033    -0.00033    -0.00032    -0.01569
     2.82219    -0.00042    -0.00256    -0.00271    -0.00251    -0.00019    -0.00018    -0.00021    -0.00018    -0.00021    -0.00917
     2.94319    -0.00022    -0.00145    -0.00139    -0.00137    -0.00010    -0.00010    -0.00015    -0.00010    -0.00015    -0.00502
     3.06419    -0.00010    -0.00053    -0.00054    -0.00053    -0.00005    -0.00006    -0.00008    -0.00006    -0.00008    -0.00203
     3.18519    -0.00008    -0.00043    -0.00042    -0.00043    -0.00005    -0.00005    -0.00008    -0.00006    -0.00008    -0.00168
     3.30619    -0.00008    -0.00036    -0.00035    -0.00036    -0.00005    -0.00006    -0.00008    -0.00006    -0.00007    -0.00147
     3.42719    -0.00220    -0.00036    -0.00034    -0.00035    -0.00005    -0.00005    -0.00008    -0.00006    -0.00007    -0.00356
     3.54719    -0.00253    -0.00035    -0.00033    -0.00035    -0.00006    -0.00006    -0.00010    -0.00007    -0.00009    -0.00393
     3.66819    -0.00702    -0.00043    -0.00041    -0.00043    -0.00006    -0.00006    -0.00010    -0.00007    -0.00009    -0.00868
     3.78919    -0.00714    -0.00055    -0.00054    -0.00054    -0.00006    -0.00006    -0.00010    -0.00006    -0.00009    -0.00914
     3.91019    -0.00947    -0.00073    -0.00072    -0.00073    -0.00007    -0.00007    -0.00011    -0.00008    -0.00009    -0.01207
     4.03119    -0.02355    -0.00297    -0.00294    -0.00290    -0.00018    -0.00018    -0.00022    -0.00020    -0.00020    -0.03335
     4.15119    -0.01189    -0.00258    -0.00256    -0.00250    -0.00012    -0.00011    -0.00015    -0.00012    -0.00013    -0.02016
     4.27219    -0.04461    -0.00711    -0.00714    -0.00737    -0.00018    -0.00018    -0.00026    -0.00019    -0.00024    -0.06729
     4.39319    -0.03336    -0.00738    -0.00737    -0.00744    -0.00026    -0.00025    -0.00029    -0.00027    -0.00026    -0.05687
     4.51419    -0.03088    -0.00796    -0.00794    -0.00800    -0.00039    -0.00037    -0.00039    -0.00041    -0.00034    -0.05667
     4.63519    -0.03523    -0.00991    -0.00989    -0.00993    -0.00050    -0.00048    -0.00049    -0.00051    -0.00044    -0.06739
     4.75619    -0.03503    -0.01128    -0.01126    -0.01133    -0.00075    -0.00074    -0.00076    -0.00077    -0.00069    -0.07262
     4.87619    -0.03470    -0.01285    -0.01289    -0.01301    -0.00106    -0.00104    -0.00118    -0.00108    -0.00106    -0.07888
     4.99719    -0.04310    -0.01607    -0.01607    -0.01643    -0.00212    -0.00209    -0.00266    -0.00213    -0.00255    -0.10321
     5.11819    -0.04753    -0.01862    -0.01863    -0.01910    -0.00248    -0.00246    -0.00661    -0.00250    -0.00636    -0.12428
     5.23919    -0.08402    -0.03440    -0.03428    -0.03521    -0.00779    -0.00791    -0.03282    -0.00784    -0.03326    -0.27754
     5.36019    -0.13953    -0.05842    -0.07307    -0.07272    -0.02360    -0.02460    -0.19715    -0.02112    -0.16210    -0.77232
     5.48019    -0.12212    -0.05099    -0.05119    -0.05152    -0.01662    -0.01665    -0.05720    -0.01667    -0.05347    -0.43643
     5.60119    -0.15320    -0.08164    -0.08159    -0.08056    -0.02761    -0.02726    -0.14893    -0.02769    -0.14852    -0.77699
     5.72219    -0.13710    -0.06246    -0.06215    -0.06230    -0.03053    -0.03091    -0.07127    -0.03060    -0.07158    -0.55890
     5.84319    -0.11135    -0.04510    -0.04528    -0.04514    -0.02783    -0.02801    -0.04085    -0.02777    -0.04011    -0.41144
     5.96419    -0.20448    -0.08433    -0.08486    -0.08390    -0.04996    -0.05105    -0.07823    -0.05005    -0.07783    -0.76468
     6.08519    -0.11303    -0.04992    -0.04934    -0.04963    -0.03236    -0.03220    -0.04566    -0.03248    -0.04582    -0.45043
     6.20519    -0.15837    -0.07237    -0.07241    -0.07253    -0.05057    -0.05044    -0.04963    -0.05020    -0.04964    -0.62616
     6.32619    -0.18563    -0.10003    -0.10032    -0.10206    -0.05158    -0.05241    -0.07898    -0.05130    -0.07852    -0.80083
     6.44719    -0.15917    -0.10319    -0.10370    -0.10529    -0.05072    -0.05115    -0.08885    -0.05100    -0.08905    -0.80212
     6.56819    -0.05947    -0.03547    -0.03542    -0.03561    -0.01997    -0.02016    -0.03663    -0.01979    -0.03649    -0.29902
     6.68919    -0.28558    -0.21960    -0.22121    -0.22709    -0.15167    -0.15151    -0.24678    -0.14706    -0.24125    -1.89175
     6.80919    -0.12470    -0.08219    -0.08195    -0.08330    -0.04999    -0.05021    -0.07684    -0.05075    -0.07575    -0.67568
     6.93019    -0.09887    -0.06678    -0.06693    -0.06682    -0.04870    -0.04936    -0.06440    -0.04933    -0.06521    -0.57641
     7.05119    -0.05364    -0.04211    -0.04188    -0.04300    -0.03841    -0.03681    -0.03857    -0.03871    -0.03913    -0.37225
     7.17219    -0.06691    -0.05491    -0.05405    -0.05526    -0.05609    -0.05693    -0.05194    -0.05441    -0.05181    -0.50230
     7.29319    -0.05182    -0.04468    -0.04468    -0.04586    -0.04887    -0.04843    -0.04246    -0.04803    -0.04237    -0.41720
     7.41419    -0.05417    -0.05439    -0.05459    -0.05527    -0.08311    -0.08318    -0.06112    -0.08344    -0.06234    -0.59160
     7.53419    -0.02622    -0.04185    -0.04164    -0.04162    -0.06008    -0.06062    -0.05579    -0.05955    -0.05583    -0.44320
     7.65519    -0.03931    -0.07781    -0.07784    -0.07724    -0.07191    -0.07154    -0.09758    -0.07226    -0.09742    -0.68292
     7.77619    -0.04892    -0.12306    -0.12363    -0.12709    -0.10792    -0.10777    -0.13015    -0.10799    -0.12892    -1.00545
     7.89719    -0.03015    -0.09122    -0.09078    -0.09154    -0.09447    -0.09481    -0.08634    -0.09456    -0.08566    -0.75952
     8.01819    -0.03148    -0.15830    -0.15729    -0.15387    -0.15270    -0.15768    -0.11018    -0.15157    -0.10845    -1.18152
     8.13819    -0.03703    -0.14493    -0.14255    -0.14004    -0.17397    -0.17585    -0.14765    -0.16791    -0.14527    -1.27520
     8.25919    -0.04438    -0.17797    -0.17956    -0.17644    -0.21737    -0.21406    -0.18201    -0.21486    -0.18515    -1.59180
     8.38019    -0.02839    -0.11240    -0.11220    -0.11001    -0.11773    -0.12277    -0.09902    -0.11972    -0.09613    -0.91837
     8.50119    -0.04818    -0.13190    -0.12964    -0.12794    -0.17453    -0.18028    -0.18238    -0.16767    -0.18257    -1.32509
     8.62219    -0.03017    -0.08097    -0.08315    -0.08152    -0.10211    -0.09749    -0.10193    -0.09687    -0.09784    -0.77206
     8.74319    -0.03601    -0.09282    -0.09209    -0.08992    -0.10359    -0.10258    -0.13510    -0.09888    -0.13429    -0.88528
     8.86319    -0.04016    -0.13151    -0.13081    -0.12736    -0.12976    -0.13283    -0.14507    -0.13597    -0.14985    -1.12332
     8.98419    -0.03651    -0.13034    -0.12983    -0.13269    -0.14427    -0.13831    -0.16048    -0.14444    -0.17254    -1.18941
     9.10519    -0.02394    -0.12505    -0.12021    -0.11974    -0.11516    -0.11135    -0.13893    -0.11559    -0.13639    -1.00636
     9.22619    -0.01891    -0.14950    -0.15275    -0.14512    -0.15360    -0.15080    -0.14729    -0.15560    -0.14657    -1.22014
     9.34719    -0.02600    -0.22812    -0.23265    -0.22388    -0.25497    -0.24586    -0.15922    -0.26157    -0.15851    -1.79078
     9.46719    -0.02392    -0.19550    -0.18409    -0.19307    -0.21627    -0.21748    -0.15341    -0.21879    -0.15564    -1.55817
     9.58819    -0.02227    -0.17678    -0.17954    -0.17415    -0.18139    -0.17970    -0.18510    -0.17971    -0.18881    -1.46745
     9.70919    -0.01726    -0.13555    -0.13755    -0.13258    -0.13405    -0.13444    -0.19353    -0.13993    -0.19557    -1.22046
     9.83019    -0.02413    -0.15220    -0.14803    -0.14522    -0.17092    -0.15921    -0.17382    -0.16922    -0.17413    -1.31688
     9.95119    -0.01294    -0.08296    -0.08439    -0.08096    -0.11900    -0.11440    -0.05394    -0.11718    -0.05721    -0.72298
    10.07219    -0.02212    -0.12534    -0.12461    -0.12537    -0.13730    -0.12445    -0.08725    -0.13204    -0.08746    -0.96593
    10.19219    -0.01998    -0.10077    -0.10061    -0.10466    -0.12283    -0.11677    -0.13202    -0.12272    -0.13307    -0.95343
    10.31319    -0.01250    -0.10713    -0.11019    -0.11099    -0.12893    -0.12140    -0.09959    -0.12877    -0.10841    -0.92791
    10.43419    -0.01278    -0.09005    -0.09122    -0.09512    -0.12751    -0.12421    -0.10940    -0.12676    -0.10779    -0.88484
    10.55519    -0.01416    -0.07449    -0.07533    -0.07713    -0.07905    -0.07910    -0.07187    -0.08110    -0.06931    -0.62155
    10.67619    -0.01582    -0.08668    -0.08455    -0.09000    -0.14352    -0.14482    -0.07873    -0.14353    -0.08061    -0.86826
    10.79719    -0.01687    -0.08096    -0.08235    -0.08305    -0.14184    -0.16397    -0.09807    -0.15999    -0.09506    -0.92216
    10.91719    -0.02023    -0.09775    -0.09462    -0.09328    -0.14362    -0.14950    -0.11235    -0.15034    -0.10862    -0.97031
    11.03819    -0.01563    -0.06348    -0.06414    -0.06314    -0.09163    -0.09700    -0.08860    -0.09742    -0.08570    -0.66675
    11.15919    -0.02138    -0.07194    -0.07386    -0.08173    -0.12014    -0.11801    -0.10674    -0.12262    -0.10198    -0.81839
    11.28019    -0.02082    -0.06608    -0.05860    -0.06555    -0.10848    -0.10277    -0.10171    -0.10619    -0.10451    -0.73471
    11.40119    -0.02001    -0.06074    -0.05785    -0.06233    -0.10684    -0.10514    -0.09530    -0.10745    -0.09597    -0.71163
    11.52119    -0.02167    -0.07110    -0.07018    -0.07085    -0.12299    -0.12673    -0.11232    -0.13350    -0.11353    -0.84287
    11.64219    -0.02944    -0.07941    -0.08173    -0.07666    -0.15271    -0.15015    -0.14159    -0.14640    -0.14933    -1.00742
    11.76319    -0.02126    -0.06038    -0.05541    -0.05859    -0.12593    -0.12427    -0.12726    -0.12050    -0.12802    -0.82162
    11.88419    -0.01447    -0.04267    -0.04296    -0.04255    -0.08175    -0.08144    -0.10355    -0.07684    -0.09779    -0.58402
    12.00519    -0.01834    -0.05158    -0.05316    -0.05318    -0.10677    -0.10334    -0.14062    -0.09880    -0.13941    -0.76520
    12.12619    -0.02052    -0.06679    -0.06685    -0.06602    -0.13151    -0.13617    -0.18337    -0.12948    -0.18210    -0.98280
    12.24619    -0.02206    -0.06340    -0.06123    -0.06111    -0.14391    -0.15292    -0.16246    -0.13998    -0.15758    -0.96466
    12.36719    -0.02226    -0.06790    -0.06499    -0.06535    -0.17004    -0.16256    -0.17704    -0.15312    -0.17275    -1.05601
    12.48819    -0.02173    -0.07156    -0.06640    -0.07321    -0.13391    -0.14074    -0.16240    -0.13556    -0.15859    -0.96410
    12.60919    -0.01795    -0.05453    -0.05630    -0.05664    -0.12609    -0.12702    -0.14405    -0.12453    -0.12588    -0.83299
    12.73019    -0.01974    -0.04706    -0.04750    -0.04755    -0.13649    -0.14203    -0.15950    -0.13808    -0.15010    -0.88805
    12.85019    -0.01577    -0.03391    -0.03503    -0.03600    -0.08557    -0.09175    -0.07846    -0.09015    -0.06951    -0.53615
    12.97119    -0.02542    -0.05697    -0.05315    -0.05290    -0.12693    -0.12645    -0.10283    -0.12386    -0.10157    -0.77008
    13.09219    -0.02028    -0.04688    -0.04868    -0.05436    -0.12716    -0.12598    -0.09158    -0.12304    -0.09254    -0.73050
    13.21319    -0.01658    -0.04588    -0.04421    -0.04820    -0.12910    -0.12928    -0.10022    -0.12108    -0.09296    -0.72751
    13.33419    -0.01780    -0.04074    -0.04284    -0.03879    -0.11220    -0.12491    -0.07858    -0.11151    -0.07714    -0.64451
    13.45519    -0.01754    -0.03917    -0.03829    -0.03684    -0.09808    -0.09444    -0.06975    -0.09357    -0.06579    -0.55347
    13.57519    -0.01361    -0.02859    -0.02449    -0.02841    -0.06249    -0.05831    -0.04433    -0.05585    -0.04462    -0.36072
    13.69619    -0.00147    -0.00193    -0.00153    -0.00191    -0.00297    -0.00293    -0.00262    -0.00266    -0.00283    -0.02084
    13.81719     0.00000     0.00000     0.00000     0.00000     0.00000     0.00000     0.00000     0.00000     0.00000     0.00000
    13.93819     0.00000     0.00000     0.00000     0.00000     0.00000     0.00000     0.00000     0.00000     0.00000     0.00000
    14.05919     0.00000     0.00000     0.00000     0.00000     0.00000     0.00000     0.00000     0.00000     0.00000     0.00000
    14.17919     0.00000     0.00000     0.00000     0.00000     0.00000     0.00000     0.00000     0.00000     0.00000     0.00000
    14.30019     0.00000     0.00000     0.00000     0.00000     0.00000     0.00000     0.00000     0.00000     0.00000     0.00000
    14.42119     0.00000     0.00000     0.00000     0.00000     0.00000     0.00000     0.00000     0.00000     0.00000     0.00000
    14.54219     0.00000     0.00000     0.00000     0.00000     0.00000     0.00000     0.00000     0.00000     0.00000     0.00000
    14.66319     0.00000     0.00000     0.00000     0.00000     0.00000     0.00000     0.00000     0.00000     0.00000     0.00000
    14.78419     0.00000     0.00000     0.00000     0.00000     0.00000     0.00000     0.00000     0.00000     0.00000     0.00000
    14.90419     0.00000     0.00000     0.00000     0.00000     0.00000     0.00000     0.00000     0.00000     0.00000     0.00000
    15.02519     0.00000     0.00000     0.00000     0.00000     0.00000     0.00000     0.00000     0.00000     0.00000     0.00000
    15.14619     0.00000     0.00000     0.00000     0.00000     0.00000     0.00000     0.00000     0.00000     0.00000     0.00000
    15.26719     0.00000     0.00000     0.00000     0.00000     0.00000     0.00000     0.00000     0.00000     0.00000     0.00000
    15.38819     0.00000     0.00000     0.00000     0.00000     0.00000     0.00000     0.00000     0.00000     0.00000     0.00000
