     #Energy           s          py          pz          px         dxy         dyz         dz2         dxz         dx2       tot  
   -20.85781     0.00000     0.00000     0.00000     0.00000     0.00000     0.00000     0.00000     0.00000     0.00000     0.00000
   -20.73681     0.00000     0.00000     0.00000     0.00000     0.00000     0.00000     0.00000     0.00000     0.00000     0.00000
   -20.61581     0.00000     0.00000     0.00000     0.00000     0.00000     0.00000     0.00000     0.00000     0.00000     0.00000
   -20.49581     0.00000     0.00000     0.00000     0.00000     0.00000     0.00000     0.00000     0.00000     0.00000     0.00000
   -20.37481     0.00000     0.00000     0.00000     0.00000     0.00000     0.00000     0.00000     0.00000     0.00000     0.00000
   -20.25381     0.00000     0.00000     0.00000     0.00000     0.00000     0.00000     0.00000     0.00000     0.00000     0.00000
   -20.13281     0.00000     0.00000     0.00000     0.00000     0.00000     0.00000     0.00000     0.00000     0.00000     0.00000
   -20.01181     0.00000     0.00000     0.00000     0.00000     0.00000     0.00000     0.00000     0.00000     0.00000     0.00000
   -19.89081     0.00000     0.00000     0.00000     0.00000     0.00000     0.00000     0.00000     0.00000     0.00000     0.00000
   -19.77081     0.00000     0.00000     0.00000     0.00000     0.00000     0.00000     0.00000     0.00000     0.00000     0.00000
   -19.64981     0.00000     0.00000     0.00000     0.00000     0.00000     0.00000     0.00000     0.00000     0.00000     0.00000
   -19.52881     0.00000     0.00000     0.00000     0.00000     0.00000     0.00000     0.00000     0.00000     0.00000     0.00000
   -19.40781     0.00000     0.00000     0.00000     0.00000     0.00000     0.00000     0.00000     0.00000     0.00000     0.00000
   -19.28681     0.00000     0.00000     0.00000     0.00000     0.00000     0.00000     0.00000     0.00000     0.00000     0.00000
   -19.16681     0.00000     0.00000     0.00000     0.00000     0.00000     0.00000     0.00000     0.00000     0.00000     0.00000
   -19.04581     0.00000     0.00000     0.00000     0.00000     0.00000     0.00000     0.00000     0.00000     0.00000     0.00000
   -18.92481     0.00000     0.00000     0.00000     0.00000     0.00000     0.00000     0.00000     0.00000     0.00000     0.00000
   -18.80381     0.00000     0.00000     0.00000     0.00000     0.00000     0.00000     0.00000     0.00000     0.00000     0.00000
   -18.68281     0.00000     0.00000     0.00000     0.00000     0.00000     0.00000     0.00000     0.00000     0.00000     0.00000
   -18.56181     0.00000     0.00000     0.00000     0.00000     0.00000     0.00000     0.00000     0.00000     0.00000     0.00000
   -18.44181     0.00000     0.00000     0.00000     0.00000     0.00000     0.00000     0.00000     0.00000     0.00000     0.00000
   -18.32081     0.00000     0.00000     0.00000     0.00000     0.00000     0.00000     0.00000     0.00000     0.00000     0.00000
   -18.19981     0.00000     0.00000     0.00000     0.00000     0.00000     0.00000     0.00000     0.00000     0.00000     0.00000
   -18.07881     0.00000     0.00000     0.00000     0.00000     0.00000     0.00000     0.00000     0.00000     0.00000     0.00000
   -17.95781     0.00000     0.00000     0.00000     0.00000     0.00000     0.00000     0.00000     0.00000     0.00000     0.00000
   -17.83781     0.00000     0.00000     0.00000     0.00000     0.00000     0.00000     0.00000     0.00000     0.00000     0.00000
   -17.71681     0.00000     0.00000     0.00000     0.00000     0.00000     0.00000     0.00000     0.00000     0.00000     0.00000
   -17.59581     0.00000     0.00000     0.00000     0.00000     0.00000     0.00000     0.00000     0.00000     0.00000     0.00000
   -17.47481     0.00000     0.00000     0.00000     0.00000     0.00000     0.00000     0.00000     0.00000     0.00000     0.00000
   -17.35381     0.00000     0.00000     0.00000     0.00000     0.00000     0.00000     0.00000     0.00000     0.00000     0.00000
   -17.23281     0.00000     0.00000     0.00000     0.00000     0.00000     0.00000     0.00000     0.00000     0.00000     0.00000
   -17.11281     0.00000     0.00000     0.00000     0.00000     0.00000     0.00000     0.00000     0.00000     0.00000     0.00000
   -16.99181     0.00000     0.00000     0.00000     0.00000     0.00000     0.00000     0.00000     0.00000     0.00000     0.00001
   -16.87081     0.00000     0.00000     0.00000     0.00000     0.00000     0.00000     0.00000     0.00000     0.00000     0.00001
   -16.74981     0.00000     0.00000     0.00000     0.00000     0.00000     0.00000     0.00000     0.00000     0.00000     0.00001
   -16.62881     0.00000     0.00000     0.00000     0.00000     0.00000     0.00000     0.00000     0.00000     0.00000     0.00001
   -16.50881     0.00000     0.00000     0.00000     0.00000     0.00000     0.00000     0.00000     0.00000     0.00000     0.00001
   -16.38781     0.00000     0.00000     0.00000     0.00000     0.00000     0.00000     0.00000     0.00000     0.00000     0.00001
   -16.26681     0.00142     0.00001     0.00001     0.00001     0.00000     0.00000     0.00000     0.00000     0.00000     0.00145
   -16.14581     0.00334     0.00002     0.00002     0.00002     0.00000     0.00000     0.00001     0.00000     0.00001     0.00342
   -16.02481     0.00749     0.00008     0.00009     0.00008     0.00001     0.00001     0.00002     0.00001     0.00002     0.00781
   -15.90381     0.03300     0.00018     0.00018     0.00017     0.00003     0.00003     0.00004     0.00003     0.00004     0.03371
   -15.78381     0.08432     0.00276     0.00276     0.00258     0.00012     0.00012     0.00080     0.00013     0.00079     0.09438
   -15.66281     0.16424     0.00881     0.00919     0.00845     0.00034     0.00034     0.00394     0.00035     0.00403     0.19971
   -15.54181     0.01501     0.00201     0.00208     0.00197     0.00005     0.00005     0.00067     0.00005     0.00068     0.02258
   -15.42081     0.04721     0.01502     0.01489     0.01405     0.00029     0.00031     0.00337     0.00029     0.00334     0.09876
   -15.29981     0.01315     0.01492     0.01541     0.01520     0.00021     0.00022     0.00400     0.00021     0.00403     0.06736
   -15.17981     0.00192     0.05435     0.05199     0.05779     0.00047     0.00039     0.03953     0.00039     0.03852     0.24534
   -15.05881     0.00095     0.01008     0.01028     0.00709     0.00021     0.00009     0.06578     0.00023     0.08011     0.17482
   -14.93781     0.00011     0.00049     0.00062     0.00064     0.00002     0.00001     0.00572     0.00002     0.00560     0.01322
   -14.81681     0.00004     0.00019     0.00021     0.00021     0.00001     0.00000     0.00182     0.00001     0.00178     0.00427
   -14.69581     0.00001     0.00005     0.00007     0.00009     0.00000     0.00000     0.00061     0.00000     0.00046     0.00130
   -14.57481     0.00001     0.00002     0.00003     0.00004     0.00000     0.00000     0.00023     0.00000     0.00015     0.00049
   -14.45481     0.00000     0.00000     0.00001     0.00000     0.00000     0.00000     0.00001     0.00000     0.00001     0.00005
   -14.33381     0.00000     0.00000     0.00000     0.00000     0.00000     0.00000     0.00001     0.00000     0.00001     0.00003
   -14.21281     0.00000     0.00000     0.00000     0.00000     0.00000     0.00000     0.00001     0.00000     0.00000     0.00002
   -14.09181     0.00000     0.00000     0.00000     0.00000     0.00000     0.00000     0.00000     0.00000     0.00000     0.00002
   -13.97081     0.00000     0.00000     0.00000     0.00000     0.00000     0.00000     0.00000     0.00000     0.00000     0.00002
   -13.85081     0.00000     0.00000     0.00000     0.00000     0.00000     0.00000     0.00000     0.00000     0.00000     0.00001
   -13.72981     0.00000     0.00000     0.00000     0.00000     0.00000     0.00000     0.00000     0.00000     0.00000     0.00001
   -13.60881     0.00000     0.00000     0.00000     0.00000     0.00000     0.00000     0.00000     0.00000     0.00000     0.00000
   -13.48781     0.00000     0.00000     0.00000     0.00000     0.00000     0.00000     0.00000     0.00000     0.00000     0.00000
   -13.36681     0.00000     0.00000     0.00000     0.00000     0.00000     0.00000     0.00000     0.00000     0.00000     0.00000
   -13.24581     0.00000     0.00000     0.00000     0.00000     0.00000     0.00000     0.00000     0.00000     0.00000     0.00000
   -13.12581     0.00000     0.00000     0.00000     0.00000     0.00000     0.00000     0.00000     0.00000     0.00000     0.00000
   -13.00481     0.00000     0.00000     0.00000     0.00000     0.00000     0.00000     0.00000     0.00000     0.00000     0.00000
   -12.88381     0.00000     0.00000     0.00000     0.00000     0.00000     0.00000     0.00000     0.00000     0.00000     0.00000
   -12.76281     0.00000     0.00000     0.00000     0.00000     0.00000     0.00000     0.00000     0.00000     0.00000     0.00000
   -12.64181     0.00000     0.00000     0.00000     0.00000     0.00000     0.00000     0.00000     0.00000     0.00000     0.00000
   -12.52181     0.00000     0.00000     0.00000     0.00000     0.00000     0.00000     0.00000     0.00000     0.00000     0.00000
   -12.40081     0.00000     0.00000     0.00000     0.00000     0.00000     0.00000     0.00000     0.00000     0.00000     0.00000
   -12.27981     0.00000     0.00000     0.00000     0.00000     0.00000     0.00000     0.00000     0.00000     0.00000     0.00000
   -12.15881     0.00000     0.00000     0.00000     0.00000     0.00000     0.00000     0.00000     0.00000     0.00000     0.00000
   -12.03781     0.00000     0.00000     0.00000     0.00000     0.00000     0.00000     0.00000     0.00000     0.00000     0.00000
   -11.91681     0.00000     0.00000     0.00000     0.00000     0.00000     0.00000     0.00000     0.00000     0.00000     0.00000
   -11.79681     0.00000     0.00000     0.00000     0.00000     0.00000     0.00000     0.00000     0.00000     0.00000     0.00000
   -11.67581     0.00000     0.00000     0.00000     0.00000     0.00000     0.00000     0.00000     0.00000     0.00000     0.00000
   -11.55481     0.00000     0.00000     0.00000     0.00000     0.00000     0.00000     0.00000     0.00000     0.00000     0.00000
   -11.43381     0.00000     0.00000     0.00000     0.00000     0.00000     0.00000     0.00000     0.00000     0.00000     0.00000
   -11.31281     0.00000     0.00000     0.00000     0.00000     0.00000     0.00000     0.00000     0.00000     0.00000     0.00000
   -11.19281     0.00000     0.00000     0.00000     0.00000     0.00000     0.00000     0.00000     0.00000     0.00000     0.00000
   -11.07181     0.00000     0.00000     0.00000     0.00000     0.00000     0.00000     0.00000     0.00000     0.00000     0.00000
   -10.95081     0.00000     0.00000     0.00000     0.00000     0.00000     0.00000     0.00000     0.00000     0.00000     0.00000
   -10.82981     0.00000     0.00000     0.00000     0.00000     0.00000     0.00000     0.00000     0.00000     0.00000     0.00000
   -10.70881     0.00000     0.00000     0.00000     0.00000     0.00000     0.00000     0.00000     0.00000     0.00000     0.00000
   -10.58781     0.00000     0.00000     0.00000     0.00000     0.00000     0.00000     0.00000     0.00000     0.00000     0.00000
   -10.46781     0.00000     0.00000     0.00000     0.00000     0.00000     0.00000     0.00000     0.00000     0.00000     0.00000
   -10.34681     0.00000     0.00000     0.00000     0.00000     0.00000     0.00000     0.00000     0.00000     0.00000     0.00000
   -10.22581     0.00000     0.00000     0.00000     0.00000     0.00000     0.00000     0.00000     0.00000     0.00000     0.00000
   -10.10481     0.00000     0.00000     0.00000     0.00000     0.00000     0.00000     0.00000     0.00000     0.00000     0.00000
    -9.98381     0.00000     0.00000     0.00000     0.00000     0.00000     0.00000     0.00000     0.00000     0.00000     0.00000
    -9.86381     0.00000     0.00000     0.00000     0.00000     0.00000     0.00000     0.00000     0.00000     0.00000     0.00000
    -9.74281     0.00000     0.00000     0.00000     0.00000     0.00000     0.00000     0.00000     0.00000     0.00000     0.00000
    -9.62181     0.00000     0.00000     0.00000     0.00000     0.00000     0.00000     0.00000     0.00000     0.00000     0.00000
    -9.50081     0.00000     0.00000     0.00000     0.00000     0.00000     0.00000     0.00000     0.00000     0.00000     0.00000
    -9.37981     0.00000     0.00000     0.00000     0.00000     0.00000     0.00000     0.00000     0.00000     0.00000     0.00000
    -9.25881     0.00000     0.00000     0.00000     0.00000     0.00000     0.00000     0.00000     0.00000     0.00000     0.00000
    -9.13881     0.00000     0.00000     0.00000     0.00000     0.00000     0.00000     0.00000     0.00000     0.00000     0.00000
    -9.01781     0.00000     0.00000     0.00000     0.00000     0.00000     0.00000     0.00000     0.00000     0.00000     0.00000
    -8.89681     0.00000     0.00000     0.00000     0.00000     0.00000     0.00000     0.00000     0.00000     0.00000     0.00000
    -8.77581     0.00000     0.00000     0.00000     0.00000     0.00000     0.00000     0.00000     0.00000     0.00000     0.00000
    -8.65481     0.00000     0.00000     0.00000     0.00000     0.00000     0.00000     0.00000     0.00000     0.00000     0.00000
    -8.53481     0.00000     0.00000     0.00000     0.00000     0.00000     0.00000     0.00000     0.00000     0.00000     0.00000
    -8.41381     0.00000     0.00000     0.00000     0.00000     0.00000     0.00000     0.00000     0.00000     0.00000     0.00000
    -8.29281     0.00000     0.00000     0.00000     0.00000     0.00000     0.00000     0.00000     0.00000     0.00000     0.00000
    -8.17181     0.00000     0.00000     0.00000     0.00000     0.00000     0.00000     0.00000     0.00000     0.00000     0.00000
    -8.05081     0.00000     0.00000     0.00000     0.00000     0.00000     0.00000     0.00000     0.00000     0.00000     0.00000
    -7.92981     0.00000     0.00000     0.00000     0.00000     0.00000     0.00000     0.00000     0.00000     0.00000     0.00000
    -7.80981     0.00000     0.00000     0.00000     0.00000     0.00000     0.00000     0.00000     0.00000     0.00000     0.00000
    -7.68881     0.00000     0.00000     0.00000     0.00000     0.00000     0.00000     0.00000     0.00000     0.00000     0.00000
    -7.56781     0.00000     0.00000     0.00000     0.00000     0.00000     0.00000     0.00000     0.00000     0.00000     0.00000
    -7.44681     0.00004     0.00000     0.00000     0.00000     0.00001     0.00001     0.00000     0.00001     0.00000     0.00008
    -7.32581     0.00020     0.00001     0.00001     0.00001     0.00006     0.00005     0.00001     0.00006     0.00001     0.00041
    -7.20581     0.00078     0.00002     0.00002     0.00002     0.00025     0.00022     0.00004     0.00026     0.00004     0.00165
    -7.08481     0.00115     0.00004     0.00004     0.00004     0.00039     0.00035     0.00009     0.00041     0.00009     0.00260
    -6.96381     0.00104     0.00004     0.00004     0.00004     0.00039     0.00035     0.00013     0.00040     0.00012     0.00257
    -6.84281     0.00103     0.00005     0.00005     0.00005     0.00043     0.00040     0.00017     0.00045     0.00017     0.00281
    -6.72181     0.00112     0.00007     0.00007     0.00007     0.00053     0.00049     0.00025     0.00055     0.00024     0.00337
    -6.60081     0.00115     0.00008     0.00008     0.00008     0.00060     0.00056     0.00031     0.00062     0.00030     0.00379
    -6.48081     0.00167     0.00013     0.00013     0.00012     0.00096     0.00093     0.00047     0.00101     0.00046     0.00590
    -6.35981     0.00133     0.00013     0.00013     0.00012     0.00087     0.00084     0.00048     0.00091     0.00046     0.00527
    -6.23881     0.00130     0.00013     0.00013     0.00013     0.00093     0.00093     0.00050     0.00097     0.00049     0.00552
    -6.11781     0.00801     0.00015     0.00015     0.00014     0.00243     0.00241     0.00055     0.00247     0.00054     0.01686
    -5.99681     0.04056     0.00024     0.00024     0.00023     0.01071     0.01086     0.00085     0.01078     0.00092     0.07540
    -5.87581     0.66470     0.00158     0.00159     0.00149     0.23940     0.25020     0.00618     0.23830     0.00779     1.41124
    -5.75581     0.26290     0.00153     0.00155     0.00146     0.10122     0.10496     0.00451     0.10181     0.00467     0.58461
    -5.63481     0.07538     0.00099     0.00102     0.00095     0.05732     0.05807     0.00256     0.05988     0.00259     0.25876
    -5.51381     0.25160     0.00185     0.00191     0.00178     0.19724     0.19222     0.00740     0.19910     0.00746     0.86056
    -5.39281     0.18735     0.00566     0.00577     0.00540     0.19184     0.19104     0.01109     0.19412     0.01107     0.80333
    -5.27181     0.02695     0.03265     0.03278     0.03087     0.56690     0.57990     0.03951     0.55830     0.03348     1.90134
    -5.15181     0.03707     0.05546     0.06163     0.05602     0.93420     0.98660     0.07801     0.96050     0.07656     3.24605
    -5.03081     0.04092     0.11788     0.11870     0.11379     1.24200     1.27140     0.21520     1.23100     0.23190     4.58279
    -4.90981     0.02409     0.04697     0.04661     0.04757     0.44070     0.40630     0.11343     0.44800     0.11416     1.68783
    -4.78881     0.00974     0.03084     0.03059     0.03064     0.27590     0.26570     0.10680     0.27540     0.10500     1.13060
    -4.66781     0.00390     0.03937     0.03955     0.04104     0.13677     0.14140     0.24950     0.13977     0.23840     1.02971
    -4.54681     0.02537     0.03546     0.03595     0.03759     0.15964     0.16875     0.36930     0.16242     0.35310     1.34758
    -4.42681     0.01623     0.04937     0.05109     0.05633     0.23400     0.24570     0.45460     0.23450     0.45200     1.79383
    -4.30581     0.05849     0.02318     0.02289     0.02360     0.25260     0.26070     0.41930     0.25470     0.42680     1.74226
    -4.18481     0.05722     0.01175     0.01162     0.01148     0.23660     0.23370     0.18386     0.24060     0.18391     1.17074
    -4.06381     0.16459     0.01502     0.01513     0.01454     0.64170     0.62080     0.21000     0.65320     0.21260     2.54759
    -3.94281     0.09410     0.01863     0.01870     0.01840     1.42120     1.40470     0.31000     1.45270     0.35280     5.09122
    -3.82281     0.14830     0.00888     0.00889     0.00855     1.57010     1.55040     0.51570     1.58290     0.52030     5.91401
    -3.70181     0.04299     0.02143     0.02139     0.02030     0.69150     0.68130     0.92560     0.69420     0.93660     4.03531
    -3.58081     0.00510     0.01346     0.01339     0.01347     0.22140     0.22720     0.21520     0.22280     0.21510     1.14712
    -3.45981     0.00172     0.01920     0.01926     0.01923     0.27930     0.27950     0.09116     0.27590     0.09213     1.07740
    -3.33881     0.00926     0.04783     0.04720     0.04424     0.45470     0.43230     0.09834     0.48490     0.10001     1.71878
    -3.21781     0.00226     0.02421     0.02278     0.02275     0.18949     0.17366     0.03385     0.17757     0.03299     0.67956
    -3.09781     0.00301     0.06096     0.06121     0.05854     0.29580     0.29810     0.05015     0.29420     0.05050     1.17247
    -2.97681     0.00267     0.08237     0.08009     0.08126     0.31980     0.32650     0.06607     0.31530     0.06545     1.33951
    -2.85581     0.00119     0.07924     0.08806     0.08255     0.37220     0.41470     0.05825     0.41050     0.06390     1.57059
    -2.73481     0.00304     0.05670     0.05359     0.05906     0.32570     0.29800     0.03025     0.31550     0.03145     1.17329
    -2.61381     0.00131     0.10527     0.10137     0.07841     1.59030     3.43000     0.05176     1.46310     0.07980     6.90132
    -2.49381     0.00039     0.00574     0.00616     0.00569     0.06311     0.06763     0.01618     0.06331     0.01625     0.24447
    -2.37281     0.00068     0.00988     0.00976     0.01145     0.10927     0.12719     0.04578     0.11738     0.05499     0.48637
    -2.25181     0.00278     0.01416     0.01470     0.01524     0.69440     0.65960     0.03073     0.65500     0.03535     2.12197
    -2.13081     0.00294     0.02170     0.02580     0.02873     0.44010     0.44840     0.18975     0.86340     0.40870     2.42952
    -2.00981     0.00163     0.00846     0.00989     0.00865     0.16403     0.15016     0.02860     0.13855     0.02040     0.53037
    -1.88881     0.00087     0.01653     0.01569     0.01184     0.13562     0.20320     0.00995     0.16812     0.00964     0.57146
    -1.76881     0.00031     0.00194     0.00175     0.00197     0.01649     0.01953     0.00265     0.02007     0.00219     0.06690
    -1.64781     0.00023     0.00060     0.00059     0.00063     0.00417     0.00491     0.00184     0.00505     0.00147     0.01950
    -1.52681     0.00020     0.00024     0.00026     0.00028     0.00099     0.00115     0.00162     0.00130     0.00129     0.00730
    -1.40581     0.00016     0.00016     0.00017     0.00018     0.00041     0.00047     0.00144     0.00050     0.00116     0.00466
    -1.28481     0.00006     0.00006     0.00007     0.00007     0.00014     0.00015     0.00085     0.00017     0.00081     0.00237
    -1.16481     0.00033     0.00026     0.00030     0.00026     0.00042     0.00041     0.00354     0.00053     0.00315     0.00919
    -1.04381     0.00008     0.00006     0.00007     0.00007     0.00010     0.00010     0.00129     0.00012     0.00115     0.00305
    -0.92281     0.00006     0.00005     0.00005     0.00005     0.00007     0.00007     0.00119     0.00009     0.00110     0.00274
    -0.80181     0.00004     0.00003     0.00004     0.00004     0.00005     0.00005     0.00127     0.00007     0.00119     0.00278
    -0.68081     0.00004     0.00003     0.00003     0.00003     0.00004     0.00003     0.00144     0.00006     0.00137     0.00305
    -0.55981     0.00003     0.00002     0.00002     0.00002     0.00003     0.00002     0.00176     0.00005     0.00168     0.00363
    -0.43981     0.00002     0.00002     0.00002     0.00002     0.00003     0.00002     0.00216     0.00005     0.00205     0.00437
    -0.31881     0.00002     0.00002     0.00002     0.00002     0.00008     0.00005     0.01322     0.00011     0.01242     0.02595
    -0.19781     0.00001     0.00002     0.00002     0.00002     0.00013     0.00009     0.02238     0.00016     0.02101     0.04383
    -0.07681     0.00001     0.00002     0.00002     0.00002     0.00021     0.00014     0.03704     0.00025     0.03481     0.07252
     0.04419     0.00192     0.00222     0.00203     0.00056     0.02366     0.03963     6.20200     0.02539    11.89200    18.18941
     0.16419     0.00012     0.00079     0.00080     0.00085     0.00417     0.00244     0.49600     0.00448     0.56220     1.07185
     0.28519     0.00232     0.00241     0.00239     0.00243     0.02536     0.01909     3.98200     0.02685     3.84100     7.90385
     0.40619     0.00000     0.00000     0.00000     0.00000     0.00000     0.00000     0.00000     0.00000     0.00000     0.00000
     0.52719     0.00000     0.00000     0.00000     0.00000     0.00000     0.00000     0.00000     0.00000     0.00000     0.00000
     0.64819     0.00001     0.00001     0.00000     0.00000     0.00001     0.00001     0.00057     0.00001     0.00077     0.00138
     0.76919     0.00001     0.00001     0.00000     0.00000     0.00001     0.00001     0.00051     0.00001     0.00069     0.00125
     0.88919     0.00001     0.00001     0.00000     0.00000     0.00001     0.00001     0.00045     0.00001     0.00061     0.00111
     1.01019     0.00001     0.00001     0.00001     0.00001     0.00001     0.00001     0.00039     0.00001     0.00052     0.00098
     1.13119     0.00001     0.00001     0.00001     0.00001     0.00001     0.00001     0.00026     0.00001     0.00034     0.00068
     1.25219     0.00002     0.00001     0.00001     0.00001     0.00001     0.00001     0.00024     0.00002     0.00031     0.00063
     1.37319     0.00002     0.00002     0.00001     0.00001     0.00001     0.00001     0.00023     0.00002     0.00029     0.00064
     1.49319     0.00004     0.00002     0.00002     0.00001     0.00002     0.00001     0.00021     0.00002     0.00026     0.00061
     1.61419     0.00007     0.00003     0.00002     0.00002     0.00002     0.00002     0.00026     0.00003     0.00030     0.00078
     1.73519     0.00011     0.00003     0.00003     0.00003     0.00002     0.00002     0.00027     0.00003     0.00028     0.00082
     1.85619     0.00009     0.00002     0.00002     0.00002     0.00001     0.00001     0.00016     0.00002     0.00015     0.00051
     1.97719     0.00034     0.00008     0.00007     0.00006     0.00004     0.00004     0.00039     0.00006     0.00040     0.00148
     2.09819     0.00073     0.00015     0.00013     0.00010     0.00006     0.00007     0.00062     0.00011     0.00057     0.00254
     2.21819     0.00039     0.00007     0.00006     0.00005     0.00003     0.00003     0.00029     0.00005     0.00025     0.00123
     2.33919     0.00035     0.00007     0.00006     0.00004     0.00003     0.00003     0.00025     0.00005     0.00021     0.00109
     2.46019     0.00038     0.00007     0.00006     0.00005     0.00003     0.00003     0.00024     0.00005     0.00021     0.00113
     2.58119     0.00023     0.00004     0.00004     0.00003     0.00002     0.00002     0.00014     0.00003     0.00012     0.00068
     2.70219     0.00024     0.00004     0.00004     0.00003     0.00002     0.00002     0.00013     0.00003     0.00011     0.00067
     2.82219     0.00026     0.00004     0.00004     0.00003     0.00002     0.00002     0.00012     0.00004     0.00011     0.00067
     2.94319     0.00031     0.00005     0.00005     0.00003     0.00002     0.00003     0.00012     0.00004     0.00011     0.00077
     3.06419     0.00026     0.00004     0.00004     0.00003     0.00002     0.00002     0.00009     0.00003     0.00007     0.00061
     3.18519     0.00026     0.00004     0.00004     0.00003     0.00002     0.00002     0.00008     0.00003     0.00006     0.00058
     3.30619     0.00028     0.00004     0.00004     0.00003     0.00002     0.00002     0.00007     0.00003     0.00006     0.00058
     3.42719     0.00536     0.00005     0.00005     0.00004     0.00003     0.00003     0.00006     0.00004     0.00005     0.00572
     3.54719     0.00624     0.00006     0.00006     0.00005     0.00004     0.00004     0.00006     0.00005     0.00005     0.00664
     3.66819     0.00978     0.00007     0.00007     0.00006     0.00004     0.00004     0.00005     0.00005     0.00004     0.01020
     3.78919     0.01730     0.00014     0.00014     0.00012     0.00006     0.00006     0.00005     0.00007     0.00004     0.01799
     3.91019     0.01542     0.00019     0.00019     0.00017     0.00005     0.00005     0.00005     0.00006     0.00005     0.01623
     4.03119     0.05032     0.00069     0.00070     0.00064     0.00011     0.00011     0.00019     0.00013     0.00018     0.05307
     4.15119     0.04352     0.00075     0.00075     0.00075     0.00028     0.00026     0.00021     0.00029     0.00021     0.04702
     4.27219     0.06175     0.00103     0.00102     0.00099     0.00039     0.00039     0.00043     0.00041     0.00042     0.06682
     4.39319     0.05885     0.00106     0.00105     0.00101     0.00038     0.00039     0.00045     0.00039     0.00045     0.06403
     4.51419     0.07803     0.00147     0.00147     0.00140     0.00056     0.00059     0.00062     0.00058     0.00061     0.08533
     4.63519     0.14121     0.00218     0.00211     0.00202     0.00104     0.00108     0.00081     0.00104     0.00080     0.15229
     4.75619     0.34230     0.00632     0.00647     0.00604     0.00237     0.00253     0.00120     0.00248     0.00120     0.37090
     4.87619     0.51160     0.01140     0.01138     0.01118     0.00356     0.00359     0.00152     0.00356     0.00156     0.55934
     4.99719     0.82450     0.02079     0.02090     0.02075     0.00688     0.00677     0.00283     0.00701     0.00287     0.91331
     5.11819     0.61210     0.02072     0.02096     0.02143     0.00846     0.00798     0.00241     0.00863     0.00241     0.70509
     5.23919     0.27650     0.02648     0.02675     0.02851     0.00605     0.00583     0.00198     0.00615     0.00195     0.38020
     5.36019     0.31260     0.04890     0.04624     0.04900     0.00885     0.00942     0.00273     0.00931     0.00265     0.48971
     5.48019     0.30180     0.05998     0.05975     0.06046     0.01072     0.01092     0.00246     0.01071     0.00236     0.51916
     5.60119     0.23270     0.08519     0.08403     0.08267     0.00840     0.00851     0.00317     0.00837     0.00309     0.51613
     5.72219     0.13132     0.09154     0.09050     0.09108     0.00948     0.00976     0.00594     0.00935     0.00574     0.44471
     5.84319     0.07380     0.08165     0.08193     0.08366     0.00592     0.00631     0.00517     0.00587     0.00501     0.34933
     5.96419     0.03940     0.05001     0.04936     0.05045     0.00497     0.00521     0.00411     0.00501     0.00403     0.21254
     6.08519     0.12207     0.09059     0.09329     0.08887     0.01049     0.01070     0.00893     0.01028     0.00866     0.44388
     6.20519     0.09402     0.10384     0.10475     0.10427     0.01016     0.01042     0.00797     0.01013     0.00770     0.45326
     6.32619     0.02832     0.06871     0.06559     0.07026     0.00587     0.00646     0.00421     0.00615     0.00412     0.25969
     6.44719     0.03166     0.08693     0.08876     0.09111     0.00857     0.00880     0.00799     0.00864     0.00791     0.34037
     6.56819     0.03673     0.10528     0.10272     0.10472     0.02295     0.02117     0.00670     0.02164     0.00691     0.42882
     6.68919     0.01850     0.08327     0.08161     0.08129     0.03651     0.03762     0.00475     0.03681     0.00492     0.38528
     6.80919     0.01749     0.07677     0.07850     0.07720     0.03744     0.03758     0.00499     0.03791     0.00519     0.37307
     6.93019     0.02727     0.06828     0.06684     0.06899     0.02719     0.02916     0.00352     0.02882     0.00361     0.32368
     7.05119     0.01269     0.03862     0.04026     0.03971     0.02873     0.02762     0.00288     0.02734     0.00290     0.22076
     7.17219     0.04085     0.08416     0.08564     0.08626     0.04089     0.04158     0.00450     0.04102     0.00451     0.42940
     7.29319     0.02690     0.07278     0.07417     0.07626     0.06059     0.06135     0.00627     0.06125     0.00665     0.44621
     7.41419     0.03885     0.06786     0.06730     0.06617     0.06607     0.06385     0.00669     0.06484     0.00666     0.44829
     7.53419     0.03925     0.09927     0.09710     0.09244     0.04596     0.04505     0.00682     0.04530     0.00692     0.47810
     7.65519     0.03578     0.09061     0.09022     0.08610     0.05012     0.04856     0.00768     0.04794     0.00777     0.46477
     7.77619     0.05119     0.09499     0.09619     0.09911     0.05590     0.05389     0.00796     0.05832     0.00842     0.52597
     7.89719     0.06425     0.12398     0.12104     0.12535     0.07075     0.06355     0.00859     0.06533     0.00877     0.65161
     8.01819     0.04408     0.13358     0.12970     0.13524     0.06342     0.06493     0.01261     0.06342     0.01285     0.65983
     8.13819     0.03000     0.12206     0.12195     0.12213     0.05875     0.05783     0.01051     0.05771     0.01054     0.59148
     8.25919     0.03130     0.15939     0.15935     0.15718     0.03963     0.04072     0.00886     0.03950     0.00884     0.64478
     8.38019     0.03456     0.18436     0.18243     0.17733     0.04548     0.04513     0.01002     0.04458     0.00956     0.73345
     8.50119     0.01658     0.08003     0.08163     0.07922     0.03102     0.03149     0.00590     0.03181     0.00557     0.36326
     8.62219     0.05098     0.19114     0.18241     0.18524     0.07489     0.07655     0.01128     0.08326     0.01089     0.86664
     8.74319     0.03584     0.12517     0.12646     0.11814     0.03851     0.04229     0.01199     0.04217     0.01220     0.55277
     8.86319     0.06183     0.17634     0.16365     0.17788     0.04824     0.04861     0.01210     0.04641     0.01204     0.74710
     8.98419     0.03452     0.07311     0.07183     0.07105     0.04431     0.04274     0.00934     0.04350     0.00928     0.39968
     9.10519     0.04573     0.05488     0.05457     0.05531     0.04475     0.04530     0.00899     0.04632     0.00903     0.36488
     9.22619     0.03747     0.08567     0.08588     0.08387     0.06716     0.06496     0.01379     0.06908     0.01443     0.52232
     9.34719     0.03281     0.09466     0.09324     0.09096     0.06110     0.06295     0.01063     0.05586     0.01097     0.51317
     9.46719     0.04866     0.14311     0.14577     0.13882     0.07158     0.06994     0.02140     0.06942     0.02184     0.73054
     9.58819     0.01481     0.07476     0.07166     0.07106     0.04205     0.04156     0.00892     0.04478     0.00911     0.37871
     9.70919     0.02137     0.05454     0.05433     0.05353     0.06143     0.06100     0.00805     0.06083     0.00793     0.38301
     9.83019     0.01989     0.06015     0.06044     0.06426     0.05027     0.04590     0.00636     0.04802     0.00600     0.36130
     9.95119     0.01931     0.02776     0.02874     0.02935     0.03034     0.03084     0.00402     0.03088     0.00402     0.20526
    10.07219     0.02676     0.05234     0.05207     0.05298     0.05750     0.06368     0.01027     0.06721     0.01025     0.39306
    10.19219     0.01913     0.03753     0.03706     0.03889     0.04842     0.05197     0.00915     0.05313     0.00910     0.30438
    10.31319     0.02238     0.03953     0.03786     0.04000     0.03383     0.03756     0.01225     0.03669     0.01232     0.27242
    10.43419     0.01345     0.03887     0.03806     0.03826     0.04087     0.04131     0.00865     0.04283     0.00798     0.27029
    10.55519     0.00850     0.02854     0.02783     0.02828     0.01810     0.02060     0.00455     0.01867     0.00430     0.15937
    10.67619     0.01802     0.04181     0.03875     0.04335     0.02874     0.03423     0.01366     0.03134     0.01243     0.26233
    10.79719     0.01275     0.03930     0.03912     0.04039     0.02371     0.02335     0.01164     0.02353     0.01053     0.22432
    10.91719     0.01252     0.03711     0.03919     0.04217     0.02479     0.02425     0.01262     0.02422     0.01187     0.22873
    11.03819     0.01495     0.03599     0.03697     0.03963     0.02735     0.02489     0.01281     0.02300     0.01072     0.22630
    11.15919     0.01370     0.04629     0.04519     0.04892     0.03078     0.03062     0.01271     0.03168     0.01205     0.27194
    11.28019     0.01402     0.04336     0.04402     0.04355     0.02487     0.02350     0.01627     0.02564     0.01452     0.24975
    11.40119     0.01296     0.03714     0.03745     0.03838     0.03098     0.03114     0.01648     0.03109     0.01721     0.25283
    11.52119     0.01526     0.03761     0.03690     0.03936     0.02477     0.02616     0.01700     0.02387     0.01646     0.23739
    11.64219     0.00985     0.03205     0.03269     0.03293     0.02085     0.02016     0.01450     0.01951     0.01527     0.19780
    11.76319     0.00711     0.03698     0.03666     0.03875     0.01709     0.01592     0.01579     0.01709     0.01629     0.20169
    11.88419     0.00733     0.03930     0.03977     0.04127     0.01826     0.01644     0.02131     0.01641     0.02011     0.22021
    12.00519     0.01117     0.05262     0.05926     0.05850     0.02781     0.02690     0.03005     0.02722     0.03114     0.32467
    12.12619     0.01318     0.06634     0.07692     0.07525     0.03830     0.03590     0.03021     0.03438     0.03217     0.40265
    12.24619     0.00857     0.05380     0.05214     0.05249     0.02755     0.02813     0.02780     0.02872     0.02841     0.30761
    12.36719     0.01049     0.04681     0.04419     0.04640     0.02927     0.02687     0.02972     0.03014     0.02552     0.28941
    12.48819     0.01016     0.04913     0.05257     0.05068     0.03361     0.03157     0.01979     0.03433     0.01984     0.30168
    12.60919     0.00725     0.03900     0.03824     0.04006     0.02526     0.02549     0.02002     0.02442     0.02107     0.24082
    12.73019     0.00908     0.03722     0.03478     0.03685     0.02330     0.02341     0.01408     0.02277     0.01405     0.21554
    12.85019     0.01233     0.03845     0.04178     0.04020     0.03180     0.03014     0.01495     0.02955     0.01455     0.25376
    12.97119     0.01022     0.03649     0.03708     0.03939     0.03270     0.03359     0.01662     0.03494     0.01797     0.25899
    13.09219     0.00829     0.03207     0.02969     0.03274     0.03071     0.02681     0.01393     0.02586     0.01447     0.21458
    13.21319     0.01039     0.03072     0.03149     0.02994     0.02866     0.02779     0.01414     0.02635     0.01455     0.21402
    13.33419     0.01226     0.03690     0.03491     0.03515     0.03548     0.02632     0.01709     0.02972     0.01665     0.24448
    13.45519     0.01201     0.02472     0.02746     0.02321     0.02374     0.02558     0.01340     0.02948     0.01314     0.19273
    13.57519     0.00106     0.00455     0.00495     0.00436     0.00377     0.00404     0.00152     0.00394     0.00189     0.03008
    13.69619     0.00000     0.00000     0.00000     0.00000     0.00000     0.00000     0.00000     0.00000     0.00000     0.00000
    13.81719     0.00000     0.00000     0.00000     0.00000     0.00000     0.00000     0.00000     0.00000     0.00000     0.00000
    13.93819     0.00000     0.00000     0.00000     0.00000     0.00000     0.00000     0.00000     0.00000     0.00000     0.00000
    14.05919     0.00000     0.00000     0.00000     0.00000     0.00000     0.00000     0.00000     0.00000     0.00000     0.00000
    14.17919     0.00000     0.00000     0.00000     0.00000     0.00000     0.00000     0.00000     0.00000     0.00000     0.00000
    14.30019     0.00000     0.00000     0.00000     0.00000     0.00000     0.00000     0.00000     0.00000     0.00000     0.00000
    14.42119     0.00000     0.00000     0.00000     0.00000     0.00000     0.00000     0.00000     0.00000     0.00000     0.00000
    14.54219     0.00000     0.00000     0.00000     0.00000     0.00000     0.00000     0.00000     0.00000     0.00000     0.00000
    14.66319     0.00000     0.00000     0.00000     0.00000     0.00000     0.00000     0.00000     0.00000     0.00000     0.00000
    14.78419     0.00000     0.00000     0.00000     0.00000     0.00000     0.00000     0.00000     0.00000     0.00000     0.00000
    14.90419     0.00000     0.00000     0.00000     0.00000     0.00000     0.00000     0.00000     0.00000     0.00000     0.00000
    15.02519     0.00000     0.00000     0.00000     0.00000     0.00000     0.00000     0.00000     0.00000     0.00000     0.00000
    15.14619     0.00000     0.00000     0.00000     0.00000     0.00000     0.00000     0.00000     0.00000     0.00000     0.00000
    15.26719     0.00000     0.00000     0.00000     0.00000     0.00000     0.00000     0.00000     0.00000     0.00000     0.00000
    15.38819     0.00000     0.00000     0.00000     0.00000     0.00000     0.00000     0.00000     0.00000     0.00000     0.00000
