      #Energy        TDOS-UP        TDOS-DOWN
     -20.85781       0.00000       0.00000
     -20.73681       0.00000       0.00000
     -20.61581       0.00000       0.00000
     -20.49581       0.00000       0.00000
     -20.37481       0.00000       0.00000
     -20.25381       0.00000       0.00000
     -20.13281       0.00000       0.00000
     -20.01181       0.00000       0.00000
     -19.89081       0.00000       0.00000
     -19.77081       0.00000       0.00000
     -19.64981       0.00000       0.00000
     -19.52881       0.00000       0.00000
     -19.40781       0.00000       0.00000
     -19.28681       0.00000       0.00000
     -19.16681       1.04500      -1.06300
     -19.04581       1.05200      -1.05100
     -18.92481       1.05800      -1.05800
     -18.80381       1.06700      -1.06600
     -18.68281       1.09600      -1.09700
     -18.56181       1.07500      -1.07600
     -18.44181       1.15000      -1.14000
     -18.32081       0.68290      -0.69590
     -18.19981       1.15200      -1.19800
     -18.07881       0.99350      -0.99690
     -17.95781       1.68800      -1.72500
     -17.83781       0.98980      -0.99040
     -17.71681       1.01700      -1.01600
     -17.59581       1.17300      -1.17800
     -17.47481       1.02700      -1.02700
     -17.35381       1.03000      -1.03100
     -17.23281       1.17300      -1.17000
     -17.11281       1.14000      -1.14100
     -16.99181       1.04600      -1.04700
     -16.87081       1.05800      -1.05800
     -16.74981       1.18300      -1.18300
     -16.62881       1.12300      -1.12200
     -16.50881       1.13100      -1.13200
     -16.38781       1.16800      -1.16900
     -16.26681       1.09400      -1.11400
     -16.14581       1.12100      -1.19000
     -16.02481       1.31200      -1.39400
     -15.90381       1.94800      -3.36400
     -15.78381       4.10400      -5.33100
     -15.66281       7.02100      -3.25100
     -15.54181       1.79700      -8.63800
     -15.42081       5.84000      -6.18300
     -15.29981       4.98800     -19.86000
     -15.17981      15.32000     -16.42000
     -15.05881      10.18000      -1.98300
     -14.93781       1.84500      -1.45600
     -14.81681       1.30500      -1.19600
     -14.69581       1.12000      -1.09500
     -14.57481       1.07900      -1.06900
     -14.45481       1.22000      -1.22100
     -14.33381       1.27100      -1.27300
     -14.21281       1.30500      -1.30600
     -14.09181       1.40000      -1.42500
     -13.97081       1.74300      -1.75000
     -13.85081       1.70200      -1.69100
     -13.72981       0.79420      -0.78350
     -13.60881       0.48770      -0.48930
     -13.48781       0.78820      -0.79190
     -13.36681       0.77330      -0.76700
     -13.24581       0.58440      -0.58210
     -13.12581       0.50870      -0.50690
     -13.00481       0.41900      -0.41720
     -12.88381       0.34410      -0.34420
     -12.76281       1.07700      -1.07800
     -12.64181       1.17100      -1.17500
     -12.52181       1.32800      -1.32500
     -12.40081       0.87810      -0.87560
     -12.27981       1.18500      -1.18800
     -12.15881       1.30200      -1.30500
     -12.03781       1.76000      -1.75600
     -11.91681       1.14300      -1.13400
     -11.79681       1.02300      -1.02600
     -11.67581       1.69000      -1.67100
     -11.55481       1.35600      -1.35300
     -11.43381       1.12600      -1.12400
     -11.31281       1.04000      -1.04000
     -11.19281       1.15700      -1.15800
     -11.07181       1.12100      -1.12100
     -10.95081       1.15200      -1.14700
     -10.82981       0.96810      -0.96700
     -10.70881       1.00500      -1.00600
     -10.58781       0.92450      -0.92290
     -10.46781       0.85240      -0.85440
     -10.34681       1.17500      -1.18100
     -10.22581       0.89740      -0.89670
     -10.10481       1.58200      -1.56900
      -9.98381       1.18800      -1.18400
      -9.86381       1.02600      -1.02400
      -9.74281       0.99270      -1.00600
      -9.62181       1.23600      -1.24200
      -9.50081       1.45600      -1.45000
      -9.37981       1.35500      -1.35600
      -9.25881       1.79000      -1.78000
      -9.13881       1.25600      -1.25100
      -9.01781       0.93830      -0.94000
      -8.89681       1.50900      -1.52000
      -8.77581       0.83970      -0.84010
      -8.65481       1.61900      -1.63600
      -8.53481       1.71300      -1.72400
      -8.41381       1.42700      -1.42200
      -8.29281       1.11400      -1.12000
      -8.17181       0.95060      -0.96610
      -8.05081       1.80100      -1.81000
      -7.92981       1.75500      -1.75500
      -7.80981       1.42800      -1.42900
      -7.68881       1.53300      -1.53400
      -7.56781       1.57100      -1.57000
      -7.44681       1.60900      -1.60800
      -7.32581       1.91200      -1.91400
      -7.20581       1.91700      -1.90600
      -7.08481       2.61400      -2.61500
      -6.96381       2.29900      -2.30400
      -6.84281       2.69400      -2.69300
      -6.72181       2.55500      -2.54800
      -6.60081       2.70200      -2.69700
      -6.48081       3.28600      -3.28000
      -6.35981       3.46100      -3.46600
      -6.23881       2.80100      -2.78800
      -6.11781       3.92300      -3.94000
      -5.99681       3.42500      -3.16900
      -5.87581       8.31600      -3.40400
      -5.75581       6.37000      -3.52600
      -5.63481       3.58000      -3.66300
      -5.51381       5.09200     -10.26000
      -5.39281       4.92200      -3.87300
      -5.27181       7.43000      -4.13500
      -5.15181       9.73000      -4.73400
      -5.03081      15.79000      -9.41500
      -4.90981       6.21500      -4.00000
      -4.78881       4.77500      -3.36100
      -4.66781       5.71800      -7.73000
      -4.54681       6.25200      -6.05000
      -4.42681       7.08900     -11.39000
      -4.30581       5.85400      -5.18600
      -4.18481       4.95500      -6.56000
      -4.06381       7.86800     -16.12000
      -3.94281       9.61100      -5.27900
      -3.82281      11.08000      -4.95400
      -3.70181      11.65000      -9.62100
      -3.58081       3.85300      -4.99600
      -3.45981       3.61500      -4.18100
      -3.33881       5.03800      -5.87100
      -3.21781       3.35900      -7.08100
      -3.09781       5.60100      -8.48800
      -2.97681       8.28400      -6.86800
      -2.85581       8.33000     -12.61000
      -2.73481       8.27800     -10.35000
      -2.61381      23.66000      -6.22600
      -2.49381       2.79900      -7.32100
      -2.37281       6.40800     -11.68000
      -2.25181      12.28000      -7.92500
      -2.13081      30.71000      -7.87600
      -2.00981       6.18200      -3.11200
      -1.88881       6.59800      -2.18800
      -1.76881       1.95100      -1.43000
      -1.64781       1.32300      -1.21400
      -1.52681       1.12500      -1.10700
      -1.40581       0.99570      -0.98200
      -1.28481       0.50440      -0.50430
      -1.16481       2.46300      -1.50200
      -1.04381       0.70300      -0.69610
      -0.92281       0.57320      -0.56730
      -0.80181       0.48510      -0.48180
      -0.68081       0.43660      -0.43300
      -0.55981       0.36660      -0.36230
      -0.43981       0.32420      -0.32010
      -0.31881       0.29260      -0.26670
      -0.19781       0.24260      -0.20700
      -0.07681       0.22290      -0.17520
       0.04419      31.02000      -0.14790
       0.16419       1.92200       0.00000
       0.28519      14.60000       0.00000
       0.40619       0.00000       0.00000
       0.52719       0.00000       0.00000
       0.64819       0.15330      -0.15540
       0.76919       0.18190      -0.18380
       0.88919       0.21770      -0.22440
       1.01019       0.28980      -0.29670
       1.13119       0.34650      -0.35080
       1.25219       0.41770      -0.43150
       1.37319       0.50640      -0.53000
       1.49319       0.59600      -0.69930
       1.61419       0.82800      -1.08700
       1.73519       0.94080     -16.80000
       1.85619       0.63480      -6.81200
       1.97719       1.78700     -22.76000
       2.09819       2.87600     -12.35000
       2.21819       1.52700     -11.15000
       2.33919       1.42300     -17.15000
       2.46019       1.55600     -17.48000
       2.58119       1.07300      -1.42500
       2.70219       1.06200      -1.15600
       2.82219       1.07700      -1.12000
       2.94319       1.21200      -1.23300
       3.06419       0.98240      -0.98600
       3.18519       0.91490      -0.91710
       3.30619       0.89650      -0.90000
       3.42719       0.92160      -0.87190
       3.54719       0.99690      -0.97390
       3.66819       0.87390      -0.99050
       3.78919       1.07300      -0.93720
       3.91019       0.87420      -0.91420
       4.03119       1.97800      -2.35500
       4.15119       1.90900      -1.33100
       4.27219       2.16700      -1.87200
       4.39319       1.84300      -1.77000
       4.51419       2.19000      -2.06300
       4.63519       2.47300      -2.11200
       4.75619       3.30800      -2.30100
       4.87619       4.94800      -2.71100
       4.99719       5.92100      -2.82000
       5.11819       5.10500      -2.98500
       5.23919       4.32800      -4.78100
       5.36019       5.77200      -7.33400
       5.48019       6.58700      -6.96600
       5.60119       6.21200      -7.55600
       5.72219       7.75800      -7.77500
       5.84319       6.26500      -4.44300
       5.96419       4.95700      -7.92400
       6.08519       7.91400      -5.03600
       6.20519       9.21000      -7.96100
       6.32619       4.79300      -9.54600
       6.44719       6.50400      -8.85200
       6.56819       8.16000      -3.51400
       6.68919       7.60900     -24.10000
       6.80919       7.60500      -8.83600
       6.93019       7.06100      -6.89000
       7.05119       5.18000      -5.10500
       7.17219       7.51700      -6.26700
       7.29319       8.77800      -4.96600
       7.41419       9.05300      -6.90700
       7.53419       9.00500      -6.27000
       7.65519       9.53600      -7.85500
       7.77619      12.00000     -12.46000
       7.89719      13.02000      -9.66900
       8.01819      15.03000     -13.05000
       8.13819      14.72000     -15.34000
       8.25919      12.85000     -17.23000
       8.38019      12.72000     -10.44000
       8.50119      10.28000     -16.01000
       8.62219      21.01000     -13.17000
       8.74319      14.98000     -13.33000
       8.86319      16.60000     -14.44000
       8.98419      11.82000     -13.57000
       9.10519      11.54000     -11.01000
       9.22619      15.68000     -12.43000
       9.34719      13.71000     -16.65000
       9.46719      18.84000     -13.57000
       9.58819      10.75000     -14.19000
       9.70919      11.77000     -12.84000
       9.83019      10.03000     -13.84000
       9.95119       6.61200      -9.82000
      10.07219      13.97000     -13.68000
      10.19219      11.77000     -12.36000
      10.31319      11.74000     -11.17000
      10.43419      11.82000     -11.78000
      10.55519       7.83000     -10.19000
      10.67619      12.33000     -10.40000
      10.79719      10.57000     -10.92000
      10.91719      12.70000     -14.63000
      11.03819      11.56000      -9.73200
      11.15919      12.64000     -11.51000
      11.28019      12.71000     -11.55000
      11.40119      12.57000     -10.78000
      11.52119      12.78000     -11.84000
      11.64219      11.61000     -13.43000
      11.76319      10.93000     -12.84000
      11.88419       9.98900     -10.01000
      12.00519      12.43000     -11.96000
      12.12619      13.74000     -12.88000
      12.24619      11.79000     -11.75000
      12.36719      13.58000     -12.88000
      12.48819      12.97000     -14.17000
      12.60919      10.29000     -12.83000
      12.73019       9.95600     -12.05000
      12.85019      12.16000      -8.91900
      12.97119      13.09000     -13.47000
      13.09219      11.15000     -12.33000
      13.21319      10.38000     -11.14000
      13.33419      10.42000      -9.67500
      13.45519       8.79800      -7.59800
      13.57519       1.61400      -5.46900
      13.69619       0.00000      -0.44410
      13.81719       0.00000       0.00000
      13.93819       0.00000       0.00000
      14.05919       0.00000       0.00000
      14.17919       0.00000       0.00000
      14.30019       0.00000       0.00000
      14.42119       0.00000       0.00000
      14.54219       0.00000       0.00000
      14.66319       0.00000       0.00000
      14.78419       0.00000       0.00000
      14.90419       0.00000       0.00000
      15.02519       0.00000       0.00000
      15.14619       0.00000       0.00000
      15.26719       0.00000       0.00000
      15.38819       0.00000       0.00000
