     #Energy           s          py          pz          px         dxy         dyz         dz2         dxz         dx2       tot  
   -16.22406     0.00000     0.00000     0.00000     0.00000     0.00000     0.00000     0.00000     0.00000     0.00000     0.00000
   -16.12806     0.00000     0.00000     0.00000     0.00000     0.00000     0.00000     0.00000     0.00000     0.00000     0.00000
   -16.03106     0.00000     0.00000     0.00000     0.00000     0.00000     0.00000     0.00000     0.00000     0.00000     0.00000
   -15.93506     0.00000     0.00000     0.00000     0.00000     0.00000     0.00000     0.00000     0.00000     0.00000     0.00000
   -15.83906     0.00000     0.00000     0.00000     0.00000     0.00000     0.00000     0.00000     0.00000     0.00000     0.00000
   -15.74206     0.00000     0.00000     0.00000     0.00000     0.00000     0.00000     0.00000     0.00000     0.00000     0.00000
   -15.64606     0.00000     0.00000     0.00000     0.00000     0.00000     0.00000     0.00000     0.00000     0.00000     0.00000
   -15.55006     0.00000     0.00000     0.00000     0.00000     0.00000     0.00000     0.00000     0.00000     0.00000     0.00000
   -15.45406     0.00000     0.00000     0.00000     0.00000     0.00000     0.00000     0.00000     0.00000     0.00000     0.00000
   -15.35706     0.00000     0.00000     0.00000     0.00000     0.00000     0.00000     0.00000     0.00000     0.00000     0.00000
   -15.26106     0.00000     0.00000     0.00000     0.00000     0.00000     0.00000     0.00000     0.00000     0.00000     0.00000
   -15.16506     0.00000     0.00000     0.00000     0.00000     0.00000     0.00000     0.00000     0.00000     0.00000     0.00000
   -15.06806     0.00000     0.00000     0.00000     0.00000     0.00000     0.00000     0.00000     0.00000     0.00000     0.00000
   -14.97206     0.00000     0.00000     0.00000     0.00000     0.00000     0.00000     0.00000     0.00000     0.00000     0.00000
   -14.87606     0.00000     0.00000     0.00000     0.00000     0.00000     0.00000     0.00000     0.00000     0.00000     0.00000
   -14.78006     0.00000     0.00000     0.00000     0.00000     0.00000     0.00000     0.00000     0.00000     0.00000     0.00000
   -14.68306     0.00000     0.00000     0.00000     0.00000     0.00000     0.00000     0.00000     0.00000     0.00000     0.00000
   -14.58706     0.00000     0.00000     0.00000     0.00000     0.00000     0.00000     0.00000     0.00000     0.00000     0.00000
   -14.49106     7.54930     0.01334     0.01515     0.01425     0.00002     0.00004     0.00099     0.00002     0.00100     7.59410
   -14.39406     9.58450     0.01769     0.01955     0.01868     0.00004     0.00006     0.00128     0.00003     0.00129     9.64313
   -14.29806    10.38340     0.01962     0.02127     0.02051     0.00006     0.00009     0.00145     0.00006     0.00143    10.44789
   -14.20206     4.00550     0.00738     0.00795     0.00768     0.00004     0.00005     0.00055     0.00004     0.00055     4.02973
   -14.10606     5.16470     0.00867     0.00931     0.00901     0.00008     0.00009     0.00066     0.00007     0.00066     5.19326
   -14.00906     9.06920     0.01346     0.01441     0.01403     0.00017     0.00018     0.00105     0.00016     0.00102     9.11367
   -13.91306    28.68090     0.01822     0.01877     0.01851     0.00092     0.00101     0.00213     0.00106     0.00219    28.74370
   -13.81706    59.30400     0.04313     0.05050     0.04576     0.00202     0.00207     0.00417     0.00199     0.00435    59.45800
   -13.72006    96.76000     0.03658     0.04183     0.03920     0.00090     0.00086     0.00706     0.00069     0.00722    96.89433
   -13.62406     0.00000     0.00000     0.00000     0.00000     0.00000     0.00000     0.00000     0.00000     0.00000     0.00000
   -13.52806     0.00000     0.00000     0.00000     0.00000     0.00000     0.00000     0.00000     0.00000     0.00000     0.00000
   -13.43206     0.00000     0.00000     0.00000     0.00000     0.00000     0.00000     0.00000     0.00000     0.00000     0.00000
   -13.33506     0.00000     0.00000     0.00000     0.00000     0.00000     0.00000     0.00000     0.00000     0.00000     0.00000
   -13.23906     0.00000     0.00000     0.00000     0.00000     0.00000     0.00000     0.00000     0.00000     0.00000     0.00000
   -13.14306     0.00000     0.00000     0.00000     0.00000     0.00000     0.00000     0.00000     0.00000     0.00000     0.00000
   -13.04606     0.00000     0.00000     0.00000     0.00000     0.00000     0.00000     0.00000     0.00000     0.00000     0.00000
   -12.95006     0.00000     0.00000     0.00000     0.00000     0.00000     0.00000     0.00000     0.00000     0.00000     0.00000
   -12.85406     0.00000     0.00000     0.00000     0.00000     0.00000     0.00000     0.00000     0.00000     0.00000     0.00000
   -12.75806     0.00000     0.00000     0.00000     0.00000     0.00000     0.00000     0.00000     0.00000     0.00000     0.00000
   -12.66106     0.00000     0.00000     0.00000     0.00000     0.00000     0.00000     0.00000     0.00000     0.00000     0.00000
   -12.56506     0.00000     0.00000     0.00000     0.00000     0.00000     0.00000     0.00000     0.00000     0.00000     0.00000
   -12.46906     0.00000     0.00000     0.00000     0.00000     0.00000     0.00000     0.00000     0.00000     0.00000     0.00000
   -12.37206     0.00000     0.00000     0.00000     0.00000     0.00000     0.00000     0.00000     0.00000     0.00000     0.00000
   -12.27606     0.00000     0.00000     0.00000     0.00000     0.00000     0.00000     0.00000     0.00000     0.00000     0.00000
   -12.18006     0.00000     0.00000     0.00000     0.00000     0.00000     0.00000     0.00000     0.00000     0.00000     0.00000
   -12.08406     0.00000     0.00000     0.00000     0.00000     0.00000     0.00000     0.00000     0.00000     0.00000     0.00000
   -11.98706     0.00000     0.00000     0.00000     0.00000     0.00000     0.00000     0.00000     0.00000     0.00000     0.00000
   -11.89106     0.00000     0.00000     0.00000     0.00000     0.00000     0.00000     0.00000     0.00000     0.00000     0.00000
   -11.79506     0.00000     0.00000     0.00000     0.00000     0.00000     0.00000     0.00000     0.00000     0.00000     0.00000
   -11.69806     0.00000     0.00000     0.00000     0.00000     0.00000     0.00000     0.00000     0.00000     0.00000     0.00000
   -11.60206     0.00000     0.00000     0.00000     0.00000     0.00000     0.00000     0.00000     0.00000     0.00000     0.00000
   -11.50606     0.00000     0.00000     0.00000     0.00000     0.00000     0.00000     0.00000     0.00000     0.00000     0.00000
   -11.41006     0.00000     0.00000     0.00000     0.00000     0.00000     0.00000     0.00000     0.00000     0.00000     0.00000
   -11.31306     0.00000     0.00000     0.00000     0.00000     0.00000     0.00000     0.00000     0.00000     0.00000     0.00000
   -11.21706     0.00000     0.00000     0.00000     0.00000     0.00000     0.00000     0.00000     0.00000     0.00000     0.00000
   -11.12106     0.00000     0.00000     0.00000     0.00000     0.00000     0.00000     0.00000     0.00000     0.00000     0.00000
   -11.02506     0.00000     0.00000     0.00000     0.00000     0.00000     0.00000     0.00000     0.00000     0.00000     0.00000
   -10.92806     0.00000     0.00000     0.00000     0.00000     0.00000     0.00000     0.00000     0.00000     0.00000     0.00000
   -10.83206     0.00000     0.00000     0.00000     0.00000     0.00000     0.00000     0.00000     0.00000     0.00000     0.00000
   -10.73606     0.00000     0.00000     0.00000     0.00000     0.00000     0.00000     0.00000     0.00000     0.00000     0.00000
   -10.63906     0.00000     0.00000     0.00000     0.00000     0.00000     0.00000     0.00000     0.00000     0.00000     0.00000
   -10.54306     0.00000     0.00000     0.00000     0.00000     0.00000     0.00000     0.00000     0.00000     0.00000     0.00000
   -10.44706     0.00000     0.00000     0.00000     0.00000     0.00000     0.00000     0.00000     0.00000     0.00000     0.00000
   -10.35106     0.00000     0.00000     0.00000     0.00000     0.00000     0.00000     0.00000     0.00000     0.00000     0.00000
   -10.25406     0.00000     0.00000     0.00000     0.00000     0.00000     0.00000     0.00000     0.00000     0.00000     0.00000
   -10.15806     0.00000     0.00000     0.00000     0.00000     0.00000     0.00000     0.00000     0.00000     0.00000     0.00000
   -10.06206     0.00000     0.00000     0.00000     0.00000     0.00000     0.00000     0.00000     0.00000     0.00000     0.00000
    -9.96506     0.00000     0.00000     0.00000     0.00000     0.00000     0.00000     0.00000     0.00000     0.00000     0.00000
    -9.86906     0.00000     0.00000     0.00000     0.00000     0.00000     0.00000     0.00000     0.00000     0.00000     0.00000
    -9.77306     0.00000     0.00000     0.00000     0.00000     0.00000     0.00000     0.00000     0.00000     0.00000     0.00000
    -9.67706     0.00000     0.00000     0.00000     0.00000     0.00000     0.00000     0.00000     0.00000     0.00000     0.00000
    -9.58006     0.00000     0.00000     0.00000     0.00000     0.00000     0.00000     0.00000     0.00000     0.00000     0.00000
    -9.48406     0.00000     0.00000     0.00000     0.00000     0.00000     0.00000     0.00000     0.00000     0.00000     0.00000
    -9.38806     0.00000     0.00000     0.00000     0.00000     0.00000     0.00000     0.00000     0.00000     0.00000     0.00000
    -9.29106     0.00000     0.00000     0.00000     0.00000     0.00000     0.00000     0.00000     0.00000     0.00000     0.00000
    -9.19506     0.00000     0.00000     0.00000     0.00000     0.00000     0.00000     0.00000     0.00000     0.00000     0.00000
    -9.09906     0.00000     0.00000     0.00000     0.00000     0.00000     0.00000     0.00000     0.00000     0.00000     0.00000
    -9.00306     0.00000     0.00000     0.00000     0.00000     0.00000     0.00000     0.00000     0.00000     0.00000     0.00000
    -8.90606     0.00000     0.00000     0.00000     0.00000     0.00000     0.00000     0.00000     0.00000     0.00000     0.00000
    -8.81006     0.00000     0.00000     0.00000     0.00000     0.00000     0.00000     0.00000     0.00000     0.00000     0.00000
    -8.71406     0.00000     0.00000     0.00000     0.00000     0.00000     0.00000     0.00000     0.00000     0.00000     0.00000
    -8.61706     0.00000     0.00000     0.00000     0.00000     0.00000     0.00000     0.00000     0.00000     0.00000     0.00000
    -8.52106     0.00000     0.00000     0.00000     0.00000     0.00000     0.00000     0.00000     0.00000     0.00000     0.00000
    -8.42506     0.00000     0.00000     0.00000     0.00000     0.00000     0.00000     0.00000     0.00000     0.00000     0.00000
    -8.32906     0.00000     0.00000     0.00000     0.00000     0.00000     0.00000     0.00000     0.00000     0.00000     0.00000
    -8.23206     0.00000     0.00000     0.00000     0.00000     0.00000     0.00000     0.00000     0.00000     0.00000     0.00000
    -8.13606     0.00000     0.00000     0.00000     0.00000     0.00000     0.00000     0.00000     0.00000     0.00000     0.00000
    -8.04006     0.00000     0.00000     0.00000     0.00000     0.00000     0.00000     0.00000     0.00000     0.00000     0.00000
    -7.94306     0.00000     0.00000     0.00000     0.00000     0.00000     0.00000     0.00000     0.00000     0.00000     0.00000
    -7.84706     0.00000     0.00000     0.00000     0.00000     0.00000     0.00000     0.00000     0.00000     0.00000     0.00000
    -7.75106     0.00000     0.00000     0.00000     0.00000     0.00000     0.00000     0.00000     0.00000     0.00000     0.00000
    -7.65506     0.00000     0.00000     0.00000     0.00000     0.00000     0.00000     0.00000     0.00000     0.00000     0.00000
    -7.55806     0.00000     0.00000     0.00000     0.00000     0.00000     0.00000     0.00000     0.00000     0.00000     0.00000
    -7.46206     0.00000     0.00000     0.00000     0.00000     0.00000     0.00000     0.00000     0.00000     0.00000     0.00000
    -7.36606     0.00000     0.00000     0.00000     0.00000     0.00000     0.00000     0.00000     0.00000     0.00000     0.00000
    -7.26906     0.00000     0.00000     0.00000     0.00000     0.00000     0.00000     0.00000     0.00000     0.00000     0.00000
    -7.17306     0.00000     0.00000     0.00000     0.00000     0.00000     0.00000     0.00000     0.00000     0.00000     0.00000
    -7.07706     0.00000     0.00000     0.00000     0.00000     0.00000     0.00000     0.00000     0.00000     0.00000     0.00000
    -6.98106     0.00000     0.00000     0.00000     0.00000     0.00000     0.00000     0.00000     0.00000     0.00000     0.00000
    -6.88406     0.00000     0.00000     0.00000     0.00000     0.00000     0.00000     0.00000     0.00000     0.00000     0.00000
    -6.78806     0.00000     0.00000     0.00000     0.00000     0.00000     0.00000     0.00000     0.00000     0.00000     0.00000
    -6.69206     0.00000     0.00000     0.00000     0.00000     0.00000     0.00000     0.00000     0.00000     0.00000     0.00000
    -6.59506     0.00000     0.00000     0.00000     0.00000     0.00000     0.00000     0.00000     0.00000     0.00000     0.00000
    -6.49906     0.00000     0.00000     0.00000     0.00000     0.00000     0.00000     0.00000     0.00000     0.00000     0.00000
    -6.40306     0.00000     0.00000     0.00000     0.00000     0.00000     0.00000     0.00000     0.00000     0.00000     0.00000
    -6.30706     0.00000     0.00000     0.00000     0.00000     0.00000     0.00000     0.00000     0.00000     0.00000     0.00000
    -6.21006     0.00000     0.00000     0.00000     0.00000     0.00000     0.00000     0.00000     0.00000     0.00000     0.00000
    -6.11406     0.00000     0.00000     0.00000     0.00000     0.00000     0.00000     0.00000     0.00000     0.00000     0.00000
    -6.01806     0.00000     0.00000     0.00000     0.00000     0.00000     0.00000     0.00000     0.00000     0.00000     0.00000
    -5.92106     0.00000     0.00000     0.00000     0.00000     0.00000     0.00000     0.00000     0.00000     0.00000     0.00000
    -5.82506     0.00000     0.00000     0.00000     0.00000     0.00000     0.00000     0.00000     0.00000     0.00000     0.00000
    -5.72906     0.00000     0.00000     0.00000     0.00000     0.00000     0.00000     0.00000     0.00000     0.00000     0.00000
    -5.63306     0.00000     0.00000     0.00000     0.00000     0.00000     0.00000     0.00000     0.00000     0.00000     0.00000
    -5.53606     0.00000     0.00000     0.00000     0.00000     0.00000     0.00000     0.00000     0.00000     0.00000     0.00000
    -5.44006     0.00000     0.00000     0.00000     0.00000     0.00000     0.00000     0.00000     0.00000     0.00000     0.00000
    -5.34406     0.00000     0.00000     0.00000     0.00000     0.00000     0.00000     0.00000     0.00000     0.00000     0.00000
    -5.24706     0.00000     0.00000     0.00000     0.00000     0.00000     0.00000     0.00000     0.00000     0.00000     0.00000
    -5.15106     0.00000     0.00000     0.00000     0.00000     0.00000     0.00000     0.00000     0.00000     0.00000     0.00000
    -5.05506     0.00000     0.00000     0.00000     0.00000     0.00000     0.00000     0.00000     0.00000     0.00000     0.00000
    -4.95906     0.00000     0.00000     0.00000     0.00000     0.00000     0.00000     0.00000     0.00000     0.00000     0.00000
    -4.86206     0.00000     0.00000     0.00000     0.00000     0.00000     0.00000     0.00000     0.00000     0.00000     0.00000
    -4.76606     0.00000     0.00000     0.00000     0.00000     0.00000     0.00000     0.00000     0.00000     0.00000     0.00000
    -4.67006     0.00000     0.00000     0.00000     0.00000     0.00000     0.00000     0.00000     0.00000     0.00000     0.00000
    -4.57306     0.00000     0.00000     0.00000     0.00000     0.00000     0.00000     0.00000     0.00000     0.00000     0.00000
    -4.47706     0.20884     2.47579     2.22085     2.35402     0.00447     0.00516     0.03188     0.00452     0.03257     7.33809
    -4.38106     0.08617     0.60925     0.54945     0.57812     0.00203     0.00196     0.00586     0.00198     0.00543     1.84024
    -4.28506     0.06494     0.35824     0.33862     0.34925     0.00126     0.00130     0.00339     0.00126     0.00325     1.12151
    -4.18806     0.44089     2.07929     2.25141     2.19780     0.01587     0.01575     0.01404     0.01615     0.01308     7.04428
    -4.09206     0.43989     1.66595     1.84032     1.75341     0.01003     0.01051     0.01398     0.01052     0.01285     5.75746
    -3.99606     0.02682     0.44569     0.46091     0.44834     0.00763     0.00742     0.00165     0.00758     0.00103     1.40707
    -3.89906     0.15029     2.10396     1.70665     2.16168     0.03872     0.02473     0.00570     0.02568     0.00568     6.22309
    -3.80306     0.02031     1.30189     1.18478     1.25380     0.01723     0.01653     0.00267     0.01673     0.00207     3.81602
    -3.70706     0.08492     2.15529     2.02933     2.10827     0.02165     0.02154     0.00618     0.02185     0.00551     6.45454
    -3.61106     0.17261     4.09684     4.05504     4.00014     0.03289     0.03383     0.01379     0.03445     0.01321    12.45281
    -3.51406     0.12666     3.71211     2.43691     3.72827     0.04595     0.02740     0.01352     0.02758     0.01250    10.13089
    -3.41806     0.00049     0.03757     0.02310     0.03690     0.00007     0.00009     0.00024     0.00010     0.00032     0.09889
    -3.32206     0.01537     1.24650     1.21186     1.19259     0.00340     0.00365     0.01069     0.00385     0.00986     3.69777
    -3.22506     0.02178     1.96731     1.68674     1.90291     0.00619     0.00700     0.01665     0.00728     0.01663     5.63249
    -3.12906     0.05258     1.25295     1.15527     1.21894     0.00473     0.00489     0.01327     0.00490     0.01319     3.72071
    -3.03306     0.14869     5.72574     5.25747     5.50086     0.02308     0.02141     0.05013     0.01988     0.05254    16.79981
    -2.93706     0.05800     1.30898     1.11217     1.28575     0.00472     0.00452     0.01749     0.00419     0.02016     3.81599
    -2.84006     0.08163     2.07925     2.20136     1.99695     0.01119     0.00742     0.03637     0.00700     0.03223     6.45341
    -2.74406     0.12829     2.52883     2.15883     2.43085     0.01287     0.01385     0.03484     0.01339     0.03867     7.36042
    -2.64806     0.05407     1.05220     1.06608     1.01632     0.00781     0.00867     0.01601     0.00826     0.01473     3.24415
    -2.55106     0.13303     2.71304     2.72910     2.69482     0.02776     0.02499     0.03302     0.02313     0.03172     8.41061
    -2.45506     0.50250     5.88434    10.75789     6.61364     0.03316     0.03159     0.06023     0.03080     0.05718    23.97134
    -2.35906     0.32118     3.55562     3.61709     3.65136     0.02730     0.02797     0.02911     0.02641     0.03902    11.29507
    -2.26306     0.01317     0.19419     0.05788     0.19771     0.00085     0.00038     0.00062     0.00048     0.00073     0.46601
    -2.16606     0.07540     1.32097     1.28497     1.37609     0.00449     0.00449     0.00678     0.00425     0.00737     4.08481
    -2.07006     0.08997     1.83559     1.88750     1.90341     0.00544     0.00558     0.01062     0.00541     0.01039     5.75391
    -1.97406     0.17657     3.77746     4.66042     3.91877     0.01767     0.02114     0.02291     0.02122     0.02539    12.64156
    -1.87706     0.14915     4.66356     4.87390     4.78027     0.01395     0.01367     0.02672     0.01248     0.02958    14.56327
    -1.78106     0.01832     0.99036     1.26371     1.02944     0.00186     0.00207     0.00481     0.00193     0.00442     3.31691
    -1.68506     0.04103     3.05486     3.15656     3.09812     0.00468     0.00434     0.01307     0.00407     0.01243     9.38916
    -1.58906     0.05893     4.37314     5.61940     4.50672     0.00633     0.00725     0.01540     0.00675     0.01485    14.60877
    -1.49206     0.04026     3.62233     3.82024     3.71523     0.00425     0.00411     0.01272     0.00380     0.01269    11.23563
    -1.39606     0.01907     2.62392     4.08340     2.72117     0.00255     0.00335     0.01423     0.00294     0.01276     9.48339
    -1.30006     0.04815     4.45510     4.34990     4.46580     0.00538     0.00579     0.01008     0.00577     0.01016    13.35613
    -1.20306     0.01223     1.83957     1.03593     1.89225     0.00190     0.00132     0.00285     0.00137     0.00412     4.79153
    -1.10706     0.05702     2.80936     3.00940     2.97047     0.00217     0.00219     0.00523     0.00224     0.00514     8.86320
    -1.01106     0.05309     2.75757     2.93715     2.84987     0.00246     0.00280     0.00448     0.00282     0.00471     8.61495
    -0.91506     0.03303     2.15297     2.12649     2.20363     0.00211     0.00219     0.00334     0.00224     0.00338     6.52938
    -0.81806     0.05345     5.14908     3.88315     5.08751     0.00401     0.00415     0.00802     0.00386     0.00717    14.20040
    -0.72206     0.05209     7.71388    10.97569     7.42747     0.00358     0.00505     0.02859     0.00401     0.02577    26.23613
    -0.62606     0.03360     3.05994     3.07636     3.04978     0.00143     0.00149     0.00393     0.00136     0.00384     9.23173
    -0.53006     0.04537     6.19228     3.63416     6.03317     0.00131     0.00189     0.00542     0.00172     0.00702    15.92235
    -0.43306     0.01120     9.81710     7.52190     9.49330     0.00148     0.00181     0.01150     0.00157     0.01444    26.87430
    -0.33706     0.00000     0.00000     0.00000     0.00000     0.00000     0.00000     0.00000     0.00000     0.00000     0.00000
    -0.24106     0.00000     0.00000     0.00000     0.00000     0.00000     0.00000     0.00000     0.00000     0.00000     0.00000
    -0.14406     0.00000     0.00000     0.00000     0.00000     0.00000     0.00000     0.00000     0.00000     0.00000     0.00000
    -0.04806     0.00000     0.00000     0.00000     0.00000     0.00000     0.00000     0.00000     0.00000     0.00000     0.00000
     0.04794     0.00000     0.00000     0.00000     0.00000     0.00000     0.00000     0.00000     0.00000     0.00000     0.00000
     0.14394     0.00000     0.00000     0.00000     0.00000     0.00000     0.00000     0.00000     0.00000     0.00000     0.00000
     0.24094     0.00000     0.00000     0.00000     0.00000     0.00000     0.00000     0.00000     0.00000     0.00000     0.00000
     0.33694     0.00000     0.00000     0.00000     0.00000     0.00000     0.00000     0.00000     0.00000     0.00000     0.00000
     0.43294     0.00000     0.00000     0.00000     0.00000     0.00000     0.00000     0.00000     0.00000     0.00000     0.00000
     0.52994     0.00000     0.00000     0.00000     0.00000     0.00000     0.00000     0.00000     0.00000     0.00000     0.00000
     0.62594     0.00000     0.00000     0.00000     0.00000     0.00000     0.00000     0.00000     0.00000     0.00000     0.00000
     0.72194     0.00000     0.00000     0.00000     0.00000     0.00000     0.00000     0.00000     0.00000     0.00000     0.00000
     0.81794     0.00000     0.00000     0.00000     0.00000     0.00000     0.00000     0.00000     0.00000     0.00000     0.00000
     0.91494     0.00000     0.00000     0.00000     0.00000     0.00000     0.00000     0.00000     0.00000     0.00000     0.00000
     1.01094     0.00000     0.00000     0.00000     0.00000     0.00000     0.00000     0.00000     0.00000     0.00000     0.00000
     1.10694     0.00000     0.00000     0.00000     0.00000     0.00000     0.00000     0.00000     0.00000     0.00000     0.00000
     1.20394     0.00000     0.00000     0.00000     0.00000     0.00000     0.00000     0.00000     0.00000     0.00000     0.00000
     1.29994     0.00000     0.00000     0.00000     0.00000     0.00000     0.00000     0.00000     0.00000     0.00000     0.00000
     1.39594     0.00000     0.00000     0.00000     0.00000     0.00000     0.00000     0.00000     0.00000     0.00000     0.00000
     1.49194     1.47217    10.88843     9.07466    11.14331     0.02369     0.02656     0.42100     0.01704     0.42152    33.48839
     1.58894     0.89867     8.50455     8.04813     8.48729     0.02779     0.03022     0.31609     0.02329     0.31125    26.64728
     1.68494     0.14730     3.04007     2.66718     2.91060     0.00438     0.00606     0.12317     0.00374     0.12593     9.02844
     1.78094     0.09623     4.43895     3.92378     4.26539     0.00248     0.00511     0.16332     0.00202     0.16948    13.06677
     1.87794     0.00000     0.00000     0.00000     0.00000     0.00000     0.00000     0.00000     0.00000     0.00000     0.00000
     1.97394     0.00000     0.00000     0.00000     0.00000     0.00000     0.00000     0.00000     0.00000     0.00000     0.00000
     2.06994     0.00000     0.00000     0.00000     0.00000     0.00000     0.00000     0.00000     0.00000     0.00000     0.00000
     2.16594     0.00000     0.00000     0.00000     0.00000     0.00000     0.00000     0.00000     0.00000     0.00000     0.00000
     2.26294     0.00000     0.00000     0.00000     0.00000     0.00000     0.00000     0.00000     0.00000     0.00000     0.00000
     2.35894     0.00000     0.00000     0.00000     0.00000     0.00000     0.00000     0.00000     0.00000     0.00000     0.00000
     2.45494     0.00000     0.00000     0.00000     0.00000     0.00000     0.00000     0.00000     0.00000     0.00000     0.00000
     2.55194     0.00000     0.00000     0.00000     0.00000     0.00000     0.00000     0.00000     0.00000     0.00000     0.00000
     2.64794     0.00000     0.00000     0.00000     0.00000     0.00000     0.00000     0.00000     0.00000     0.00000     0.00000
     2.74394     0.00000     0.00000     0.00000     0.00000     0.00000     0.00000     0.00000     0.00000     0.00000     0.00000
     2.83994     0.00000     0.00000     0.00000     0.00000     0.00000     0.00000     0.00000     0.00000     0.00000     0.00000
     2.93694     0.00000     0.00000     0.00000     0.00000     0.00000     0.00000     0.00000     0.00000     0.00000     0.00000
     3.03294     0.00000     0.00000     0.00000     0.00000     0.00000     0.00000     0.00000     0.00000     0.00000     0.00000
     3.12894     0.00000     0.00000     0.00000     0.00000     0.00000     0.00000     0.00000     0.00000     0.00000     0.00000
     3.22594     0.00000     0.00000     0.00000     0.00000     0.00000     0.00000     0.00000     0.00000     0.00000     0.00000
     3.32194     0.00000     0.00000     0.00000     0.00000     0.00000     0.00000     0.00000     0.00000     0.00000     0.00000
     3.41794     0.00000     0.00000     0.00000     0.00000     0.00000     0.00000     0.00000     0.00000     0.00000     0.00000
     3.51394     0.00000     0.00000     0.00000     0.00000     0.00000     0.00000     0.00000     0.00000     0.00000     0.00000
     3.61094     0.00000     0.00000     0.00000     0.00000     0.00000     0.00000     0.00000     0.00000     0.00000     0.00000
     3.70694     0.00000     0.00000     0.00000     0.00000     0.00000     0.00000     0.00000     0.00000     0.00000     0.00000
     3.80294     0.00000     0.00000     0.00000     0.00000     0.00000     0.00000     0.00000     0.00000     0.00000     0.00000
     3.89994     0.00000     0.00000     0.00000     0.00000     0.00000     0.00000     0.00000     0.00000     0.00000     0.00000
     3.99594     0.00000     0.00000     0.00000     0.00000     0.00000     0.00000     0.00000     0.00000     0.00000     0.00000
     4.09194     0.00000     0.00000     0.00000     0.00000     0.00000     0.00000     0.00000     0.00000     0.00000     0.00000
     4.18794     0.00000     0.00000     0.00000     0.00000     0.00000     0.00000     0.00000     0.00000     0.00000     0.00000
     4.28494     0.00000     0.00000     0.00000     0.00000     0.00000     0.00000     0.00000     0.00000     0.00000     0.00000
     4.38094     0.00000     0.00000     0.00000     0.00000     0.00000     0.00000     0.00000     0.00000     0.00000     0.00000
     4.47694     0.00000     0.00000     0.00000     0.00000     0.00000     0.00000     0.00000     0.00000     0.00000     0.00000
     4.57394     0.00000     0.00000     0.00000     0.00000     0.00000     0.00000     0.00000     0.00000     0.00000     0.00000
     4.66994     0.00000     0.00000     0.00000     0.00000     0.00000     0.00000     0.00000     0.00000     0.00000     0.00000
     4.76594     0.00000     0.00000     0.00000     0.00000     0.00000     0.00000     0.00000     0.00000     0.00000     0.00000
     4.86194     0.00000     0.00000     0.00000     0.00000     0.00000     0.00000     0.00000     0.00000     0.00000     0.00000
     4.95894     0.00000     0.00000     0.00000     0.00000     0.00000     0.00000     0.00000     0.00000     0.00000     0.00000
     5.05494     0.00000     0.00000     0.00000     0.00000     0.00000     0.00000     0.00000     0.00000     0.00000     0.00000
     5.15094     0.13669     0.00933     0.00842     0.00927     0.00011     0.00008     0.00094     0.00007     0.00098     0.16589
     5.24794     0.13549     0.01346     0.01203     0.01309     0.00017     0.00015     0.00107     0.00015     0.00115     0.17675
     5.34394     0.13196     0.01758     0.01560     0.01692     0.00028     0.00027     0.00122     0.00028     0.00133     0.18544
     5.43994     0.13437     0.02131     0.01884     0.02041     0.00043     0.00042     0.00142     0.00044     0.00155     0.19920
     5.53594     0.17650     0.03391     0.03011     0.03234     0.00085     0.00087     0.00220     0.00091     0.00242     0.28011
     5.63294     0.05838     0.01313     0.01052     0.01256     0.00048     0.00041     0.00085     0.00044     0.00098     0.09776
     5.72894     0.09059     0.02305     0.01965     0.02198     0.00106     0.00102     0.00188     0.00108     0.00201     0.16231
     5.82494     0.15986     0.05572     0.06055     0.05822     0.00189     0.00189     0.00373     0.00197     0.00375     0.34760
     5.92194     0.08678     0.02983     0.03027     0.03009     0.00174     0.00167     0.00316     0.00174     0.00301     0.18828
     6.01794     0.19294     0.07891     0.08123     0.07990     0.00420     0.00426     0.01252     0.00431     0.01119     0.46945
     6.11394     0.23134     0.10874     0.11116     0.10891     0.00794     0.00810     0.05296     0.00746     0.04698     0.68360
     6.20994     0.35973     0.39086     0.35908     0.38755     0.01609     0.02862     0.52110     0.01757     0.61571     2.69631
     6.30694     0.25669     0.27392     0.31345     0.27048     0.02635     0.02806     0.48221     0.01983     0.36502     2.03600
     6.40294     0.61786     0.58633     0.60004     0.58215     0.06162     0.06623     0.72555     0.05254     0.68921     3.98154
     6.49894     0.37215     0.45268     0.42977     0.44413     0.05392     0.06086     0.53790     0.05023     0.49388     2.89552
     6.59594     0.40196     0.33752     0.30965     0.33204     0.07711     0.08240     0.31786     0.08003     0.31911     2.25767
     6.69194     0.51902     0.21481     0.20347     0.22115     0.06960     0.06919     0.07360     0.07256     0.09315     1.53656
     6.78794     0.64369     0.29952     0.35107     0.30454     0.09747     0.10180     0.20688     0.09935     0.21357     2.31788
     6.88394     0.47686     0.19385     0.19406     0.19800     0.12302     0.12296     0.13009     0.12349     0.13914     1.70149
     6.98094     0.76986     0.36379     0.40938     0.37124     0.23588     0.22911     0.21095     0.22987     0.22199     3.04207
     7.07694     1.07181     0.54828     0.56872     0.56024     0.36070     0.32984     0.26139     0.31060     0.30199     4.31357
     7.17294     0.37531     0.27859     0.27964     0.28205     0.11804     0.12970     0.16519     0.12881     0.14530     1.90264
     7.26994     0.62141     0.27474     0.28174     0.28193     0.24017     0.21953     0.17160     0.21973     0.15028     2.46115
     7.36594     0.17130     0.07230     0.07521     0.07311     0.07493     0.06593     0.04855     0.06886     0.04731     0.69749
     7.46194     0.65719     0.34657     0.36262     0.35091     0.33505     0.29504     0.28884     0.30485     0.24917     3.19025
     7.55794     0.47537     0.22786     0.23825     0.23924     0.20427     0.23314     0.18332     0.22565     0.18490     2.21200
     7.65494     0.39809     0.19796     0.19842     0.20060     0.16912     0.16814     0.15542     0.16882     0.16519     1.82176
     7.75094     0.33701     0.16172     0.15551     0.16165     0.17380     0.14565     0.14254     0.14540     0.13760     1.56089
     7.84694     0.56720     0.31466     0.30957     0.31778     0.31224     0.29953     0.28230     0.30351     0.28833     2.99511
     7.94394     0.70070     0.37336     0.36949     0.38624     0.35758     0.36848     0.39698     0.37132     0.37684     3.70101
     8.03994     0.48380     0.30441     0.32356     0.30769     0.32211     0.30764     0.22865     0.30825     0.23692     2.82303
     8.13594     0.38452     0.23057     0.26232     0.23029     0.33548     0.29841     0.24581     0.28921     0.21087     2.48748
     8.23194     0.55086     0.35564     0.38310     0.36379     0.37029     0.43895     0.27403     0.43575     0.27744     3.44985
     8.32894     0.53101     0.37730     0.38069     0.38235     0.39199     0.40796     0.34155     0.40079     0.32034     3.53397
     8.42494     0.38755     0.37138     0.35639     0.38077     0.40536     0.42805     0.29808     0.42366     0.31783     3.36907
     8.52094     0.18656     0.20972     0.22716     0.21320     0.25899     0.26623     0.16715     0.26495     0.17561     1.96957
     8.61794     0.12550     0.19422     0.17031     0.19687     0.30064     0.23656     0.14817     0.22936     0.15234     1.75397
     8.71394     0.22621     0.44313     0.45993     0.44032     0.64665     0.66655     0.37118     0.64788     0.31736     4.21921
     8.80994     0.17182     0.29864     0.35027     0.31440     0.38944     0.34375     0.29745     0.35345     0.24032     2.75954
     8.90594     0.14245     0.34658     0.35408     0.38398     0.37213     0.41848     0.35096     0.40936     0.30933     3.08735
     9.00294     0.11839     0.36915     0.37669     0.36323     0.42144     0.38351     0.33538     0.36950     0.31974     3.05703
     9.09894     0.12488     0.35128     0.32889     0.35733     0.36001     0.35578     0.27026     0.36497     0.30513     2.81854
     9.19494     0.10140     0.32217     0.29342     0.31526     0.34391     0.36518     0.37493     0.35959     0.36253     2.83839
     9.29094     0.10626     0.37312     0.35401     0.37322     0.43267     0.46889     0.35407     0.46461     0.42998     3.35682
     9.38794     0.16018     0.50523     0.50355     0.50142     0.67435     0.64311     0.62464     0.63816     0.67015     4.92078
     9.48394     0.13776     0.38816     0.41865     0.38530     0.42673     0.46057     0.52035     0.45615     0.62776     3.82143
     9.57994     0.17079     0.58170     0.57582     0.59093     0.54350     0.63063     0.61307     0.62178     0.58511     4.91333
     9.67694     0.16089     0.57984     0.62470     0.58325     0.66447     0.55481     0.59029     0.54653     0.64824     4.95302
     9.77294     0.15847     0.64168     0.64873     0.62710     0.57778     0.55374     0.62395     0.54417     0.65395     5.02957
     9.86894     0.14815     0.52664     0.55190     0.51228     0.39413     0.47347     0.49800     0.47230     0.49540     4.07227
     9.96494     0.10407     0.46669     0.43967     0.46106     0.39244     0.38829     0.41537     0.37386     0.40713     3.44859
    10.06194     0.10928     0.45198     0.46373     0.44518     0.38234     0.40268     0.44440     0.40080     0.42484     3.52522
    10.15794     0.12351     0.54403     0.48115     0.52634     0.53812     0.54349     0.57581     0.52807     0.54795     4.40847
    10.25394     0.08792     0.41216     0.36827     0.42337     0.39639     0.38123     0.40333     0.37545     0.37449     3.22261
    10.35094     0.08127     0.39879     0.37783     0.38301     0.40610     0.38932     0.41267     0.39107     0.38534     3.22540
    10.44694     0.09645     0.53959     0.51190     0.53711     0.46468     0.54997     0.48008     0.56053     0.47342     4.21373
    10.54294     0.09893     0.60452     0.53334     0.59274     0.55682     0.55247     0.44415     0.57019     0.41327     4.36643
    10.63894     0.10795     0.59680     0.50597     0.59911     0.53028     0.48848     0.37959     0.50446     0.37225     4.08490
    10.73594     0.11996     0.62554     0.71724     0.60144     0.56064     0.60067     0.56302     0.60912     0.38667     4.78431
    10.83194     0.12054     0.77310     0.60484     0.77003     0.71707     0.71927     0.75959     0.72795     0.74310     5.93549
    10.92794     0.09837     0.63899     0.58281     0.61874     0.70259     0.66964     0.82400     0.67494     0.77524     5.58532
    11.02494     0.09448     0.67975     0.69810     0.66562     0.69681     0.74103     0.81130     0.78411     0.78766     5.95886
    11.12094     0.10160     0.75308     0.74204     0.72858     0.66225     0.65570     0.55129     0.65261     0.55086     5.39802
    11.21694     0.00000     0.00000     0.00000     0.00000     0.00000     0.00000     0.00000     0.00000     0.00000     0.00000
    11.31294     0.00000     0.00000     0.00000     0.00000     0.00000     0.00000     0.00000     0.00000     0.00000     0.00000
    11.40994     0.00000     0.00000     0.00000     0.00000     0.00000     0.00000     0.00000     0.00000     0.00000     0.00000
    11.50594     0.00000     0.00000     0.00000     0.00000     0.00000     0.00000     0.00000     0.00000     0.00000     0.00000
    11.60194     0.00000     0.00000     0.00000     0.00000     0.00000     0.00000     0.00000     0.00000     0.00000     0.00000
    11.69894     0.00000     0.00000     0.00000     0.00000     0.00000     0.00000     0.00000     0.00000     0.00000     0.00000
    11.79494     0.00000     0.00000     0.00000     0.00000     0.00000     0.00000     0.00000     0.00000     0.00000     0.00000
    11.89094     0.00000     0.00000     0.00000     0.00000     0.00000     0.00000     0.00000     0.00000     0.00000     0.00000
    11.98694     0.00000     0.00000     0.00000     0.00000     0.00000     0.00000     0.00000     0.00000     0.00000     0.00000
    12.08394     0.00000     0.00000     0.00000     0.00000     0.00000     0.00000     0.00000     0.00000     0.00000     0.00000
    12.17994     0.00000     0.00000     0.00000     0.00000     0.00000     0.00000     0.00000     0.00000     0.00000     0.00000
    12.27594     0.00000     0.00000     0.00000     0.00000     0.00000     0.00000     0.00000     0.00000     0.00000     0.00000
    12.37294     0.00000     0.00000     0.00000     0.00000     0.00000     0.00000     0.00000     0.00000     0.00000     0.00000
    12.46894     0.00000     0.00000     0.00000     0.00000     0.00000     0.00000     0.00000     0.00000     0.00000     0.00000
    12.56494     0.00000     0.00000     0.00000     0.00000     0.00000     0.00000     0.00000     0.00000     0.00000     0.00000
    12.66094     0.00000     0.00000     0.00000     0.00000     0.00000     0.00000     0.00000     0.00000     0.00000     0.00000
